1.126200e-03 1.122669e-03 1.112086e-03 1.094479e-03 1.069895e-03 1.038404e-03 1.000097e-03 9.550937e-04 9.035428e-04 8.456251e-04 7.815579e-04 7.115978e-04 6.360432e-04 5.552367e-04 4.695662e-04 3.794650e-04 2.854113e-04 1.879259e-04 8.756950e-05 1.506174e-05 1.193406e-04 2.246142e-04 3.302096e-04 4.354394e-04 5.396074e-04 6.420138e-04 7.419602e-04 8.387542e-04 9.317141e-04 1.020173e-03 1.103485e-03 1.181026e-03 1.252205e-03 1.316465e-03 1.373291e-03 1.422220e-03 1.462841e-03 1.494811e-03 1.517847e-03 1.531759e-03 1.536406e-03 
1.122574e-03 1.119054e-03 1.108502e-03 1.090947e-03 1.066435e-03 1.035037e-03 9.968437e-04 9.519743e-04 9.005770e-04 8.428325e-04 7.789575e-04 7.092078e-04 6.338813e-04 5.533195e-04 4.679092e-04 3.780825e-04 2.843160e-04 1.871291e-04 8.708039e-05 1.523562e-05 1.191937e-04 2.241431e-04 3.294130e-04 4.343181e-04 5.381643e-04 6.402540e-04 7.398908e-04 8.363846e-04 9.290555e-04 1.017239e-03 1.100290e-03 1.177589e-03 1.248544e-03 1.312601e-03 1.369248e-03 1.418022e-03 1.458513e-03 1.490381e-03 1.513344e-03 1.527211e-03 1.531844e-03 
1.111709e-03 1.108220e-03 1.097762e-03 1.080362e-03 1.056068e-03 1.024949e-03 9.870960e-04 9.426275e-04 8.916907e-04 8.344650e-04 7.711658e-04 7.020470e-04 6.274039e-04 5.475752e-04 4.629445e-04 3.739399e-04 2.810337e-04 1.847402e-04 8.561313e-05 1.575897e-05 1.187568e-04 2.227356e-04 3.270310e-04 4.309641e-04 5.338472e-04 6.349889e-04 7.336993e-04 8.292944e-04 9.211007e-04 1.008460e-03 1.090732e-03 1.167304e-03 1.237590e-03 1.301041e-03 1.357151e-03 1.405460e-03 1.445566e-03 1.477129e-03 1.499872e-03 1.513605e-03 1.518194e-03 
1.093642e-03 1.090205e-03 1.079902e-03 1.062761e-03 1.038830e-03 1.008175e-03 9.708888e-04 9.270874e-04 8.769166e-04 8.205542e-04 7.582126e-04 6.901426e-04 6.166356e-04 5.380256e-04 4.546903e-04 3.670515e-04 2.755743e-04 1.807649e-04 8.316805e-05 1.663692e-05 1.180406e-04 2.204085e-04 3.230867e-04 4.254068e-04 5.266918e-04 6.262609e-04 7.234346e-04 8.175393e-04 9.079118e-04 9.939034e-04 1.074885e-03 1.150253e-03 1.219430e-03 1.281878e-03 1.337097e-03 1.384637e-03 1.424103e-03 1.455162e-03 1.477541e-03 1.491054e-03 1.495569e-03 
1.068435e-03 1.065070e-03 1.054985e-03 1.038207e-03 1.014781e-03 9.847761e-04 9.482810e-04 9.054112e-04 8.563102e-04 8.011527e-04 7.401475e-04 6.735408e-04 6.016183e-04 5.247072e-04 4.431775e-04 3.574419e-04 2.679551e-04 1.752123e-04 7.974595e-05 1.787770e-05 1.170629e-04 2.171896e-04 3.176180e-04 4.176948e-04 5.167576e-04 6.141403e-04 7.091780e-04 8.012115e-04 8.895917e-04 9.736842e-04 1.052874e-03 1.126569e-03 1.194207e-03 1.255262e-03 1.309246e-03 1.355721e-03 1.394300e-03 1.424659e-03 1.446533e-03 1.459741e-03 1.464155e-03 
1.036178e-03 1.032906e-03 1.023100e-03 1.006786e-03 9.840097e-04 9.548371e-04 9.193564e-04 8.776806e-04 8.299501e-04 7.763355e-04 7.170411e-04 6.523067e-04 5.824108e-04 5.076719e-04 4.284497e-04 3.451454e-04 2.582006e-04 1.680960e-04 7.534847e-05 1.949228e-05 1.158481e-04 2.131168e-04 3.106774e-04 4.078951e-04 5.041265e-04 5.987241e-04 6.910416e-04 7.804382e-04 8.662829e-04 9.479591e-04 1.024869e-03 1.096438e-03 1.162121e-03 1.221406e-03 1.273821e-03 1.318943e-03 1.356395e-03 1.385866e-03 1.407100e-03 1.419921e-03 1.424205e-03 
9.969878e-04 9.938295e-04 9.843632e-04 9.686150e-04 9.466294e-04 9.184708e-04 8.842251e-04 8.440023e-04 7.979389e-04 7.462006e-04 6.889853e-04 6.265255e-04 5.590902e-04 4.869873e-04 4.105641e-04 3.302073e-04 2.463429e-04 1.594340e-04 6.997859e-05 2.149381e-05 1.144261e-04 2.082380e-04 3.023309e-04 3.960926e-04 4.889023e-04 5.801353e-04 6.691677e-04 7.553809e-04 8.381656e-04 9.169267e-04 9.910873e-04 1.060094e-03 1.123420e-03 1.180574e-03 1.231101e-03 1.274593e-03 1.310692e-03 1.339095e-03 1.359559e-03 1.371914e-03 1.376043e-03 
9.510122e-04 9.479873e-04 9.389212e-04 9.238390e-04 9.027838e-04 8.758180e-04 8.430246e-04 8.045097e-04 7.604049e-04 7.108699e-04 6.560947e-04 5.963027e-04 5.317520e-04 4.627375e-04 3.895915e-04 3.126843e-04 2.324228e-04 1.492498e-04 6.364124e-05 2.389693e-05 1.128322e-04 2.026098e-04 2.926571e-04 3.823883e-04 4.712090e-04 5.585210e-04 6.437266e-04 7.262327e-04 8.054557e-04 8.808253e-04 9.517889e-04 1.017816e-03 1.078405e-03 1.133084e-03 1.181419e-03 1.223022e-03 1.257549e-03 1.284715e-03 1.304286e-03 1.316102e-03 1.320051e-03 
8.984308e-04 8.955592e-04 8.869524e-04 8.726347e-04 8.526473e-04 8.270498e-04 7.959217e-04 7.593643e-04 7.175032e-04 6.704905e-04 6.185073e-04 5.617657e-04 5.005112e-04 4.350234e-04 3.656176e-04 2.926445e-04 2.164897e-04 1.375727e-04 5.634398e-05 2.671703e-05 1.111058e-04 1.962965e-04 2.817461e-04 3.668986e-04 4.511898e-04 5.340512e-04 6.149148e-04 6.932169e-04 7.684026e-04 8.399298e-04 9.072732e-04 9.699294e-04 1.027421e-03 1.079301e-03 1.125160e-03 1.164629e-03 1.197383e-03 1.223151e-03 1.241715e-03 1.252922e-03 1.256668e-03 
8.394577e-04 8.367587e-04 8.286692e-04 8.152122e-04 7.964267e-04 7.723688e-04 7.431137e-04 7.087568e-04 6.694165e-04 6.252359e-04 5.763854e-04 5.230643e-04 4.655030e-04 4.039641e-04 3.387430e-04 2.701688e-04 1.986029e-04 1.244384e-04 4.809782e-05 2.996934e-05 1.092896e-04 1.893693e-04 2.696982e-04 3.497536e-04 4.290047e-04 5.069162e-04 5.829531e-04 6.565842e-04 7.272863e-04 7.945486e-04 8.578761e-04 9.167946e-04 9.708546e-04 1.019636e-03 1.062754e-03 1.099861e-03 1.130654e-03 1.154878e-03 1.172329e-03 1.182864e-03 1.186385e-03 
7.743430e-04 7.718354e-04 7.643196e-04 7.518168e-04 7.343634e-04 7.120114e-04 6.848304e-04 6.529091e-04 6.163571e-04 5.753072e-04 5.299171e-04 4.803715e-04 4.268837e-04 3.696968e-04 3.090846e-04 2.453513e-04 1.788318e-04 1.098902e-04 3.891794e-05 3.366802e-05 1.074284e-04 1.819046e-04 2.566224e-04 3.310955e-04 4.048293e-04 4.773252e-04 5.480839e-04 6.166098e-04 6.824145e-04 7.450207e-04 8.039666e-04 8.588094e-04 9.091300e-04 9.545367e-04 9.946703e-04 1.029208e-03 1.057868e-03 1.080414e-03 1.096656e-03 1.106460e-03 1.109737e-03 
7.033747e-04 7.010767e-04 6.941889e-04 6.827307e-04 6.667348e-04 6.462486e-04 6.213351e-04 5.920749e-04 5.585675e-04 5.209335e-04 4.793164e-04 4.338842e-04 3.848310e-04 3.323782e-04 2.767752e-04 2.182995e-04 1.572566e-04 9.397898e-05 2.882454e-05 3.782525e-05 1.055680e-04 1.739830e-04 2.426349e-04 3.110764e-04 3.788525e-04 4.455034e-04 5.105688e-04 5.735911e-04 6.341191e-04 6.917120e-04 7.459428e-04 7.964025e-04 8.427038e-04 8.844853e-04 9.214156e-04 9.531971e-04 9.795698e-04 1.000316e-03 1.015262e-03 1.024283e-03 1.027299e-03 
6.268806e-04 6.248095e-04 6.186017e-04 6.082741e-04 5.938556e-04 5.753876e-04 5.529257e-04 5.265409e-04 4.963212e-04 4.623733e-04 4.248245e-04 3.838241e-04 3.395449e-04 2.921843e-04 2.419650e-04 1.891354e-04 1.339691e-04 7.676461e-05 1.784366e-05 4.245026e-05 1.037541e-04 1.656879e-04 2.278574e-04 2.898573e-04 3.512742e-04 4.116901e-04 4.706858e-04 5.278441e-04 5.827535e-04 6.350113e-04 6.842277e-04 7.300289e-04 7.720613e-04 8.099947e-04 8.435264e-04 8.723850e-04 8.963336e-04 9.151736e-04 9.287462e-04 9.369384e-04 9.396777e-04 
5.452284e-04 5.434006e-04 5.379220e-04 5.288065e-04 5.160783e-04 4.997723e-04 4.799353e-04 4.566274e-04 4.299233e-04 3.999144e-04 3.667096e-04 3.304375e-04 2.912475e-04 2.493107e-04 2.048211e-04 1.579953e-04 1.090729e-04 5.831601e-05 6.007841e-06 4.754840e-05 1.020314e-04 1.571041e-04 2.124159e-04 2.676054e-04 3.223034e-04 3.761357e-04 4.287264e-04 4.797007e-04 5.286885e-04 5.753272e-04 6.192656e-04 6.601666e-04 6.977112e-04 7.316016e-04 7.615648e-04 7.873560e-04 8.087615e-04 8.256025e-04 8.377357e-04 8.450594e-04 8.475085e-04 
4.588266e-04 4.572575e-04 4.525538e-04 4.447263e-04 4.337938e-04 4.197835e-04 4.027323e-04 3.826881e-04 3.597107e-04 3.338741e-04 3.052672e-04 2.739957e-04 2.401835e-04 2.039734e-04 1.655281e-04 1.250305e-04 8.268392e-05 3.871184e-05 6.643156e-06 5.312030e-05 1.004422e-04 1.483166e-04 1.964385e-04 2.444927e-04 2.921558e-04 3.390995e-04 3.849928e-04 4.295051e-04 4.723091e-04 5.130838e-04 5.515176e-04 5.873113e-04 6.201813e-04 6.498630e-04 6.761135e-04 6.987148e-04 7.174770e-04 7.322407e-04 7.428789e-04 7.493005e-04 7.514482e-04 
3.681240e-04 3.668276e-04 3.629409e-04 3.564710e-04 3.474306e-04 3.358385e-04 3.217203e-04 3.051101e-04 2.860514e-04 2.645989e-04 2.408196e-04 2.147946e-04 1.866199e-04 1.564078e-04 1.242878e-04 9.040705e-05 5.493048e-05 1.804086e-05 2.006181e-05 5.916109e-05 9.902527e-05 1.394088e-04 1.800542e-04 2.206938e-04 2.610519e-04 3.008472e-04 3.397952e-04 3.776109e-04 4.140109e-04 4.487167e-04 4.814574e-04 5.119723e-04 5.400138e-04 5.653506e-04 5.877702e-04 6.070819e-04 6.231192e-04 6.357425e-04 6.448403e-04 6.503329e-04 6.521700e-04 
2.736083e-04 2.725973e-04 2.695655e-04 2.645158e-04 2.574543e-04 2.483901e-04 2.373365e-04 2.243125e-04 2.093436e-04 1.924635e-04 1.737156e-04 1.531539e-04 1.308449e-04 1.068686e-04 8.131916e-05 5.430585e-05 2.595341e-05 3.597880e-06 3.419239e-05 6.565970e-05 9.781540e-05 1.304622e-04 1.633914e-04 1.963844e-04 2.292142e-04 2.616480e-04 2.934488e-04 3.243778e-04 3.541965e-04 3.826698e-04 4.095677e-04 4.346682e-04 4.577604e-04 4.786461e-04 4.971434e-04 5.130885e-04 5.263383e-04 5.367727e-04 5.442958e-04 5.488387e-04 5.503585e-04 
1.758048e-04 1.750904e-04 1.729466e-04 1.693721e-04 1.643653e-04 1.579249e-04 1.500509e-04 1.407455e-04 1.300147e-04 1.178698e-04 1.043284e-04 8.941613e-05 7.316790e-05 5.562928e-05 3.685744e-05 1.692204e-05 4.094161e-06 2.609496e-05 4.897068e-05 7.259833e-05 9.684216e-05 1.215544e-04 1.465762e-04 1.717390e-04 1.968657e-04 2.217726e-04 2.462708e-04 2.701684e-04 2.932725e-04 3.153910e-04 3.363355e-04 3.559229e-04 3.739783e-04 3.903370e-04 4.048470e-04 4.173714e-04 4.277901e-04 4.360021e-04 4.419268e-04 4.455060e-04 4.467036e-04 
7.527349e-05 7.486500e-05 7.363743e-05 7.158462e-05 6.869680e-05 6.496128e-05 6.036340e-05 5.488770e-05 4.851921e-05 4.124492e-05 3.305525e-05 2.394554e-05 1.391754e-05 2.980741e-06 8.846409e-06 2.153546e-05 3.504713e-05 4.933073e-05 6.432379e-05 7.995201e-05 9.612932e-05 1.127584e-04 1.297312e-04 1.469298e-04 1.642276e-04 1.814904e-04 1.985779e-04 2.153454e-04 2.316452e-04 2.473287e-04 2.622487e-04 2.762606e-04 2.892255e-04 3.010114e-04 3.114960e-04 3.205685e-04 3.281314e-04 3.341023e-04 3.384155e-04 3.410233e-04 3.418962e-04 
2.739408e-05 2.748898e-05 2.777752e-05 2.827111e-05 2.898827e-05 2.995387e-05 3.119822e-05 3.275577e-05 3.466381e-05 3.696095e-05 3.968552e-05 4.287400e-05 4.655938e-05 5.076976e-05 5.552683e-05 6.084476e-05 6.672901e-05 7.317557e-05 8.017027e-05 8.768835e-05 9.569428e-05 1.041418e-04 1.129742e-04 1.221247e-04 1.315174e-04 1.410677e-04 1.506839e-04 1.602682e-04 1.697182e-04 1.789284e-04 1.877920e-04 1.962027e-04 2.040565e-04 2.112539e-04 2.177013e-04 2.233134e-04 2.280145e-04 2.317405e-04 2.344398e-04 2.360749e-04 2.366227e-04 
1.315784e-04 1.313539e-04 1.306864e-04 1.295926e-04 1.281006e-04 1.262481e-04 1.240819e-04 1.216567e-04 1.190332e-04 1.162769e-04 1.134563e-04 1.106409e-04 1.078999e-04 1.053003e-04 1.029051e-04 1.007721e-04 9.895272e-05 9.749046e-05 9.642022e-05 9.576744e-05 9.554765e-05 9.576602e-05 9.641738e-05 9.748624e-05 9.894712e-05 1.007652e-04 1.028968e-04 1.052908e-04 1.078893e-04 1.106291e-04 1.134434e-04 1.162630e-04 1.190184e-04 1.216411e-04 1.240656e-04 1.262312e-04 1.280832e-04 1.295748e-04 1.306682e-04 1.313356e-04 1.315599e-04 
2.366362e-04 2.360886e-04 2.344538e-04 2.317545e-04 2.280285e-04 2.233271e-04 2.177147e-04 2.112668e-04 2.040689e-04 1.962143e-04 1.878028e-04 1.789383e-04 1.697272e-04 1.602761e-04 1.506906e-04 1.410732e-04 1.315216e-04 1.221276e-04 1.129757e-04 1.041419e-04 9.569299e-05 8.768562e-05 8.016610e-05 7.316995e-05 6.672195e-05 6.083628e-05 5.551696e-05 5.075852e-05 4.654682e-05 4.286014e-05 3.967044e-05 3.694469e-05 3.464644e-05 3.273734e-05 3.117882e-05 2.993357e-05 2.896713e-05 2.824924e-05 2.775496e-05 2.746588e-05 2.737043e-05 
3.419050e-04 3.410327e-04 3.384256e-04 3.341128e-04 3.281421e-04 3.205793e-04 3.115067e-04 3.010218e-04 2.892355e-04 2.762702e-04 2.622576e-04 2.473369e-04 2.316525e-04 2.153517e-04 1.985832e-04 1.814945e-04 1.642305e-04 1.469314e-04 1.297314e-04 1.127573e-04 9.612675e-05 7.994796e-05 6.431825e-05 4.932367e-05 3.503855e-05 2.152536e-05 8.834799e-06 2.993849e-06 1.393213e-05 2.396158e-05 3.307270e-05 4.126375e-05 4.853938e-05 5.490915e-05 6.038610e-05 6.498516e-05 6.872182e-05 7.161072e-05 7.366458e-05 7.489310e-05 7.530255e-05 
4.467080e-04 4.455114e-04 4.419333e-04 4.360093e-04 4.277979e-04 4.173795e-04 4.048553e-04 3.903452e-04 3.739863e-04 3.559306e-04 3.363427e-04 3.153976e-04 2.932783e-04 2.701734e-04 2.462748e-04 2.217754e-04 1.968674e-04 1.717394e-04 1.465753e-04 1.215520e-04 9.683832e-05 7.259296e-05 4.896374e-05 2.608643e-05 4.084010e-06 1.693382e-05 3.687087e-05 5.564435e-05 7.318461e-05 8.943447e-05 1.043484e-04 1.178914e-04 1.300379e-04 1.407701e-04 1.500770e-04 1.579526e-04 1.643944e-04 1.694026e-04 1.729785e-04 1.751237e-04 1.758395e-04 
5.503589e-04 5.488404e-04 5.442990e-04 5.367769e-04 5.263434e-04 5.130941e-04 4.971494e-04 4.786524e-04 4.577666e-04 4.346743e-04 4.095734e-04 3.826750e-04 3.542011e-04 3.243815e-04 2.934516e-04 2.616497e-04 2.292147e-04 1.963836e-04 1.633893e-04 1.304587e-04 9.781031e-05 6.565301e-05 3.418405e-05 3.587845e-06 2.596518e-05 5.431939e-05 8.133449e-05 1.068857e-04 1.308639e-04 1.531746e-04 1.737381e-04 1.924879e-04 2.093698e-04 2.243405e-04 2.373663e-04 2.484216e-04 2.574877e-04 2.645509e-04 2.696023e-04 2.726359e-04 2.736487e-04 
6.521668e-04 6.503312e-04 6.448406e-04 6.357440e-04 6.231219e-04 6.070854e-04 5.877744e-04 5.653551e-04 5.400185e-04 5.119769e-04 4.814618e-04 4.487207e-04 4.140143e-04 3.776135e-04 3.397970e-04 3.008479e-04 2.610514e-04 2.206920e-04 1.800511e-04 1.394041e-04 9.901896e-05 5.915310e-05 2.005206e-05 1.805242e-05 5.494392e-05 9.042239e-05 1.243051e-04 1.564271e-04 1.866412e-04 2.148179e-04 2.408450e-04 2.646263e-04 2.860808e-04 3.051415e-04 3.217538e-04 3.358741e-04 3.474683e-04 3.565108e-04 3.629828e-04 3.668717e-04 3.681702e-04 
7.514417e-04 7.492958e-04 7.428766e-04 7.322399e-04 7.174777e-04 6.987165e-04 6.761160e-04 6.498662e-04 6.201848e-04 5.873148e-04 5.515210e-04 5.130868e-04 4.723116e-04 4.295068e-04 3.849937e-04 3.390994e-04 2.921545e-04 2.444899e-04 1.964343e-04 1.483108e-04 1.004347e-04 5.311102e-05 6.632002e-06 3.872495e-05 8.269905e-05 1.250477e-04 1.655474e-04 2.039949e-04 2.402072e-04 2.740217e-04 3.052954e-04 3.339046e-04 3.597435e-04 3.827232e-04 4.027698e-04 4.198233e-04 4.338360e-04 4.447709e-04 4.526009e-04 4.573071e-04 4.588788e-04 
8.474993e-04 8.450520e-04 8.377313e-04 8.255997e-04 8.087606e-04 7.873563e-04 7.615661e-04 7.316036e-04 6.977137e-04 6.601693e-04 6.192682e-04 5.753295e-04 5.286903e-04 4.797018e-04 4.287265e-04 3.761348e-04 3.223012e-04 2.676018e-04 2.124108e-04 1.570973e-04 1.020228e-04 4.753786e-05 6.020398e-06 5.833067e-05 1.090898e-04 1.580144e-04 2.048425e-04 2.493345e-04 2.912737e-04 3.304662e-04 3.667407e-04 3.999481e-04 4.299596e-04 4.566662e-04 4.799767e-04 4.998164e-04 5.161251e-04 5.288560e-04 5.379743e-04 5.434559e-04 5.452866e-04 
9.396662e-04 9.369289e-04 9.287400e-04 9.151693e-04 8.963313e-04 8.723842e-04 8.435268e-04 8.099959e-04 7.720631e-04 7.300310e-04 6.842297e-04 6.350131e-04 5.827548e-04 5.278447e-04 4.706855e-04 4.116886e-04 3.512714e-04 2.898530e-04 2.278515e-04 1.656802e-04 1.037444e-04 4.243849e-05 1.785761e-05 7.678084e-05 1.339877e-04 1.891564e-04 2.419886e-04 2.922104e-04 3.395737e-04 3.838556e-04 4.248587e-04 4.624103e-04 4.963610e-04 5.265836e-04 5.529713e-04 5.754361e-04 5.939071e-04 6.083287e-04 6.186594e-04 6.248704e-04 6.269449e-04 
1.027286e-03 1.024272e-03 1.015254e-03 1.000311e-03 9.795667e-04 9.531955e-04 9.214154e-04 8.844861e-04 8.427052e-04 7.964042e-04 7.459445e-04 6.917135e-04 6.341201e-04 5.735914e-04 5.105682e-04 4.455015e-04 3.788492e-04 3.110715e-04 2.426282e-04 1.739744e-04 1.055572e-04 3.781229e-05 2.883986e-05 9.399677e-05 1.572770e-04 2.183225e-04 2.768010e-04 3.324068e-04 3.848625e-04 4.339186e-04 4.793538e-04 5.209739e-04 5.586110e-04 5.921215e-04 6.213849e-04 6.463016e-04 6.667911e-04 6.827904e-04 6.942521e-04 7.011434e-04 7.034451e-04 
1.109723e-03 1.106447e-03 1.096648e-03 1.080408e-03 1.057865e-03 1.029206e-03 9.946700e-04 9.545374e-04 9.091313e-04 8.588112e-04 8.039684e-04 7.450223e-04 6.824155e-04 6.166100e-04 5.480831e-04 4.773231e-04 4.048257e-04 3.310901e-04 2.566151e-04 1.818952e-04 1.074167e-04 3.365391e-05 3.893460e-05 1.099095e-04 1.788539e-04 2.453763e-04 3.091126e-04 3.697279e-04 4.269179e-04 4.804089e-04 5.299577e-04 5.753511e-04 6.164044e-04 6.529597e-04 6.848845e-04 7.120690e-04 7.344246e-04 7.518817e-04 7.643882e-04 7.719079e-04 7.744195e-04 
1.186370e-03 1.182850e-03 1.172321e-03 1.154872e-03 1.130650e-03 1.099859e-03 1.062754e-03 1.019637e-03 9.708564e-04 9.167967e-04 8.578783e-04 7.945505e-04 7.272876e-04 6.565846e-04 5.829524e-04 5.069141e-04 4.290009e-04 3.497479e-04 2.696904e-04 1.893592e-04 1.092771e-04 2.995413e-05 4.811581e-05 1.244593e-04 1.986269e-04 2.701959e-04 3.387733e-04 4.039977e-04 4.655400e-04 5.231048e-04 5.764294e-04 6.252834e-04 6.694676e-04 7.088116e-04 7.431722e-04 7.724311e-04 7.964928e-04 8.152823e-04 8.287434e-04 8.368370e-04 8.395403e-04 
1.256653e-03 1.252909e-03 1.241707e-03 1.223145e-03 1.197380e-03 1.164628e-03 1.125161e-03 1.079303e-03 1.027423e-03 9.699323e-04 9.072761e-04 8.399323e-04 7.684045e-04 6.932178e-04 6.149144e-04 5.340492e-04 4.511859e-04 3.668927e-04 2.817379e-04 1.962859e-04 1.110925e-04 2.670078e-05 5.636327e-05 1.375951e-04 2.165155e-04 2.926736e-04 3.656502e-04 4.350596e-04 5.005511e-04 5.618093e-04 6.185546e-04 6.705417e-04 7.175582e-04 7.594233e-04 7.959847e-04 8.271169e-04 8.527185e-04 8.727101e-04 8.870322e-04 8.956434e-04 8.985196e-04 
1.320036e-03 1.316089e-03 1.304279e-03 1.284710e-03 1.257548e-03 1.223022e-03 1.181421e-03 1.133087e-03 1.078409e-03 1.017820e-03 9.517929e-04 8.808288e-04 8.054584e-04 7.262343e-04 6.437267e-04 5.585194e-04 4.712054e-04 3.823823e-04 2.926486e-04 2.025986e-04 1.128181e-04 2.387969e-05 6.366178e-05 1.492738e-04 2.324503e-04 3.127155e-04 3.896265e-04 4.627764e-04 5.317948e-04 5.963495e-04 6.561456e-04 7.109249e-04 7.604641e-04 8.045731e-04 8.430922e-04 8.758900e-04 9.028602e-04 9.239197e-04 9.390065e-04 9.480774e-04 9.511070e-04 
1.376030e-03 1.371902e-03 1.359553e-03 1.339091e-03 1.310691e-03 1.274595e-03 1.231104e-03 1.180578e-03 1.123425e-03 1.060099e-03 9.910927e-04 9.169315e-04 8.381695e-04 7.553835e-04 6.691687e-04 5.801343e-04 4.888990e-04 3.960868e-04 3.023223e-04 2.082265e-04 1.144113e-04 2.147563e-05 7.000036e-05 1.594595e-04 2.463723e-04 3.302407e-04 4.106015e-04 4.870290e-04 5.591361e-04 6.265756e-04 6.890398e-04 7.462595e-04 7.980022e-04 8.440701e-04 8.842974e-04 9.185477e-04 9.467109e-04 9.687012e-04 9.844542e-04 9.939254e-04 9.970888e-04 
1.424194e-03 1.419911e-03 1.407097e-03 1.385865e-03 1.356397e-03 1.318946e-03 1.273827e-03 1.221412e-03 1.162128e-03 1.096445e-03 1.024876e-03 9.479655e-04 8.662883e-04 7.804421e-04 6.910437e-04 5.987240e-04 5.041238e-04 4.078897e-04 3.106689e-04 2.131050e-04 1.158328e-04 1.947323e-05 7.537142e-05 1.681230e-04 2.582318e-04 3.451809e-04 4.284897e-04 5.077164e-04 5.824598e-04 6.523603e-04 7.170993e-04 7.763984e-04 8.300177e-04 8.777529e-04 9.194335e-04 9.549190e-04 9.840965e-04 1.006878e-03 1.023197e-03 1.033008e-03 1.036285e-03 
1.464146e-03 1.459733e-03 1.446532e-03 1.424660e-03 1.394305e-03 1.355728e-03 1.309255e-03 1.255271e-03 1.194217e-03 1.126579e-03 1.052883e-03 9.736928e-04 8.895990e-04 8.012170e-04 7.091814e-04 6.141412e-04 5.167557e-04 4.176899e-04 3.176097e-04 2.171776e-04 1.170472e-04 1.785785e-05 7.977006e-05 1.752408e-04 2.679882e-04 3.574796e-04 4.432200e-04 5.247545e-04 6.016705e-04 6.735979e-04 7.402096e-04 8.012197e-04 8.563823e-04 9.054883e-04 9.483630e-04 9.848632e-04 1.014874e-03 1.038304e-03 1.055088e-03 1.065178e-03 1.068548e-03 
1.495565e-03 1.491050e-03 1.477544e-03 1.455166e-03 1.424112e-03 1.384648e-03 1.337109e-03 1.281890e-03 1.219443e-03 1.150266e-03 1.074898e-03 9.939147e-04 9.079214e-04 8.175470e-04 7.234399e-04 6.262634e-04 5.266911e-04 4.254027e-04 3.230789e-04 2.203967e-04 1.180245e-04 1.661637e-05 8.319324e-05 1.807949e-04 2.756092e-04 3.670915e-04 4.547354e-04 5.380759e-04 6.166911e-04 6.902034e-04 7.582786e-04 8.206255e-04 8.769932e-04 9.271692e-04 9.709759e-04 1.008268e-03 1.038928e-03 1.062865e-03 1.080010e-03 1.090319e-03 1.093761e-03 
1.518193e-03 1.513604e-03 1.499878e-03 1.477136e-03 1.445577e-03 1.405473e-03 1.357166e-03 1.301057e-03 1.237606e-03 1.167319e-03 1.090747e-03 1.008473e-03 9.211124e-04 8.293039e-04 7.337062e-04 6.349927e-04 5.338475e-04 4.309607e-04 3.270235e-04 2.227238e-04 1.187403e-04 1.573762e-05 8.563951e-05 1.847718e-04 2.810705e-04 3.739822e-04 4.629923e-04 5.476286e-04 6.274628e-04 7.021115e-04 7.712360e-04 8.345408e-04 8.917720e-04 9.427144e-04 9.871884e-04 1.025047e-03 1.056172e-03 1.080471e-03 1.097876e-03 1.108340e-03 1.111835e-03 
1.531851e-03 1.527217e-03 1.513359e-03 1.490397e-03 1.458533e-03 1.418042e-03 1.369270e-03 1.312623e-03 1.248566e-03 1.177610e-03 1.100311e-03 1.017258e-03 9.290717e-04 8.363980e-04 7.399011e-04 6.402607e-04 5.381670e-04 4.343165e-04 3.294068e-04 2.241320e-04 1.191774e-04 1.521399e-05 8.710755e-05 1.871619e-04 2.843547e-04 3.781270e-04 4.679597e-04 5.533760e-04 6.339438e-04 7.092763e-04 7.790318e-04 8.429128e-04 9.006632e-04 9.520663e-04 9.969415e-04 1.035140e-03 1.066545e-03 1.091062e-03 1.108623e-03 1.119180e-03 1.122706e-03 
1.536415e-03 1.531767e-03 1.517863e-03 1.494828e-03 1.462862e-03 1.422243e-03 1.373315e-03 1.316489e-03 1.252229e-03 1.181049e-03 1.103507e-03 1.020193e-03 9.317318e-04 8.387690e-04 7.419716e-04 6.420214e-04 5.396108e-04 4.354382e-04 3.302034e-04 2.246028e-04 1.193237e-04 1.503908e-05 8.759810e-05 1.879606e-04 2.854522e-04 3.795121e-04 4.696197e-04 5.552966e-04 6.361095e-04 7.116704e-04 7.816369e-04 8.457103e-04 9.036341e-04 9.551911e-04 1.000200e-03 1.038513e-03 1.070010e-03 1.094600e-03 1.112213e-03 1.122802e-03 1.126338e-03 
