3.260483e-03 3.219407e-03 3.096730e-03 2.894131e-03 2.614505e-03 2.262105e-03 1.842718e-03 1.363833e-03 8.347131e-04 2.663340e-04 3.288269e-04 9.371109e-04 1.544014e-03 2.134453e-03 2.692936e-03 3.203677e-03 3.650819e-03 4.018920e-03 4.293834e-03 4.463947e-03 4.521555e-03 
3.217655e-03 3.177086e-03 3.055923e-03 2.855824e-03 2.579648e-03 2.231595e-03 1.817384e-03 1.344408e-03 8.218157e-04 2.604445e-04 3.273832e-04 9.281730e-04 1.527588e-03 2.110714e-03 2.662228e-03 3.166528e-03 3.607956e-03 3.971285e-03 4.242585e-03 4.410440e-03 4.467278e-03 
3.089894e-03 3.050839e-03 2.934197e-03 2.741562e-03 2.475683e-03 2.140603e-03 1.741825e-03 1.286464e-03 7.833180e-04 2.428131e-04 3.231905e-04 9.016882e-04 1.478843e-03 2.040242e-03 2.571076e-03 3.056285e-03 3.480799e-03 3.830020e-03 4.090654e-03 4.251845e-03 4.306415e-03 
2.879373e-03 2.842820e-03 2.733646e-03 2.553333e-03 2.304443e-03 1.990748e-03 1.617385e-03 1.191000e-03 7.198107e-04 2.135601e-04 3.166515e-04 8.586262e-04 1.399352e-03 1.925248e-03 2.422352e-03 2.876494e-03 3.273554e-03 3.599939e-03 3.843349e-03 3.993798e-03 4.044715e-03 
2.589766e-03 2.556667e-03 2.457800e-03 2.294485e-03 2.069009e-03 1.784748e-03 1.446319e-03 1.059700e-03 6.322980e-04 1.729142e-04 3.083968e-04 8.005462e-04 1.291659e-03 1.769305e-03 2.220691e-03 2.632858e-03 2.992959e-03 3.288714e-03 3.509096e-03 3.645222e-03 3.691274e-03 
2.226293e-03 2.197549e-03 2.111675e-03 1.969768e-03 1.773742e-03 1.526449e-03 1.231813e-03 8.949478e-04 5.222242e-04 1.212519e-04 2.992269e-04 7.295141e-04 1.159165e-03 1.577195e-03 1.972277e-03 2.332951e-03 2.647905e-03 2.906404e-03 3.098887e-03 3.217710e-03 3.257894e-03 
1.795768e-03 1.772212e-03 1.701804e-03 1.585356e-03 1.424305e-03 1.220833e-03 9.779973e-04 6.998483e-04 3.915026e-04 5.914598e-05 2.900367e-04 6.479926e-04 1.005969e-03 1.354694e-03 1.684563e-03 1.985846e-03 2.248970e-03 2.464895e-03 2.625628e-03 2.724820e-03 2.758359e-03 
1.306603e-03 1.288979e-03 1.236245e-03 1.148856e-03 1.027659e-03 8.740170e-04 6.899445e-04 4.782341e-04 2.425420e-04 1.258257e-05 2.817286e-04 5.587099e-04 8.366892e-04 1.108325e-03 1.365938e-03 1.601707e-03 1.807921e-03 1.977313e-03 2.103484e-03 2.181372e-03 2.207711e-03 
7.687765e-04 7.577184e-04 7.245399e-04 6.692620e-04 5.920240e-04 4.932195e-04 3.736487e-04 2.346607e-04 7.826358e-05 9.281581e-05 2.751235e-04 4.645192e-04 6.562548e-04 8.450822e-04 1.025388e-03 1.191362e-03 1.337217e-03 1.457469e-03 1.547277e-03 1.602813e-03 1.621609e-03 
1.937319e-04 1.897493e-04 1.776256e-04 1.568731e-04 1.268053e-04 8.669963e-05 3.597805e-05 2.561998e-05 9.789710e-05 1.801014e-04 2.708774e-04 3.682601e-04 4.697072e-04 5.721617e-04 6.721480e-04 7.659047e-04 8.495626e-04 9.193733e-04 9.719796e-04 1.004704e-03 1.015812e-03 
4.057639e-04 4.023052e-04 3.923040e-04 3.768334e-04 3.575205e-04 3.363429e-04 3.154029e-04 2.967121e-04 2.820113e-04 2.726336e-04 2.694132e-04 2.726336e-04 2.820113e-04 2.967121e-04 3.154029e-04 3.363429e-04 3.575205e-04 3.768334e-04 3.923040e-04 4.023052e-04 4.057639e-04 
1.015812e-03 1.004704e-03 9.719796e-04 9.193733e-04 8.495626e-04 7.659047e-04 6.721480e-04 5.721617e-04 4.697072e-04 3.682601e-04 2.708774e-04 1.801014e-04 9.789710e-05 2.561998e-05 3.597805e-05 8.669963e-05 1.268053e-04 1.568731e-04 1.776256e-04 1.897493e-04 1.937319e-04 
1.621609e-03 1.602813e-03 1.547277e-03 1.457469e-03 1.337217e-03 1.191362e-03 1.025388e-03 8.450822e-04 6.562548e-04 4.645192e-04 2.751235e-04 9.281581e-05 7.826358e-05 2.346607e-04 3.736487e-04 4.932195e-04 5.920240e-04 6.692620e-04 7.245399e-04 7.577184e-04 7.687765e-04 
2.207711e-03 2.181372e-03 2.103484e-03 1.977313e-03 1.807921e-03 1.601707e-03 1.365938e-03 1.108325e-03 8.366892e-04 5.587099e-04 2.817286e-04 1.258257e-05 2.425420e-04 4.782341e-04 6.899445e-04 8.740170e-04 1.027659e-03 1.148856e-03 1.236245e-03 1.288979e-03 1.306603e-03 
2.758359e-03 2.724820e-03 2.625628e-03 2.464895e-03 2.248970e-03 1.985846e-03 1.684563e-03 1.354694e-03 1.005969e-03 6.479926e-04 2.900367e-04 5.914598e-05 3.915026e-04 6.998483e-04 9.779973e-04 1.220833e-03 1.424305e-03 1.585356e-03 1.701804e-03 1.772212e-03 1.795768e-03 
3.257894e-03 3.217710e-03 3.098887e-03 2.906404e-03 2.647905e-03 2.332951e-03 1.972277e-03 1.577195e-03 1.159165e-03 7.295141e-04 2.992269e-04 1.212519e-04 5.222242e-04 8.949478e-04 1.231813e-03 1.526449e-03 1.773742e-03 1.969768e-03 2.111675e-03 2.197549e-03 2.226293e-03 
3.691274e-03 3.645222e-03 3.509096e-03 3.288714e-03 2.992959e-03 2.632858e-03 2.220691e-03 1.769305e-03 1.291659e-03 8.005462e-04 3.083968e-04 1.729142e-04 6.322980e-04 1.059700e-03 1.446319e-03 1.784748e-03 2.069009e-03 2.294485e-03 2.457800e-03 2.556667e-03 2.589766e-03 
4.044715e-03 3.993798e-03 3.843349e-03 3.599939e-03 3.273554e-03 2.876494e-03 2.422352e-03 1.925248e-03 1.399352e-03 8.586262e-04 3.166515e-04 2.135601e-04 7.198107e-04 1.191000e-03 1.617385e-03 1.990748e-03 2.304443e-03 2.553333e-03 2.733646e-03 2.842820e-03 2.879373e-03 
4.306415e-03 4.251845e-03 4.090654e-03 3.830020e-03 3.480799e-03 3.056285e-03 2.571076e-03 2.040242e-03 1.478843e-03 9.016882e-04 3.231905e-04 2.428131e-04 7.833180e-04 1.286464e-03 1.741825e-03 2.140603e-03 2.475683e-03 2.741562e-03 2.934197e-03 3.050839e-03 3.089894e-03 
4.467278e-03 4.410440e-03 4.242585e-03 3.971285e-03 3.607956e-03 3.166528e-03 2.662228e-03 2.110714e-03 1.527588e-03 9.281730e-04 3.273832e-04 2.604445e-04 8.218157e-04 1.344408e-03 1.817384e-03 2.231595e-03 2.579648e-03 2.855824e-03 3.055923e-03 3.177086e-03 3.217655e-03 
4.521555e-03 4.463947e-03 4.293834e-03 4.018920e-03 3.650819e-03 3.203677e-03 2.692936e-03 2.134453e-03 1.544014e-03 9.371109e-04 3.288269e-04 2.663340e-04 8.347131e-04 1.363833e-03 1.842718e-03 2.262105e-03 2.614505e-03 2.894131e-03 3.096730e-03 3.219407e-03 3.260483e-03 
