6.417794e-04 6.394225e-04 6.323658e-04 6.206557e-04 6.043664e-04 5.835973e-04 5.584711e-04 5.291300e-04 4.957303e-04 4.584393e-04 4.174328e-04 3.728889e-04 3.249905e-04 2.739225e-04 2.198689e-04 1.630220e-04 1.035792e-04 4.174864e-05 2.224432e-05 8.815383e-05 1.557068e-04 2.245989e-04 2.944896e-04 3.649996e-04 4.357093e-04 5.061588e-04 5.758498e-04 6.442513e-04 7.108014e-04 7.749218e-04 8.360200e-04 8.935032e-04 9.467903e-04 9.953209e-04 1.038566e-03 1.076046e-03 1.107330e-03 1.132056e-03 1.149931e-03 1.160743e-03 1.164362e-03 
6.394183e-04 6.370689e-04 6.300370e-04 6.183677e-04 6.021334e-04 5.814351e-04 5.563937e-04 5.271511e-04 4.938619e-04 4.566936e-04 4.158201e-04 3.714196e-04 3.236745e-04 2.727661e-04 2.188831e-04 1.622135e-04 1.029546e-04 4.131577e-05 2.247921e-05 8.818421e-05 1.555269e-04 2.242032e-04 2.938737e-04 3.641598e-04 4.346428e-04 5.048644e-04 5.743279e-04 6.425028e-04 7.088325e-04 7.727367e-04 8.336278e-04 8.909151e-04 9.440187e-04 9.923806e-04 1.035476e-03 1.072824e-03 1.103999e-03 1.128638e-03 1.146450e-03 1.157223e-03 1.160829e-03 
6.323474e-04 6.300226e-04 6.230640e-04 6.115141e-04 5.954475e-04 5.749597e-04 5.501733e-04 5.212233e-04 4.882662e-04 4.514643e-04 4.109887e-04 3.670178e-04 3.197285e-04 2.693045e-04 2.159279e-04 1.597883e-04 1.010823e-04 4.001634e-05 2.318537e-05 8.827825e-05 1.549914e-04 2.230225e-04 2.920337e-04 3.616495e-04 4.314548e-04 5.009942e-04 5.697773e-04 6.372781e-04 7.029442e-04 7.662054e-04 8.264774e-04 8.831780e-04 9.357341e-04 9.835937e-04 1.026240e-03 1.063196e-03 1.094043e-03 1.118420e-03 1.136045e-03 1.146704e-03 1.150271e-03 
6.206074e-04 6.183234e-04 6.114841e-04 6.001348e-04 5.843436e-04 5.642071e-04 5.398391e-04 5.113777e-04 4.789689e-04 4.427738e-04 4.029605e-04 3.597000e-04 3.131695e-04 2.635459e-04 2.110114e-04 1.557527e-04 9.796320e-05 3.784918e-05 2.436788e-05 8.844528e-05 1.541138e-04 2.210741e-04 2.889924e-04 3.574972e-04 4.261788e-04 4.945897e-04 5.622449e-04 6.286293e-04 6.932002e-04 7.553957e-04 8.146449e-04 8.703757e-04 9.220265e-04 9.690578e-04 1.010960e-03 1.047270e-03 1.077574e-03 1.101523e-03 1.118835e-03 1.129306e-03 1.132810e-03 
6.042636e-04 6.020349e-04 5.953639e-04 5.842900e-04 5.688826e-04 5.492303e-04 5.254469e-04 4.976594e-04 4.660138e-04 4.306626e-04 3.917676e-04 3.494962e-04 3.040191e-04 2.555105e-04 2.041477e-04 1.501144e-04 9.360109e-05 3.481144e-05 2.603555e-05 8.869957e-05 1.529154e-04 2.183875e-04 2.847869e-04 3.517490e-04 4.188717e-04 4.857160e-04 5.518090e-04 6.166468e-04 6.796998e-04 7.404215e-04 7.982556e-04 8.526456e-04 9.030455e-04 9.489301e-04 9.898073e-04 1.025223e-03 1.054780e-03 1.078135e-03 1.095018e-03 1.105228e-03 1.108646e-03 
5.834048e-04 5.812474e-04 5.747874e-04 5.640660e-04 5.491430e-04 5.301080e-04 5.070648e-04 4.801376e-04 4.494602e-04 4.151824e-04 3.774573e-04 3.364456e-04 2.923115e-04 2.452242e-04 1.953560e-04 1.428851e-04 8.800045e-05 3.090033e-05 2.819897e-05 8.906146e-05 1.514259e-04 2.150024e-04 2.794689e-04 3.444687e-04 4.096098e-04 4.744653e-04 5.385759e-04 6.014520e-04 6.625825e-04 7.214382e-04 7.774814e-04 8.301755e-04 8.789944e-04 9.234318e-04 9.630118e-04 9.973010e-04 1.025912e-03 1.048520e-03 1.064860e-03 1.074743e-03 1.078050e-03 
5.581415e-04 5.560690e-04 5.498652e-04 5.395639e-04 5.252281e-04 5.069343e-04 4.847837e-04 4.588907e-04 4.293841e-04 3.964005e-04 3.600884e-04 3.205984e-04 2.780893e-04 2.327203e-04 1.846604e-04 1.340822e-04 8.116768e-05 2.611279e-05 3.087192e-05 8.955530e-05 1.496819e-04 2.109688e-04 2.731022e-04 3.357360e-04 3.984900e-04 4.609522e-04 5.226784e-04 5.831989e-04 6.420222e-04 6.986395e-04 7.525376e-04 8.032014e-04 8.501279e-04 8.928340e-04 9.308654e-04 9.638059e-04 9.912904e-04 1.013003e-03 1.028697e-03 1.038187e-03 1.041363e-03 
5.286024e-04 5.266293e-04 5.207203e-04 5.109106e-04 4.972520e-04 4.798215e-04 4.587076e-04 4.340183e-04 4.058720e-04 3.743977e-04 3.397310e-04 3.020168e-04 2.614015e-04 2.180408e-04 1.720926e-04 1.237243e-04 7.311263e-05 2.044627e-05 3.406943e-05 9.020949e-05 1.477264e-04 2.063453e-04 2.657630e-04 3.256454e-04 3.856269e-04 4.453115e-04 5.042755e-04 5.620694e-04 6.182236e-04 6.722565e-04 7.236775e-04 7.720007e-04 8.167472e-04 8.574591e-04 8.937074e-04 9.250994e-04 9.512851e-04 9.719722e-04 9.869210e-04 9.959614e-04 9.989865e-04 
4.949322e-04 4.930709e-04 4.874970e-04 4.782402e-04 4.653506e-04 4.488946e-04 4.289559e-04 4.056300e-04 3.790269e-04 3.492639e-04 3.164672e-04 2.807699e-04 2.423104e-04 2.012331e-04 1.576889e-04 1.118372e-04 6.384667e-05 1.389939e-05 3.780689e-05 9.105562e-05 1.456074e-04 2.011984e-04 2.575374e-04 3.143041e-04 3.711505e-04 4.276989e-04 4.835468e-04 5.382686e-04 5.914213e-04 6.425486e-04 6.911907e-04 7.368876e-04 7.791914e-04 8.176719e-04 8.519256e-04 8.815832e-04 9.063203e-04 9.258589e-04 9.399782e-04 9.485148e-04 9.513713e-04 
4.572890e-04 4.555515e-04 4.503482e-04 4.417055e-04 4.296679e-04 4.142938e-04 3.956586e-04 3.738490e-04 3.489609e-04 3.211022e-04 2.903888e-04 2.569391e-04 2.208833e-04 1.823539e-04 1.414934e-04 9.845036e-05 5.338585e-05 6.472704e-06 4.210058e-05 9.212657e-05 1.433772e-04 1.956008e-04 2.485198e-04 3.018313e-04 3.552045e-04 4.082843e-04 4.606909e-04 5.120254e-04 5.618717e-04 6.098044e-04 6.553928e-04 6.982083e-04 7.378348e-04 7.738707e-04 8.059408e-04 8.337038e-04 8.568564e-04 8.751409e-04 8.883520e-04 8.963402e-04 8.990130e-04 
4.158412e-04 4.142389e-04 4.094398e-04 4.014675e-04 3.903597e-04 3.761689e-04 3.589592e-04 3.388065e-04 3.157980e-04 2.900275e-04 2.615957e-04 2.306146e-04 1.971974e-04 1.614680e-04 1.235555e-04 8.359987e-05 4.175021e-05 1.830679e-06 4.696473e-05 9.345664e-05 1.410908e-04 1.896297e-04 2.388124e-04 2.883537e-04 3.379443e-04 3.872514e-04 4.359221e-04 4.835842e-04 5.298521e-04 5.743314e-04 6.166232e-04 6.563342e-04 6.930763e-04 7.264820e-04 7.562065e-04 7.819334e-04 8.033846e-04 8.203241e-04 8.325624e-04 8.399612e-04 8.424372e-04 
3.707660e-04 3.693095e-04 3.649468e-04 3.576969e-04 3.475928e-04 3.346785e-04 3.190082e-04 3.006486e-04 2.796714e-04 2.561597e-04 2.302026e-04 2.018949e-04 1.713399e-04 1.386470e-04 1.039340e-04 6.732719e-05 2.896458e-05 1.100345e-05 5.241213e-05 9.507936e-05 1.388044e-04 1.833659e-04 2.285214e-04 2.740060e-04 3.195330e-04 3.647951e-04 4.094660e-04 4.532035e-04 4.956537e-04 5.364541e-04 5.752407e-04 6.116512e-04 6.453346e-04 6.759537e-04 7.031928e-04 7.267664e-04 7.464194e-04 7.619370e-04 7.731475e-04 7.799246e-04 7.821922e-04 
3.222488e-04 3.209484e-04 3.170505e-04 3.105734e-04 3.015411e-04 2.899910e-04 2.759685e-04 2.595253e-04 2.407250e-04 2.196343e-04 1.963287e-04 1.708899e-04 1.434064e-04 1.139731e-04 8.269390e-05 4.968183e-05 1.506049e-05 2.103448e-05 5.845228e-05 9.702677e-05 1.365742e-04 1.768917e-04 2.177569e-04 2.589272e-04 3.001405e-04 3.411162e-04 3.815569e-04 4.211514e-04 4.595780e-04 4.965079e-04 5.316115e-04 5.645615e-04 5.950398e-04 6.227420e-04 6.473851e-04 6.687088e-04 6.864852e-04 7.005204e-04 7.106591e-04 7.167884e-04 7.188387e-04 
2.704832e-04 2.693464e-04 2.659430e-04 2.602827e-04 2.523876e-04 2.422841e-04 2.300081e-04 2.156016e-04 1.991117e-04 1.805934e-04 1.601073e-04 1.377192e-04 1.135025e-04 8.753682e-05 5.991049e-05 3.072074e-05 7.508482e-08 3.190628e-05 6.509025e-05 9.932818e-05 1.344553e-04 1.702892e-04 2.066298e-04 2.432587e-04 2.799397e-04 3.164207e-04 3.524342e-04 3.877008e-04 4.219319e-04 4.548335e-04 4.861100e-04 5.154690e-04 5.426267e-04 5.673115e-04 5.892696e-04 6.082706e-04 6.241108e-04 6.366169e-04 6.456508e-04 6.511121e-04 6.529401e-04 
2.156681e-04 2.147059e-04 2.118207e-04 2.070219e-04 2.003231e-04 1.917445e-04 1.813094e-04 1.690484e-04 1.549962e-04 1.391922e-04 1.216810e-04 1.025132e-04 8.174487e-05 5.943958e-05 3.566784e-05 1.050938e-05 1.594560e-05 4.359552e-05 7.232611e-05 1.020088e-04 1.324997e-04 1.636391e-04 1.952508e-04 2.271423e-04 2.591050e-04 2.909157e-04 3.223385e-04 3.531265e-04 3.830241e-04 4.117722e-04 4.391096e-04 4.647790e-04 4.885291e-04 5.101211e-04 5.293317e-04 5.459574e-04 5.598185e-04 5.707635e-04 5.786706e-04 5.834507e-04 5.850497e-04 
1.580155e-04 1.572348e-04 1.548932e-04 1.509962e-04 1.455510e-04 1.385684e-04 1.300632e-04 1.200515e-04 1.085544e-04 9.559619e-05 8.120510e-05 6.541441e-05 4.826225e-05 2.979357e-05 1.006029e-05 1.087691e-05 3.294769e-05 5.607115e-05 8.015372e-05 1.050888e-04 1.307557e-04 1.570191e-04 1.837283e-04 2.107181e-04 2.378088e-04 2.648074e-04 2.915095e-04 3.177009e-04 3.431603e-04 3.676620e-04 3.909799e-04 4.128891e-04 4.331727e-04 4.516227e-04 4.680449e-04 4.822624e-04 4.941198e-04 5.034844e-04 5.102508e-04 5.143421e-04 5.157110e-04 
9.774723e-05 9.715517e-05 9.538065e-05 9.242331e-05 8.828507e-05 8.296764e-05 7.647367e-05 6.880799e-05 5.997591e-05 4.998562e-05 3.884835e-05 2.657824e-05 1.319499e-05 1.277058e-06 1.680604e-05 3.335254e-05 5.086818e-05 6.929395e-05 8.855950e-05 1.085822e-04 1.292663e-04 1.505021e-04 1.721666e-04 1.941227e-04 2.162204e-04 2.382977e-04 2.601822e-04 2.816921e-04 3.026399e-04 3.228335e-04 3.420796e-04 3.601878e-04 3.769716e-04 3.922534e-04 4.058673e-04 4.176628e-04 4.275055e-04 4.352831e-04 4.409047e-04 4.443043e-04 4.454422e-04 
3.509921e-05 3.470435e-05 3.351777e-05 3.153661e-05 2.875521e-05 2.516635e-05 2.076144e-05 1.553095e-05 9.465240e-06 2.555413e-06 5.206551e-06 1.382533e-05 2.330252e-05 3.363502e-05 4.481344e-05 5.682133e-05 6.963366e-05 8.321568e-05 9.752216e-05 1.124960e-04 1.280679e-04 1.441559e-04 1.606648e-04 1.774874e-04 1.945037e-04 2.115830e-04 2.285846e-04 2.453597e-04 2.617532e-04 2.776057e-04 2.927570e-04 3.070476e-04 3.203220e-04 3.324316e-04 3.432373e-04 3.526120e-04 3.604442e-04 3.666381e-04 3.711183e-04 3.738289e-04 3.747362e-04 
2.967219e-05 2.986394e-05 3.044171e-05 3.141304e-05 3.279083e-05 3.459161e-05 3.683638e-05 3.954914e-05 4.275555e-05 4.648355e-05 5.075995e-05 5.561124e-05 6.106133e-05 6.712978e-05 7.383158e-05 8.117500e-05 8.916027e-05 9.777877e-05 1.070117e-04 1.168294e-04 1.271903e-04 1.380409e-04 1.493156e-04 1.609368e-04 1.728154e-04 1.848516e-04 1.969366e-04 2.089533e-04 2.207784e-04 2.322849e-04 2.433432e-04 2.538242e-04 2.636014e-04 2.725539e-04 2.805679e-04 2.875391e-04 2.933757e-04 2.979999e-04 3.013486e-04 3.033764e-04 3.040554e-04 
9.629064e-05 9.627268e-05 9.622270e-05 9.615324e-05 9.608389e-05 9.604226e-05 9.606180e-05 9.618178e-05 9.644600e-05 9.690097e-05 9.759543e-05 9.857821e-05 9.989684e-05 1.015962e-04 1.037169e-04 1.062934e-04 1.093533e-04 1.129155e-04 1.169891e-04 1.215731e-04 1.266549e-04 1.322104e-04 1.382038e-04 1.445877e-04 1.513035e-04 1.582826e-04 1.654468e-04 1.727102e-04 1.799806e-04 1.871610e-04 1.941518e-04 2.008527e-04 2.071650e-04 2.129929e-04 2.182467e-04 2.228439e-04 2.267115e-04 2.297868e-04 2.320202e-04 2.333751e-04 2.338293e-04 
1.644534e-04 1.642199e-04 1.635251e-04 1.623861e-04 1.608309e-04 1.588977e-04 1.566338e-04 1.540951e-04 1.513438e-04 1.484476e-04 1.454776e-04 1.425071e-04 1.396089e-04 1.368547e-04 1.343122e-04 1.320442e-04 1.301068e-04 1.285478e-04 1.274058e-04 1.267091e-04 1.264749e-04 1.267091e-04 1.274058e-04 1.285478e-04 1.301068e-04 1.320442e-04 1.343122e-04 1.368547e-04 1.396089e-04 1.425070e-04 1.454777e-04 1.484476e-04 1.513438e-04 1.540951e-04 1.566339e-04 1.588977e-04 1.608309e-04 1.623862e-04 1.635252e-04 1.642199e-04 1.644535e-04 
2.338293e-04 2.333751e-04 2.320203e-04 2.297868e-04 2.267114e-04 2.228439e-04 2.182468e-04 2.129928e-04 2.071649e-04 2.008528e-04 1.941518e-04 1.871610e-04 1.799806e-04 1.727102e-04 1.654468e-04 1.582826e-04 1.513035e-04 1.445877e-04 1.382038e-04 1.322104e-04 1.266549e-04 1.215731e-04 1.169891e-04 1.129154e-04 1.093533e-04 1.062934e-04 1.037169e-04 1.015963e-04 9.989687e-05 9.857819e-05 9.759546e-05 9.690094e-05 9.644595e-05 9.618188e-05 9.606173e-05 9.604227e-05 9.608393e-05 9.615317e-05 9.622276e-05 9.627266e-05 9.629063e-05 
3.040555e-04 3.033764e-04 3.013485e-04 2.979999e-04 2.933758e-04 2.875391e-04 2.805678e-04 2.725540e-04 2.636016e-04 2.538241e-04 2.433431e-04 2.322849e-04 2.207785e-04 2.089532e-04 1.969366e-04 1.848516e-04 1.728154e-04 1.609368e-04 1.493156e-04 1.380409e-04 1.271903e-04 1.168294e-04 1.070117e-04 9.777880e-05 8.916027e-05 8.117494e-05 7.383165e-05 6.712981e-05 6.106121e-05 5.561133e-05 5.075995e-05 4.648350e-05 4.275567e-05 3.954897e-05 3.683649e-05 3.459163e-05 3.279076e-05 3.141310e-05 3.044165e-05 2.986395e-05 2.967222e-05 
3.747362e-04 3.738290e-04 3.711182e-04 3.666381e-04 3.604441e-04 3.526121e-04 3.432373e-04 3.324316e-04 3.203220e-04 3.070476e-04 2.927571e-04 2.776058e-04 2.617531e-04 2.453598e-04 2.285847e-04 2.115830e-04 1.945037e-04 1.774874e-04 1.606648e-04 1.441558e-04 1.280679e-04 1.124960e-04 9.752219e-05 8.321570e-05 6.963359e-05 5.682136e-05 4.481345e-05 3.363501e-05 2.330258e-05 1.382524e-05 5.206539e-06 2.555300e-06 9.465368e-06 1.553085e-05 2.076142e-05 2.516647e-05 2.875518e-05 3.153658e-05 3.351780e-05 3.470429e-05 3.509929e-05 
4.454422e-04 4.443042e-04 4.409048e-04 4.352830e-04 4.275056e-04 4.176628e-04 4.058673e-04 3.922534e-04 3.769715e-04 3.601877e-04 3.420798e-04 3.228334e-04 3.026398e-04 2.816921e-04 2.601821e-04 2.382978e-04 2.162204e-04 1.941227e-04 1.721666e-04 1.505021e-04 1.292663e-04 1.085822e-04 8.855949e-05 6.929389e-05 5.086822e-05 3.335261e-05 1.680599e-05 1.276983e-06 1.319487e-05 2.657829e-05 3.884838e-05 4.998564e-05 5.997574e-05 6.880813e-05 7.647379e-05 8.296748e-05 8.828502e-05 9.242346e-05 9.538052e-05 9.715530e-05 9.774709e-05 
5.157110e-04 5.143422e-04 5.102507e-04 5.034845e-04 4.941198e-04 4.822623e-04 4.680451e-04 4.516226e-04 4.331727e-04 4.128893e-04 3.909796e-04 3.676621e-04 3.431603e-04 3.177010e-04 2.915095e-04 2.648074e-04 2.378087e-04 2.107181e-04 1.837283e-04 1.570191e-04 1.307557e-04 1.050888e-04 8.015367e-05 5.607121e-05 3.294775e-05 1.087684e-05 1.006036e-05 2.979350e-05 4.826225e-05 6.541434e-05 8.120506e-05 9.559631e-05 1.085545e-04 1.200513e-04 1.300632e-04 1.385685e-04 1.455511e-04 1.509961e-04 1.548933e-04 1.572346e-04 1.580156e-04 
5.850499e-04 5.834507e-04 5.786705e-04 5.707635e-04 5.598186e-04 5.459575e-04 5.293315e-04 5.101212e-04 4.885291e-04 4.647788e-04 4.391098e-04 4.117721e-04 3.830243e-04 3.531263e-04 3.223386e-04 2.909158e-04 2.591050e-04 2.271422e-04 1.952509e-04 1.636391e-04 1.324997e-04 1.020088e-04 7.232618e-05 4.359550e-05 1.594554e-05 1.050943e-05 3.566769e-05 5.943949e-05 8.174514e-05 1.025131e-04 1.216811e-04 1.391919e-04 1.549962e-04 1.690485e-04 1.813093e-04 1.917444e-04 2.003231e-04 2.070218e-04 2.118208e-04 2.147058e-04 2.156680e-04 
6.529399e-04 6.511120e-04 6.456512e-04 6.366167e-04 6.241109e-04 6.082707e-04 5.892695e-04 5.673116e-04 5.426267e-04 5.154691e-04 4.861100e-04 4.548335e-04 4.219318e-04 3.877009e-04 3.524342e-04 3.164207e-04 2.799397e-04 2.432587e-04 2.066298e-04 1.702892e-04 1.344553e-04 9.932816e-05 6.509026e-05 3.190629e-05 7.513707e-08 3.072061e-05 5.991055e-05 8.753696e-05 1.135024e-04 1.377193e-04 1.601071e-04 1.805937e-04 1.991116e-04 2.156015e-04 2.300082e-04 2.422841e-04 2.523875e-04 2.602830e-04 2.659426e-04 2.693465e-04 2.704833e-04 
7.188388e-04 7.167885e-04 7.106588e-04 7.005206e-04 6.864851e-04 6.687087e-04 6.473853e-04 6.227419e-04 5.950398e-04 5.645615e-04 5.316113e-04 4.965081e-04 4.595779e-04 4.211514e-04 3.815568e-04 3.411162e-04 3.001405e-04 2.589272e-04 2.177568e-04 1.768917e-04 1.365742e-04 9.702682e-05 5.845219e-05 2.103447e-05 1.506037e-05 4.968193e-05 8.269398e-05 1.139730e-04 1.434062e-04 1.708901e-04 1.963289e-04 2.196342e-04 2.407249e-04 2.595255e-04 2.759681e-04 2.899911e-04 3.015412e-04 3.105731e-04 3.170507e-04 3.209483e-04 3.222488e-04 
7.821923e-04 7.799246e-04 7.731476e-04 7.619370e-04 7.464194e-04 7.267665e-04 7.031927e-04 6.759538e-04 6.453343e-04 6.116515e-04 5.752407e-04 5.364541e-04 4.956537e-04 4.532036e-04 4.094660e-04 3.647950e-04 3.195331e-04 2.740059e-04 2.285214e-04 1.833660e-04 1.388043e-04 9.507932e-05 5.241218e-05 1.100347e-05 2.896462e-05 6.732722e-05 1.039339e-04 1.386471e-04 1.713400e-04 2.018949e-04 2.302023e-04 2.561600e-04 2.796713e-04 3.006483e-04 3.190087e-04 3.346783e-04 3.475927e-04 3.576969e-04 3.649469e-04 3.693095e-04 3.707659e-04 
8.424371e-04 8.399614e-04 8.325621e-04 8.203241e-04 8.033845e-04 7.819335e-04 7.562066e-04 7.264820e-04 6.930765e-04 6.563337e-04 6.166234e-04 5.743315e-04 5.298522e-04 4.835842e-04 4.359220e-04 3.872516e-04 3.379442e-04 2.883537e-04 2.388124e-04 1.896296e-04 1.410908e-04 9.345666e-05 4.696473e-05 1.830633e-06 4.175024e-05 8.359970e-05 1.235556e-04 1.614679e-04 1.971976e-04 2.306144e-04 2.615962e-04 2.900268e-04 3.157982e-04 3.388067e-04 3.589589e-04 3.761689e-04 3.903598e-04 4.014675e-04 4.094399e-04 4.142387e-04 4.158414e-04 
8.990129e-04 8.963400e-04 8.883525e-04 8.751407e-04 8.568565e-04 8.337035e-04 8.059410e-04 7.738707e-04 7.378348e-04 6.982084e-04 6.553930e-04 6.098041e-04 5.618718e-04 5.120252e-04 4.606911e-04 4.082842e-04 3.552045e-04 3.018312e-04 2.485199e-04 1.956007e-04 1.433773e-04 9.212657e-05 4.210052e-05 6.472615e-06 5.338591e-05 9.845048e-05 1.414932e-04 1.823541e-04 2.208831e-04 2.569394e-04 2.903884e-04 3.211024e-04 3.489610e-04 3.738487e-04 3.956587e-04 4.142939e-04 4.296678e-04 4.417055e-04 4.503478e-04 4.555518e-04 4.572889e-04 
9.513716e-04 9.485147e-04 9.399780e-04 9.258591e-04 9.063203e-04 8.815835e-04 8.519253e-04 8.176720e-04 7.791914e-04 7.368878e-04 6.911904e-04 6.425489e-04 5.914212e-04 5.382687e-04 4.835467e-04 4.276989e-04 3.711505e-04 3.143042e-04 2.575373e-04 2.011984e-04 1.456074e-04 9.105556e-05 3.780704e-05 1.389947e-05 6.384656e-05 1.118373e-04 1.576890e-04 2.012330e-04 2.423104e-04 2.807698e-04 3.164673e-04 3.492642e-04 3.790264e-04 4.056303e-04 4.289559e-04 4.488945e-04 4.653506e-04 4.782402e-04 4.874972e-04 4.930707e-04 4.949323e-04 
9.989866e-04 9.959614e-04 9.869210e-04 9.719721e-04 9.512852e-04 9.250993e-04 8.937075e-04 8.574593e-04 8.167470e-04 7.720007e-04 7.236776e-04 6.722565e-04 6.182235e-04 5.620693e-04 5.042755e-04 4.453116e-04 3.856269e-04 3.256453e-04 2.657630e-04 2.063454e-04 1.477263e-04 9.020958e-05 3.406922e-05 2.044623e-05 7.311262e-05 1.237242e-04 1.720926e-04 2.180408e-04 2.614019e-04 3.020165e-04 3.397311e-04 3.743975e-04 4.058722e-04 4.340183e-04 4.587073e-04 4.798217e-04 4.972521e-04 5.109106e-04 5.207203e-04 5.266290e-04 5.286027e-04 
1.041363e-03 1.038187e-03 1.028697e-03 1.013003e-03 9.912903e-04 9.638061e-04 9.308655e-04 8.928336e-04 8.501283e-04 8.032013e-04 7.525376e-04 6.986394e-04 6.420223e-04 5.831991e-04 5.226783e-04 4.609521e-04 3.984900e-04 3.357360e-04 2.731023e-04 2.109687e-04 1.496819e-04 8.955525e-05 3.087203e-05 2.611280e-05 8.116781e-05 1.340821e-04 1.846604e-04 2.327205e-04 2.780889e-04 3.205988e-04 3.600882e-04 3.964005e-04 4.293841e-04 4.588906e-04 4.847843e-04 5.069339e-04 5.252280e-04 5.395640e-04 5.498650e-04 5.560695e-04 5.581410e-04 
1.078050e-03 1.074743e-03 1.064860e-03 1.048520e-03 1.025912e-03 9.973009e-04 9.630116e-04 9.234322e-04 8.789942e-04 8.301755e-04 7.774814e-04 7.214383e-04 6.625824e-04 6.014520e-04 5.385760e-04 4.744653e-04 4.096098e-04 3.444686e-04 2.794689e-04 2.150024e-04 1.514259e-04 8.906146e-05 2.819900e-05 3.090036e-05 8.800037e-05 1.428853e-04 1.953560e-04 2.452239e-04 2.923117e-04 3.364455e-04 3.774576e-04 4.151822e-04 4.494603e-04 4.801374e-04 5.070646e-04 5.301083e-04 5.491431e-04 5.640658e-04 5.747877e-04 5.812471e-04 5.834051e-04 
1.108646e-03 1.105228e-03 1.095018e-03 1.078135e-03 1.054779e-03 1.025223e-03 9.898073e-04 9.489301e-04 9.030454e-04 8.526457e-04 7.982556e-04 7.404216e-04 6.796998e-04 6.166468e-04 5.518089e-04 4.857161e-04 4.188717e-04 3.517490e-04 2.847869e-04 2.183875e-04 1.529154e-04 8.869958e-05 2.603548e-05 3.481140e-05 9.360110e-05 1.501143e-04 2.041477e-04 2.555107e-04 3.040191e-04 3.494961e-04 3.917675e-04 4.306628e-04 4.660137e-04 4.976596e-04 5.254469e-04 5.492302e-04 5.688825e-04 5.842902e-04 5.953636e-04 6.020350e-04 6.042637e-04 
1.132810e-03 1.129306e-03 1.118835e-03 1.101523e-03 1.077574e-03 1.047270e-03 1.010960e-03 9.690578e-04 9.220265e-04 8.703757e-04 8.146449e-04 7.553956e-04 6.932001e-04 6.286295e-04 5.622449e-04 4.945896e-04 4.261788e-04 3.574972e-04 2.889924e-04 2.210741e-04 1.541138e-04 8.844523e-05 2.436797e-05 3.784918e-05 9.796324e-05 1.557527e-04 2.110114e-04 2.635460e-04 3.131694e-04 3.597001e-04 4.029602e-04 4.427740e-04 4.789688e-04 5.113777e-04 5.398391e-04 5.642070e-04 5.843437e-04 6.001347e-04 6.114843e-04 6.183232e-04 6.206074e-04 
1.150271e-03 1.146704e-03 1.136045e-03 1.118420e-03 1.094042e-03 1.063196e-03 1.026240e-03 9.835936e-04 9.357343e-04 8.831778e-04 8.264773e-04 7.662054e-04 7.029444e-04 6.372778e-04 5.697773e-04 5.009944e-04 4.314546e-04 3.616495e-04 2.920337e-04 2.230224e-04 1.549915e-04 8.827831e-05 2.318527e-05 4.001637e-05 1.010822e-04 1.597885e-04 2.159279e-04 2.693041e-04 3.197286e-04 3.670178e-04 4.109892e-04 4.514636e-04 4.882664e-04 5.212234e-04 5.501731e-04 5.749599e-04 5.954475e-04 6.115141e-04 6.230639e-04 6.300227e-04 6.323472e-04 
1.160829e-03 1.157223e-03 1.146450e-03 1.128638e-03 1.103999e-03 1.072824e-03 1.035476e-03 9.923808e-04 9.440187e-04 8.909152e-04 8.336277e-04 7.727368e-04 7.088324e-04 6.425029e-04 5.743278e-04 5.048644e-04 4.346428e-04 3.641598e-04 2.938736e-04 2.242032e-04 1.555269e-04 8.818421e-05 2.247923e-05 4.131580e-05 1.029547e-04 1.622134e-04 2.188832e-04 2.727663e-04 3.236743e-04 3.714197e-04 4.158199e-04 4.566940e-04 4.938618e-04 5.271508e-04 5.563941e-04 5.814350e-04 6.021335e-04 6.183675e-04 6.300369e-04 6.370691e-04 6.394183e-04 
1.164361e-03 1.160743e-03 1.149931e-03 1.132056e-03 1.107330e-03 1.076046e-03 1.038566e-03 9.953208e-04 9.467902e-04 8.935034e-04 8.360201e-04 7.749217e-04 7.108014e-04 6.442513e-04 5.758499e-04 5.061587e-04 4.357095e-04 3.649995e-04 2.944896e-04 2.245989e-04 1.557068e-04 8.815377e-05 2.224437e-05 4.174857e-05 1.035792e-04 1.630221e-04 2.198688e-04 2.739225e-04 3.249907e-04 3.728888e-04 4.174327e-04 4.584393e-04 4.957303e-04 5.291305e-04 5.584707e-04 5.835973e-04 6.043662e-04 6.206560e-04 6.323660e-04 6.394222e-04 6.417796e-04 
