1.450644e-04 1.403257e-04 1.262763e-04 1.033388e-04 7.198563e-05 3.247811e-05 1.535165e-05 7.218301e-05 1.390957e-04 2.172615e-04 3.074928e-04 4.097437e-04 5.226798e-04 6.434167e-04 7.674970e-04 8.891286e-04 1.001658e-03 1.098220e-03 1.172458e-03 1.219237e-03 1.235215e-03 
1.403076e-04 1.356584e-04 1.218662e-04 9.932355e-05 6.846515e-05 2.952010e-05 1.769430e-05 7.384941e-05 1.399962e-04 2.172656e-04 3.064290e-04 4.074132e-04 5.188793e-04 6.379693e-04 7.602846e-04 8.801221e-04 9.909413e-04 1.085999e-03 1.159060e-03 1.205087e-03 1.220807e-03 
1.260516e-04 1.216621e-04 1.086179e-04 8.722971e-05 5.782825e-05 2.055366e-05 2.481907e-05 7.894079e-05 1.427836e-04 2.173643e-04 3.033400e-04 4.005593e-04 5.076738e-04 6.219045e-04 7.390277e-04 8.536030e-04 9.594174e-04 1.050085e-03 1.119715e-03 1.163557e-03 1.178527e-03 
1.023135e-04 9.833088e-05 8.646476e-05 6.691254e-05 3.985970e-05 5.319354e-06 3.699745e-05 8.771737e-05 1.477033e-04 2.178088e-04 2.985241e-04 3.895855e-04 4.896380e-04 5.960361e-04 7.048409e-04 8.110321e-04 9.089130e-04 9.926529e-04 1.056889e-03 1.097303e-03 1.111098e-03 
6.904505e-05 6.558950e-05 5.525970e-05 3.813235e-05 1.423540e-05 1.656059e-05 5.462284e-05 1.005610e-04 1.551239e-04 2.189857e-04 2.924500e-04 3.751317e-04 4.656865e-04 5.616589e-04 6.594911e-04 7.547121e-04 8.422872e-04 9.170838e-04 9.743909e-04 1.010419e-03 1.022711e-03 
2.606214e-05 2.323426e-05 1.474657e-05 5.647838e-07 1.943189e-05 4.551395e-05 7.813552e-05 1.179059e-04 1.654799e-04 2.213708e-04 2.857139e-04 3.580255e-04 4.370089e-04 5.204540e-04 6.052599e-04 6.875926e-04 7.631677e-04 8.276287e-04 8.769751e-04 9.079834e-04 9.185612e-04 
2.698293e-05 2.908686e-05 3.543826e-05 4.616920e-05 6.153530e-05 8.194189e-05 1.079380e-04 1.401569e-04 1.791986e-04 2.254654e-04 2.789794e-04 3.392155e-04 4.049801e-04 4.743605e-04 5.447583e-04 6.130128e-04 6.756138e-04 7.289912e-04 7.698533e-04 7.955343e-04 8.042959e-04 
9.054987e-05 9.182133e-05 9.570941e-05 1.024406e-04 1.124029e-04 1.261395e-04 1.443095e-04 1.676032e-04 1.966196e-04 2.317237e-04 2.729097e-04 3.196950e-04 3.710581e-04 4.254258e-04 4.807124e-04 5.344120e-04 5.837488e-04 6.258885e-04 6.581987e-04 6.785298e-04 6.854709e-04 
1.650663e-04 1.653738e-04 1.664091e-04 1.685065e-04 1.722055e-04 1.782112e-04 1.873240e-04 2.003375e-04 2.179177e-04 2.404818e-04 2.680987e-04 3.004252e-04 3.366803e-04 3.756550e-04 4.157507e-04 4.550483e-04 4.914142e-04 5.226544e-04 5.467132e-04 5.618978e-04 5.670898e-04 
2.507082e-04 2.498961e-04 2.476223e-04 2.443585e-04 2.408373e-04 2.379748e-04 2.367692e-04 2.381851e-04 2.430391e-04 2.518996e-04 2.650137e-04 2.822664e-04 3.031699e-04 3.268781e-04 3.522223e-04 3.777673e-04 4.018977e-04 4.229386e-04 4.393122e-04 4.497147e-04 4.532830e-04 
3.471431e-04 3.450397e-04 3.389554e-04 3.295371e-04 3.177695e-04 3.048535e-04 2.920701e-04 2.806495e-04 2.716600e-04 2.659224e-04 2.639514e-04 2.659224e-04 2.716600e-04 2.806495e-04 2.920701e-04 3.048535e-04 3.177695e-04 3.295371e-04 3.389554e-04 3.450397e-04 3.471431e-04 
4.532830e-04 4.497147e-04 4.393122e-04 4.229386e-04 4.018977e-04 3.777673e-04 3.522223e-04 3.268781e-04 3.031699e-04 2.822664e-04 2.650137e-04 2.518996e-04 2.430391e-04 2.381851e-04 2.367692e-04 2.379748e-04 2.408373e-04 2.443585e-04 2.476223e-04 2.498961e-04 2.507082e-04 
5.670898e-04 5.618978e-04 5.467132e-04 5.226544e-04 4.914142e-04 4.550483e-04 4.157507e-04 3.756550e-04 3.366803e-04 3.004252e-04 2.680987e-04 2.404818e-04 2.179177e-04 2.003375e-04 1.873240e-04 1.782112e-04 1.722055e-04 1.685065e-04 1.664091e-04 1.653738e-04 1.650663e-04 
6.854709e-04 6.785298e-04 6.581987e-04 6.258885e-04 5.837488e-04 5.344120e-04 4.807124e-04 4.254258e-04 3.710581e-04 3.196950e-04 2.729097e-04 2.317237e-04 1.966196e-04 1.676032e-04 1.443095e-04 1.261395e-04 1.124029e-04 1.024406e-04 9.570941e-05 9.182133e-05 9.054987e-05 
8.042959e-04 7.955343e-04 7.698533e-04 7.289912e-04 6.756138e-04 6.130128e-04 5.447583e-04 4.743605e-04 4.049801e-04 3.392155e-04 2.789794e-04 2.254654e-04 1.791986e-04 1.401569e-04 1.079380e-04 8.194189e-05 6.153530e-05 4.616920e-05 3.543826e-05 2.908686e-05 2.698293e-05 
9.185612e-04 9.079834e-04 8.769751e-04 8.276287e-04 7.631677e-04 6.875926e-04 6.052599e-04 5.204540e-04 4.370089e-04 3.580255e-04 2.857139e-04 2.213708e-04 1.654799e-04 1.179059e-04 7.813552e-05 4.551395e-05 1.943189e-05 5.647837e-07 1.474657e-05 2.323426e-05 2.606214e-05 
1.022711e-03 1.010419e-03 9.743909e-04 9.170838e-04 8.422872e-04 7.547121e-04 6.594911e-04 5.616589e-04 4.656865e-04 3.751317e-04 2.924500e-04 2.189857e-04 1.551239e-04 1.005610e-04 5.462284e-05 1.656059e-05 1.423540e-05 3.813235e-05 5.525970e-05 6.558950e-05 6.904505e-05 
1.111098e-03 1.097303e-03 1.056889e-03 9.926529e-04 9.089130e-04 8.110321e-04 7.048409e-04 5.960361e-04 4.896380e-04 3.895855e-04 2.985241e-04 2.178088e-04 1.477033e-04 8.771737e-05 3.699745e-05 5.319354e-06 3.985970e-05 6.691254e-05 8.646476e-05 9.833088e-05 1.023135e-04 
1.178527e-03 1.163557e-03 1.119715e-03 1.050085e-03 9.594174e-04 8.536030e-04 7.390277e-04 6.219045e-04 5.076738e-04 4.005593e-04 3.033400e-04 2.173643e-04 1.427836e-04 7.894079e-05 2.481907e-05 2.055366e-05 5.782825e-05 8.722971e-05 1.086179e-04 1.216621e-04 1.260516e-04 
1.220807e-03 1.205087e-03 1.159060e-03 1.085999e-03 9.909413e-04 8.801221e-04 7.602846e-04 6.379693e-04 5.188793e-04 4.074132e-04 3.064290e-04 2.172656e-04 1.399962e-04 7.384941e-05 1.769430e-05 2.952010e-05 6.846515e-05 9.932355e-05 1.218662e-04 1.356584e-04 1.403076e-04 
1.235215e-03 1.219237e-03 1.172458e-03 1.098220e-03 1.001658e-03 8.891286e-04 7.674970e-04 6.434167e-04 5.226798e-04 4.097437e-04 3.074928e-04 2.172615e-04 1.390957e-04 7.218301e-05 1.535165e-05 3.247811e-05 7.198563e-05 1.033388e-04 1.262763e-04 1.403257e-04 1.450644e-04 
