9.046924e-01 8.935570e-01 8.604252e-01 8.061127e-01 7.319569e-01 6.397842e-01 5.318654e-01 4.108598e-01 2.797492e-01 1.417650e-01 3.074928e-04 -1.411380e-01 -2.790875e-01 -4.101442e-01 -5.310826e-01 -6.389275e-01 -7.310272e-01 -8.051178e-01 -8.593791e-01 -8.924781e-01 -9.036022e-01 
8.935571e-01 8.825588e-01 8.498348e-01 7.961909e-01 7.229479e-01 6.319099e-01 5.253198e-01 4.058040e-01 2.763077e-01 1.400223e-01 3.064290e-04 -1.393977e-01 -2.756488e-01 -4.050921e-01 -5.245418e-01 -6.310593e-01 -7.220254e-01 -7.952042e-01 -8.487976e-01 -8.814894e-01 -8.924766e-01 
8.604255e-01 8.498350e-01 8.183245e-01 7.666698e-01 6.961430e-01 6.084813e-01 5.058443e-01 3.907612e-01 2.660678e-01 1.348373e-01 3.033400e-04 -1.342194e-01 -2.654174e-01 -3.900603e-01 -5.050805e-01 -6.076482e-01 -6.952414e-01 -7.657069e-01 -8.173134e-01 -8.487931e-01 -8.593730e-01 
8.061137e-01 7.961919e-01 7.666706e-01 7.182768e-01 6.522026e-01 5.700755e-01 4.739189e-01 3.661021e-01 2.492822e-01 1.263378e-01 2.985241e-04 -1.257304e-01 -2.486448e-01 -3.654184e-01 -4.731771e-01 -5.692698e-01 -6.513336e-01 -7.173511e-01 -7.657001e-01 -7.951929e-01 -8.051049e-01 
7.319598e-01 7.229508e-01 6.961455e-01 6.522043e-01 5.922095e-01 5.176391e-01 4.303304e-01 3.324347e-01 2.263645e-01 1.147335e-01 2.924500e-04 -1.141394e-01 -2.257437e-01 -3.317725e-01 -4.296163e-01 -5.168679e-01 -5.913815e-01 -6.513254e-01 -6.952264e-01 -7.220059e-01 -7.310061e-01 
6.397906e-01 6.319162e-01 6.084871e-01 5.700803e-01 5.176420e-01 4.524642e-01 3.761529e-01 2.905886e-01 1.978797e-01 1.003107e-01 2.857139e-04 -9.973135e-02 -1.972772e-01 -2.899502e-01 -3.754695e-01 -4.517311e-01 -5.168594e-01 -5.692532e-01 -6.076248e-01 -6.310315e-01 -6.388981e-01 
5.318771e-01 5.253312e-01 5.058549e-01 4.739281e-01 4.303373e-01 3.761567e-01 3.127216e-01 2.415950e-01 1.645299e-01 8.342515e-02 2.789794e-04 -8.286047e-02 -1.639457e-01 -2.409805e-01 -3.120689e-01 -3.754618e-01 -4.296001e-01 -4.731529e-01 -5.050496e-01 -5.245066e-01 -5.310458e-01 
4.108781e-01 4.058219e-01 3.907779e-01 3.661169e-01 3.324465e-01 2.905968e-01 2.415992e-01 1.866613e-01 1.271370e-01 6.449306e-02 2.729097e-04 -6.394164e-02 -1.265693e-01 -1.860682e-01 -2.409742e-01 -2.899363e-01 -3.317504e-01 -3.653885e-01 -3.900240e-01 -4.050516e-01 -4.101021e-01 
2.797752e-01 2.763330e-01 2.660915e-01 2.493030e-01 2.263816e-01 1.978924e-01 1.645380e-01 1.271407e-01 8.662220e-02 4.398114e-02 2.680987e-04 -4.344024e-02 -8.606760e-02 -1.265647e-01 -1.639350e-01 -1.972592e-01 -2.257179e-01 -2.486118e-01 -2.653783e-01 -2.756058e-01 -2.790430e-01 
1.417985e-01 1.400550e-01 1.348675e-01 1.263643e-01 1.147554e-01 1.003274e-01 8.343645e-02 6.449952e-02 4.398370e-02 2.239485e-02 2.650137e-04 -2.186068e-02 -4.343749e-02 -6.393446e-02 -8.284746e-02 -9.971161e-02 -1.141126e-01 -1.256970e-01 -1.341806e-01 -1.393554e-01 -1.410945e-01 
3.471431e-04 3.450397e-04 3.389554e-04 3.295371e-04 3.177695e-04 3.048535e-04 2.920701e-04 2.806495e-04 2.716600e-04 2.659224e-04 2.639514e-04 2.659224e-04 2.716600e-04 2.806495e-04 2.920701e-04 3.048535e-04 3.177695e-04 3.295371e-04 3.389554e-04 3.450397e-04 3.471431e-04 
-1.410945e-01 -1.393554e-01 -1.341806e-01 -1.256970e-01 -1.141126e-01 -9.971161e-02 -8.284746e-02 -6.393446e-02 -4.343749e-02 -2.186068e-02 2.650137e-04 2.239485e-02 4.398370e-02 6.449952e-02 8.343645e-02 1.003274e-01 1.147554e-01 1.263643e-01 1.348675e-01 1.400550e-01 1.417985e-01 
-2.790430e-01 -2.756058e-01 -2.653783e-01 -2.486118e-01 -2.257179e-01 -1.972592e-01 -1.639350e-01 -1.265647e-01 -8.606760e-02 -4.344024e-02 2.680987e-04 4.398114e-02 8.662220e-02 1.271407e-01 1.645380e-01 1.978924e-01 2.263816e-01 2.493030e-01 2.660915e-01 2.763330e-01 2.797752e-01 
-4.101021e-01 -4.050516e-01 -3.900240e-01 -3.653885e-01 -3.317504e-01 -2.899363e-01 -2.409742e-01 -1.860682e-01 -1.265693e-01 -6.394164e-02 2.729097e-04 6.449306e-02 1.271370e-01 1.866613e-01 2.415992e-01 2.905968e-01 3.324465e-01 3.661169e-01 3.907779e-01 4.058219e-01 4.108781e-01 
-5.310458e-01 -5.245066e-01 -5.050496e-01 -4.731529e-01 -4.296001e-01 -3.754618e-01 -3.120689e-01 -2.409805e-01 -1.639457e-01 -8.286047e-02 2.789794e-04 8.342515e-02 1.645299e-01 2.415950e-01 3.127216e-01 3.761567e-01 4.303373e-01 4.739281e-01 5.058549e-01 5.253312e-01 5.318771e-01 
-6.388981e-01 -6.310315e-01 -6.076248e-01 -5.692532e-01 -5.168594e-01 -4.517311e-01 -3.754695e-01 -2.899502e-01 -1.972772e-01 -9.973135e-02 2.857139e-04 1.003107e-01 1.978797e-01 2.905886e-01 3.761529e-01 4.524642e-01 5.176420e-01 5.700803e-01 6.084871e-01 6.319162e-01 6.397906e-01 
-7.310061e-01 -7.220059e-01 -6.952264e-01 -6.513254e-01 -5.913815e-01 -5.168679e-01 -4.296163e-01 -3.317725e-01 -2.257437e-01 -1.141394e-01 2.924500e-04 1.147335e-01 2.263645e-01 3.324347e-01 4.303304e-01 5.176391e-01 5.922095e-01 6.522043e-01 6.961455e-01 7.229508e-01 7.319598e-01 
-8.051049e-01 -7.951929e-01 -7.657001e-01 -7.173511e-01 -6.513336e-01 -5.692698e-01 -4.731771e-01 -3.654184e-01 -2.486448e-01 -1.257304e-01 2.985241e-04 1.263378e-01 2.492822e-01 3.661021e-01 4.739189e-01 5.700755e-01 6.522026e-01 7.182768e-01 7.666706e-01 7.961919e-01 8.061137e-01 
-8.593730e-01 -8.487931e-01 -8.173134e-01 -7.657069e-01 -6.952414e-01 -6.076482e-01 -5.050805e-01 -3.900603e-01 -2.654174e-01 -1.342194e-01 3.033400e-04 1.348373e-01 2.660678e-01 3.907612e-01 5.058443e-01 6.084813e-01 6.961430e-01 7.666698e-01 8.183245e-01 8.498350e-01 8.604255e-01 
-8.924766e-01 -8.814894e-01 -8.487976e-01 -7.952042e-01 -7.220254e-01 -6.310593e-01 -5.245418e-01 -4.050921e-01 -2.756488e-01 -1.393977e-01 3.064290e-04 1.400223e-01 2.763077e-01 4.058040e-01 5.253198e-01 6.319099e-01 7.229479e-01 7.961909e-01 8.498348e-01 8.825588e-01 8.935571e-01 
-9.036022e-01 -8.924781e-01 -8.593791e-01 -8.051178e-01 -7.310272e-01 -6.389275e-01 -5.310826e-01 -4.101442e-01 -2.790875e-01 -1.411380e-01 3.074928e-04 1.417650e-01 2.797492e-01 4.108598e-01 5.318654e-01 6.397842e-01 7.319569e-01 8.061127e-01 8.604252e-01 8.935570e-01 9.046924e-01 
