9.041956e-01 9.014087e-01 8.930650e-01 8.792160e-01 8.599472e-01 8.353772e-01 8.056576e-01 7.709716e-01 7.315331e-01 6.875853e-01 6.393992e-01 5.872720e-01 5.315251e-01 4.725023e-01 4.105677e-01 3.461033e-01 2.795066e-01 2.111884e-01 1.415700e-01 7.108088e-02 1.557068e-04 -7.076813e-02 -1.412533e-01 -2.108651e-01 -2.791744e-01 -3.457601e-01 -4.102117e-01 -4.721320e-01 -5.311393e-01 -5.868700e-01 -6.389807e-01 -6.871503e-01 -7.310821e-01 -7.705054e-01 -8.051775e-01 -8.348847e-01 -8.594442e-01 -8.787046e-01 -8.925474e-01 -9.008874e-01 -9.036731e-01 
9.014087e-01 8.986303e-01 8.903124e-01 8.765061e-01 8.572966e-01 8.328023e-01 8.031744e-01 7.685953e-01 7.292784e-01 6.854661e-01 6.374285e-01 5.854620e-01 5.298869e-01 4.710461e-01 4.093024e-01 3.450367e-01 2.786452e-01 2.105376e-01 1.411339e-01 7.086206e-02 1.555269e-04 -7.054968e-02 -1.408175e-01 -2.102148e-01 -2.783136e-01 -3.446940e-01 -4.089469e-01 -4.706763e-01 -5.295017e-01 -5.850606e-01 -6.370107e-01 -6.850318e-01 -7.288282e-01 -7.681301e-01 -8.026953e-01 -8.323110e-01 -8.567947e-01 -8.759958e-01 -8.897959e-01 -8.981102e-01 -9.008873e-01 
8.930650e-01 8.903124e-01 8.820714e-01 8.683929e-01 8.493613e-01 8.250937e-01 7.957400e-01 7.614810e-01 7.225281e-01 6.791213e-01 6.315285e-01 5.800430e-01 5.249824e-01 4.666863e-01 4.055142e-01 3.418434e-01 2.760666e-01 2.085895e-01 1.398283e-01 7.020697e-02 1.549914e-04 -6.989566e-02 -1.395130e-01 -2.082679e-01 -2.757362e-01 -3.415022e-01 -4.051603e-01 -4.663183e-01 -5.245992e-01 -5.796438e-01 -6.311130e-01 -6.786896e-01 -7.220806e-01 -7.610187e-01 -7.952639e-01 -8.246055e-01 -8.488627e-01 -8.678860e-01 -8.815584e-01 -8.897957e-01 -8.925471e-01 
8.792161e-01 8.765061e-01 8.683930e-01 8.549266e-01 8.361901e-01 8.122989e-01 7.834004e-01 7.496727e-01 7.113239e-01 6.685903e-01 6.217355e-01 5.710485e-01 5.168419e-01 4.594499e-01 3.992265e-01 3.365432e-01 2.717865e-01 2.053559e-01 1.376611e-01 6.911964e-02 1.541138e-04 -6.881012e-02 -1.373478e-01 -2.050363e-01 -2.714583e-01 -3.362043e-01 -3.988753e-01 -4.590848e-01 -5.164618e-01 -5.706528e-01 -6.213238e-01 -6.681627e-01 -7.108808e-01 -7.492150e-01 -7.829293e-01 -8.118158e-01 -8.356968e-01 -8.544252e-01 -8.678856e-01 -8.759951e-01 -8.787039e-01 
8.599473e-01 8.572967e-01 8.493613e-01 8.361901e-01 8.178643e-01 7.944967e-01 7.662316e-01 7.332431e-01 6.957348e-01 6.539378e-01 6.081100e-01 5.585340e-01 5.055155e-01 4.493814e-01 3.904781e-01 3.291687e-01 2.658314e-01 2.008570e-01 1.346460e-01 6.760679e-02 1.529154e-04 -6.729971e-02 -1.343351e-01 -2.005400e-01 -2.655062e-01 -3.288331e-01 -3.901304e-01 -4.490203e-01 -5.051398e-01 -5.581431e-01 -6.077036e-01 -6.535159e-01 -6.952978e-01 -7.327919e-01 -7.657672e-01 -7.940207e-01 -8.173784e-01 -8.356963e-01 -8.488617e-01 -8.567935e-01 -8.594429e-01 
8.353774e-01 8.328025e-01 8.250939e-01 8.122990e-01 7.944968e-01 7.717969e-01 7.443394e-01 7.122936e-01 6.758570e-01 6.352544e-01 5.907361e-01 5.425766e-01 4.910731e-01 4.365431e-01 3.793229e-01 3.197655e-01 2.582381e-01 1.951203e-01 1.308013e-01 6.567779e-02 1.514259e-04 -6.537372e-02 -1.304936e-01 -1.948067e-01 -2.579165e-01 -3.194339e-01 -3.789797e-01 -4.361869e-01 -4.907028e-01 -5.421917e-01 -5.903360e-01 -6.348394e-01 -6.754275e-01 -7.118503e-01 -7.438835e-01 -7.713297e-01 -7.940200e-01 -8.118146e-01 -8.246038e-01 -8.323090e-01 -8.348827e-01 
8.056579e-01 8.031747e-01 7.957403e-01 7.834007e-01 7.662318e-01 7.443396e-01 7.178590e-01 6.869533e-01 6.518131e-01 6.126551e-01 5.697207e-01 5.232748e-01 4.736038e-01 4.210140e-01 3.658298e-01 3.083914e-01 2.490533e-01 1.881813e-01 1.261508e-01 6.334454e-02 1.496819e-04 -6.304401e-02 -1.258469e-01 -1.878717e-01 -2.487360e-01 -3.080646e-01 -3.654917e-01 -4.206635e-01 -4.732399e-01 -5.228968e-01 -5.693283e-01 -6.122483e-01 -6.513924e-01 -6.865193e-01 -7.174129e-01 -7.438827e-01 -7.657657e-01 -7.829272e-01 -7.952615e-01 -8.026926e-01 -8.051747e-01 
7.709721e-01 7.685958e-01 7.614816e-01 7.496732e-01 7.332435e-01 7.122939e-01 6.869535e-01 6.573785e-01 6.237513e-01 5.862794e-01 5.451937e-01 5.007476e-01 4.532153e-01 4.028900e-01 3.500819e-01 2.951168e-01 2.383337e-01 1.800828e-01 1.207234e-01 6.062146e-02 1.477264e-04 -6.032490e-02 -1.204235e-01 -1.797776e-01 -2.380212e-01 -2.947952e-01 -3.497497e-01 -4.025460e-01 -4.528585e-01 -5.003774e-01 -5.448097e-01 -5.858818e-01 -6.233405e-01 -6.569550e-01 -6.865185e-01 -7.118486e-01 -7.327895e-01 -7.492121e-01 -7.610153e-01 -7.681265e-01 -7.705017e-01 
7.315339e-01 7.292792e-01 7.225289e-01 7.113246e-01 6.957355e-01 6.758576e-01 6.518135e-01 6.237516e-01 5.918448e-01 5.562898e-01 5.173061e-01 4.751339e-01 4.300335e-01 3.822828e-01 3.321765e-01 2.800235e-01 2.261455e-01 1.708748e-01 1.145523e-01 5.752538e-02 1.456074e-04 -5.723312e-02 -1.142570e-01 -1.705744e-01 -2.258382e-01 -2.797076e-01 -3.318506e-01 -3.819458e-01 -4.296843e-01 -4.747722e-01 -5.169314e-01 -5.559022e-01 -5.914446e-01 -6.233395e-01 -6.513906e-01 -6.754249e-01 -6.952945e-01 -7.108770e-01 -7.220764e-01 -7.288237e-01 -7.310775e-01 
6.875865e-01 6.854672e-01 6.791225e-01 6.685914e-01 6.539388e-01 6.352553e-01 6.126558e-01 5.862799e-01 5.562901e-01 5.228715e-01 4.862300e-01 4.465917e-01 4.042011e-01 3.593195e-01 3.122238e-01 2.632045e-01 2.125638e-01 1.606142e-01 1.076759e-01 5.407542e-02 1.433772e-04 -5.378769e-02 -1.073852e-01 -1.603188e-01 -2.122620e-01 -2.628947e-01 -3.119046e-01 -3.589899e-01 -4.038601e-01 -4.462389e-01 -4.858650e-01 -5.224944e-01 -5.559013e-01 -5.858799e-01 -6.122455e-01 -6.348359e-01 -6.535117e-01 -6.681579e-01 -6.786845e-01 -6.850264e-01 -6.871448e-01 
6.394008e-01 6.374301e-01 6.315300e-01 6.217370e-01 6.081115e-01 5.907374e-01 5.697219e-01 5.451946e-01 5.173068e-01 4.862304e-01 4.521571e-01 4.152971e-01 3.758776e-01 3.341418e-01 2.903471e-01 2.447636e-01 1.976725e-01 1.493641e-01 1.001363e-01 5.029289e-02 1.410908e-04 -5.000981e-02 -9.985057e-02 -1.490739e-01 -1.973763e-01 -2.444600e-01 -2.900348e-01 -3.338197e-01 -3.755450e-01 -4.149534e-01 -4.518021e-01 -4.858641e-01 -5.169295e-01 -5.448069e-01 -5.693246e-01 -5.903316e-01 -6.076984e-01 -6.213182e-01 -6.311069e-01 -6.370044e-01 -6.389742e-01 
5.872741e-01 5.854641e-01 5.800451e-01 5.710505e-01 5.585359e-01 5.425784e-01 5.232764e-01 5.007490e-01 4.751350e-01 4.465925e-01 4.152975e-01 3.814429e-01 3.452377e-01 3.069050e-01 2.666813e-01 2.248146e-01 1.815633e-01 1.371940e-01 9.198033e-02 4.620117e-02 1.388044e-04 -4.592272e-02 -9.169939e-02 -1.369090e-01 -1.812727e-01 -2.245172e-01 -2.663757e-01 -3.065904e-01 -3.449133e-01 -3.811084e-01 -4.149524e-01 -4.462370e-01 -4.747694e-01 -5.003737e-01 -5.228922e-01 -5.421863e-01 -5.581371e-01 -5.706463e-01 -5.796369e-01 -5.850535e-01 -5.868627e-01 
5.315278e-01 5.298896e-01 5.249851e-01 5.168445e-01 5.055180e-01 4.910754e-01 4.736059e-01 4.532172e-01 4.300350e-01 4.042023e-01 3.758785e-01 3.452381e-01 3.124702e-01 2.777769e-01 2.413722e-01 2.034805e-01 1.643357e-01 1.241790e-01 8.325814e-02 4.182550e-02 1.365742e-04 -4.155159e-02 -8.298193e-02 -1.238990e-01 -1.640506e-01 -2.031891e-01 -2.410733e-01 -2.774698e-01 -3.121541e-01 -3.449125e-01 -3.755432e-01 -4.038574e-01 -4.296807e-01 -4.528540e-01 -4.732345e-01 -4.906967e-01 -5.051330e-01 -5.164545e-01 -5.245915e-01 -5.294938e-01 -5.311313e-01 
4.725058e-01 4.710495e-01 4.666896e-01 4.594531e-01 4.493845e-01 4.365460e-01 4.210167e-01 4.028924e-01 3.822849e-01 3.593213e-01 3.341432e-01 3.069059e-01 2.777774e-01 2.469374e-01 2.145760e-01 1.808929e-01 1.460958e-01 1.103993e-01 7.402359e-02 3.719293e-02 1.344553e-04 -3.692331e-02 -7.375187e-02 -1.101242e-01 -1.458160e-01 -1.806072e-01 -2.142835e-01 -2.466372e-01 -2.774690e-01 -3.065888e-01 -3.338172e-01 -3.589864e-01 -3.819414e-01 -4.025407e-01 -4.206575e-01 -4.361800e-01 -4.490128e-01 -4.590768e-01 -4.663099e-01 -4.706677e-01 -4.721233e-01 
4.105719e-01 4.093066e-01 4.055183e-01 3.992305e-01 3.904819e-01 3.793265e-01 3.658331e-01 3.500850e-01 3.321791e-01 3.122261e-01 2.903490e-01 2.666827e-01 2.413731e-01 2.145765e-01 1.864580e-01 1.571911e-01 1.269563e-01 9.594005e-02 6.433366e-02 3.233203e-02 1.324997e-04 -3.206638e-02 -6.406609e-02 -9.566932e-02 -1.266812e-01 -1.569107e-01 -1.861713e-01 -2.142828e-01 -2.410719e-01 -2.663734e-01 -2.900316e-01 -3.119006e-01 -3.318456e-01 -3.497439e-01 -3.654851e-01 -3.789723e-01 -3.901224e-01 -3.988667e-01 -4.051514e-01 -4.089378e-01 -4.102025e-01 
3.461083e-01 3.450416e-01 3.418483e-01 3.365479e-01 3.291733e-01 3.197698e-01 3.083955e-01 2.951205e-01 2.800268e-01 2.632074e-01 2.447660e-01 2.248166e-01 2.034820e-01 1.808938e-01 1.571915e-01 1.325212e-01 1.070351e-01 8.089033e-02 5.424814e-02 2.727283e-02 1.307557e-04 -2.701072e-02 -5.398425e-02 -8.062354e-02 -1.067644e-01 -1.322456e-01 -1.569101e-01 -1.806059e-01 -2.031871e-01 -2.245143e-01 -2.444563e-01 -2.628901e-01 -2.797021e-01 -2.947889e-01 -3.080575e-01 -3.194261e-01 -3.288247e-01 -3.361954e-01 -3.414929e-01 -3.446845e-01 -3.457506e-01 
2.795124e-01 2.786510e-01 2.760723e-01 2.717921e-01 2.658368e-01 2.582431e-01 2.490580e-01 2.383380e-01 2.261494e-01 2.125672e-01 1.976754e-01 1.815657e-01 1.643375e-01 1.460972e-01 1.269572e-01 1.070355e-01 8.645515e-02 6.534298e-02 4.382922e-02 2.204654e-02 1.292663e-04 -2.178746e-02 -4.356850e-02 -6.507957e-02 -8.618806e-02 -1.067639e-01 -1.266802e-01 -1.458142e-01 -1.640481e-01 -1.812694e-01 -1.973721e-01 -2.122570e-01 -2.258324e-01 -2.380146e-01 -2.487286e-01 -2.579084e-01 -2.654975e-01 -2.714492e-01 -2.757268e-01 -2.783039e-01 -2.791647e-01 
2.111950e-01 2.105442e-01 2.085960e-01 2.053623e-01 2.008630e-01 1.951260e-01 1.881866e-01 1.800877e-01 1.708793e-01 1.606181e-01 1.493674e-01 1.371968e-01 1.241812e-01 1.104011e-01 9.594127e-02 8.089108e-02 6.534332e-02 4.939390e-02 3.314119e-02 1.668542e-02 1.280679e-04 -1.642877e-02 -3.288300e-02 -4.913320e-02 -6.507919e-02 -8.062268e-02 -9.566787e-02 -1.101221e-01 -1.238962e-01 -1.369054e-01 -1.490695e-01 -1.603136e-01 -1.705684e-01 -1.797708e-01 -1.878642e-01 -1.947986e-01 -2.005313e-01 -2.050272e-01 -2.082584e-01 -2.102051e-01 -2.108554e-01 
1.415774e-01 1.411413e-01 1.398355e-01 1.376682e-01 1.346527e-01 1.308077e-01 1.261568e-01 1.207289e-01 1.145573e-01 1.076802e-01 1.001401e-01 9.198353e-02 8.326075e-02 7.402563e-02 6.433517e-02 5.424916e-02 4.382982e-02 3.314145e-02 2.224996e-02 1.122254e-02 1.271903e-04 -1.096767e-02 -2.199363e-02 -3.288273e-02 -4.356785e-02 -5.398313e-02 -6.406440e-02 -7.374955e-02 -8.297891e-02 -9.169563e-02 -9.984604e-02 -1.073799e-01 -1.142509e-01 -1.204167e-01 -1.258394e-01 -1.304855e-01 -1.343265e-01 -1.373388e-01 -1.395037e-01 -1.408080e-01 -1.412437e-01 
7.108902e-02 7.087015e-02 7.021491e-02 6.912734e-02 6.761418e-02 6.568477e-02 6.335104e-02 6.062743e-02 5.753077e-02 5.408019e-02 5.029703e-02 4.620467e-02 4.182837e-02 3.719519e-02 3.233374e-02 2.727403e-02 2.204731e-02 1.668584e-02 1.122270e-02 5.691598e-03 1.266549e-04 -5.437815e-03 -1.096751e-02 -1.642834e-02 -2.178666e-02 -2.700946e-02 -3.206458e-02 -3.692089e-02 -4.154850e-02 -4.591893e-02 -5.000529e-02 -5.378244e-02 -5.722716e-02 -6.031826e-02 -6.303674e-02 -6.536588e-02 -6.729138e-02 -6.880140e-02 -6.988667e-02 -7.054050e-02 -7.075890e-02 
1.644534e-04 1.642199e-04 1.635251e-04 1.623861e-04 1.608309e-04 1.588977e-04 1.566338e-04 1.540951e-04 1.513438e-04 1.484476e-04 1.454776e-04 1.425071e-04 1.396089e-04 1.368547e-04 1.343122e-04 1.320442e-04 1.301068e-04 1.285478e-04 1.274058e-04 1.267091e-04 1.264749e-04 1.267091e-04 1.274058e-04 1.285478e-04 1.301068e-04 1.320442e-04 1.343122e-04 1.368547e-04 1.396089e-04 1.425070e-04 1.454777e-04 1.484476e-04 1.513438e-04 1.540951e-04 1.566339e-04 1.588977e-04 1.608309e-04 1.623862e-04 1.635252e-04 1.642199e-04 1.644535e-04 
-7.075890e-02 -7.054050e-02 -6.988667e-02 -6.880140e-02 -6.729138e-02 -6.536588e-02 -6.303673e-02 -6.031826e-02 -5.722716e-02 -5.378244e-02 -5.000529e-02 -4.591893e-02 -4.154850e-02 -3.692089e-02 -3.206458e-02 -2.700946e-02 -2.178666e-02 -1.642834e-02 -1.096751e-02 -5.437815e-03 1.266549e-04 5.691598e-03 1.122270e-02 1.668584e-02 2.204731e-02 2.727403e-02 3.233374e-02 3.719519e-02 4.182837e-02 4.620467e-02 5.029703e-02 5.408019e-02 5.753077e-02 6.062743e-02 6.335104e-02 6.568477e-02 6.761418e-02 6.912734e-02 7.021491e-02 7.087015e-02 7.108902e-02 
-1.412437e-01 -1.408080e-01 -1.395037e-01 -1.373388e-01 -1.343265e-01 -1.304855e-01 -1.258394e-01 -1.204167e-01 -1.142509e-01 -1.073799e-01 -9.984604e-02 -9.169563e-02 -8.297891e-02 -7.374955e-02 -6.406440e-02 -5.398313e-02 -4.356785e-02 -3.288273e-02 -2.199363e-02 -1.096767e-02 1.271903e-04 1.122254e-02 2.224996e-02 3.314145e-02 4.382982e-02 5.424916e-02 6.433517e-02 7.402563e-02 8.326075e-02 9.198353e-02 1.001401e-01 1.076802e-01 1.145573e-01 1.207289e-01 1.261568e-01 1.308077e-01 1.346527e-01 1.376682e-01 1.398355e-01 1.411413e-01 1.415774e-01 
-2.108554e-01 -2.102051e-01 -2.082584e-01 -2.050272e-01 -2.005313e-01 -1.947986e-01 -1.878642e-01 -1.797708e-01 -1.705684e-01 -1.603136e-01 -1.490695e-01 -1.369054e-01 -1.238962e-01 -1.101221e-01 -9.566787e-02 -8.062268e-02 -6.507919e-02 -4.913320e-02 -3.288300e-02 -1.642877e-02 1.280679e-04 1.668542e-02 3.314119e-02 4.939390e-02 6.534332e-02 8.089108e-02 9.594127e-02 1.104011e-01 1.241812e-01 1.371968e-01 1.493674e-01 1.606181e-01 1.708793e-01 1.800877e-01 1.881866e-01 1.951260e-01 2.008630e-01 2.053623e-01 2.085960e-01 2.105442e-01 2.111950e-01 
-2.791647e-01 -2.783039e-01 -2.757268e-01 -2.714492e-01 -2.654975e-01 -2.579084e-01 -2.487286e-01 -2.380146e-01 -2.258324e-01 -2.122570e-01 -1.973721e-01 -1.812694e-01 -1.640481e-01 -1.458142e-01 -1.266802e-01 -1.067639e-01 -8.618806e-02 -6.507957e-02 -4.356850e-02 -2.178746e-02 1.292663e-04 2.204654e-02 4.382922e-02 6.534298e-02 8.645515e-02 1.070355e-01 1.269572e-01 1.460972e-01 1.643375e-01 1.815657e-01 1.976754e-01 2.125672e-01 2.261494e-01 2.383380e-01 2.490580e-01 2.582431e-01 2.658368e-01 2.717921e-01 2.760723e-01 2.786510e-01 2.795124e-01 
-3.457506e-01 -3.446845e-01 -3.414929e-01 -3.361954e-01 -3.288247e-01 -3.194261e-01 -3.080575e-01 -2.947889e-01 -2.797021e-01 -2.628901e-01 -2.444563e-01 -2.245143e-01 -2.031871e-01 -1.806059e-01 -1.569101e-01 -1.322456e-01 -1.067644e-01 -8.062354e-02 -5.398425e-02 -2.701072e-02 1.307557e-04 2.727283e-02 5.424814e-02 8.089033e-02 1.070351e-01 1.325212e-01 1.571915e-01 1.808938e-01 2.034820e-01 2.248166e-01 2.447660e-01 2.632074e-01 2.800268e-01 2.951205e-01 3.083955e-01 3.197698e-01 3.291733e-01 3.365479e-01 3.418483e-01 3.450416e-01 3.461083e-01 
-4.102025e-01 -4.089378e-01 -4.051514e-01 -3.988667e-01 -3.901224e-01 -3.789723e-01 -3.654851e-01 -3.497439e-01 -3.318456e-01 -3.119006e-01 -2.900316e-01 -2.663734e-01 -2.410719e-01 -2.142828e-01 -1.861713e-01 -1.569107e-01 -1.266812e-01 -9.566932e-02 -6.406609e-02 -3.206638e-02 1.324997e-04 3.233203e-02 6.433366e-02 9.594005e-02 1.269563e-01 1.571911e-01 1.864580e-01 2.145765e-01 2.413731e-01 2.666827e-01 2.903490e-01 3.122261e-01 3.321791e-01 3.500850e-01 3.658331e-01 3.793265e-01 3.904819e-01 3.992305e-01 4.055183e-01 4.093066e-01 4.105719e-01 
-4.721233e-01 -4.706677e-01 -4.663099e-01 -4.590768e-01 -4.490128e-01 -4.361800e-01 -4.206575e-01 -4.025407e-01 -3.819414e-01 -3.589864e-01 -3.338172e-01 -3.065888e-01 -2.774690e-01 -2.466372e-01 -2.142835e-01 -1.806072e-01 -1.458160e-01 -1.101242e-01 -7.375187e-02 -3.692331e-02 1.344553e-04 3.719293e-02 7.402359e-02 1.103993e-01 1.460958e-01 1.808929e-01 2.145760e-01 2.469374e-01 2.777774e-01 3.069059e-01 3.341432e-01 3.593213e-01 3.822849e-01 4.028924e-01 4.210167e-01 4.365460e-01 4.493845e-01 4.594531e-01 4.666896e-01 4.710495e-01 4.725058e-01 
-5.311313e-01 -5.294938e-01 -5.245915e-01 -5.164545e-01 -5.051330e-01 -4.906967e-01 -4.732345e-01 -4.528540e-01 -4.296807e-01 -4.038574e-01 -3.755432e-01 -3.449125e-01 -3.121541e-01 -2.774698e-01 -2.410733e-01 -2.031891e-01 -1.640506e-01 -1.238990e-01 -8.298193e-02 -4.155159e-02 1.365742e-04 4.182550e-02 8.325814e-02 1.241790e-01 1.643357e-01 2.034805e-01 2.413722e-01 2.777769e-01 3.124702e-01 3.452381e-01 3.758785e-01 4.042023e-01 4.300350e-01 4.532172e-01 4.736059e-01 4.910754e-01 5.055180e-01 5.168445e-01 5.249851e-01 5.298896e-01 5.315278e-01 
-5.868627e-01 -5.850535e-01 -5.796369e-01 -5.706463e-01 -5.581371e-01 -5.421863e-01 -5.228922e-01 -5.003737e-01 -4.747694e-01 -4.462370e-01 -4.149524e-01 -3.811084e-01 -3.449133e-01 -3.065904e-01 -2.663757e-01 -2.245172e-01 -1.812727e-01 -1.369090e-01 -9.169939e-02 -4.592272e-02 1.388043e-04 4.620117e-02 9.198033e-02 1.371940e-01 1.815633e-01 2.248146e-01 2.666813e-01 3.069050e-01 3.452377e-01 3.814429e-01 4.152975e-01 4.465925e-01 4.751350e-01 5.007490e-01 5.232764e-01 5.425784e-01 5.585359e-01 5.710505e-01 5.800451e-01 5.854641e-01 5.872741e-01 
-6.389742e-01 -6.370044e-01 -6.311069e-01 -6.213182e-01 -6.076984e-01 -5.903316e-01 -5.693246e-01 -5.448069e-01 -5.169295e-01 -4.858641e-01 -4.518021e-01 -4.149534e-01 -3.755450e-01 -3.338197e-01 -2.900348e-01 -2.444600e-01 -1.973763e-01 -1.490739e-01 -9.985057e-02 -5.000981e-02 1.410908e-04 5.029289e-02 1.001363e-01 1.493641e-01 1.976725e-01 2.447636e-01 2.903471e-01 3.341418e-01 3.758776e-01 4.152971e-01 4.521571e-01 4.862304e-01 5.173068e-01 5.451946e-01 5.697219e-01 5.907374e-01 6.081115e-01 6.217370e-01 6.315300e-01 6.374301e-01 6.394008e-01 
-6.871448e-01 -6.850264e-01 -6.786845e-01 -6.681579e-01 -6.535117e-01 -6.348359e-01 -6.122455e-01 -5.858799e-01 -5.559013e-01 -5.224944e-01 -4.858650e-01 -4.462389e-01 -4.038601e-01 -3.589899e-01 -3.119046e-01 -2.628947e-01 -2.122620e-01 -1.603188e-01 -1.073852e-01 -5.378769e-02 1.433773e-04 5.407542e-02 1.076759e-01 1.606142e-01 2.125638e-01 2.632045e-01 3.122238e-01 3.593195e-01 4.042011e-01 4.465917e-01 4.862300e-01 5.228715e-01 5.562901e-01 5.862799e-01 6.126558e-01 6.352553e-01 6.539388e-01 6.685914e-01 6.791225e-01 6.854672e-01 6.875865e-01 
-7.310775e-01 -7.288237e-01 -7.220764e-01 -7.108770e-01 -6.952945e-01 -6.754249e-01 -6.513906e-01 -6.233395e-01 -5.914446e-01 -5.559022e-01 -5.169314e-01 -4.747722e-01 -4.296843e-01 -3.819458e-01 -3.318506e-01 -2.797076e-01 -2.258382e-01 -1.705744e-01 -1.142570e-01 -5.723312e-02 1.456074e-04 5.752538e-02 1.145523e-01 1.708748e-01 2.261455e-01 2.800235e-01 3.321765e-01 3.822828e-01 4.300335e-01 4.751339e-01 5.173061e-01 5.562898e-01 5.918448e-01 6.237516e-01 6.518135e-01 6.758576e-01 6.957355e-01 7.113246e-01 7.225289e-01 7.292792e-01 7.315339e-01 
-7.705017e-01 -7.681265e-01 -7.610153e-01 -7.492121e-01 -7.327895e-01 -7.118486e-01 -6.865185e-01 -6.569550e-01 -6.233405e-01 -5.858818e-01 -5.448097e-01 -5.003774e-01 -4.528585e-01 -4.025460e-01 -3.497497e-01 -2.947952e-01 -2.380212e-01 -1.797776e-01 -1.204235e-01 -6.032490e-02 1.477263e-04 6.062146e-02 1.207234e-01 1.800828e-01 2.383337e-01 2.951168e-01 3.500819e-01 4.028900e-01 4.532153e-01 5.007476e-01 5.451937e-01 5.862794e-01 6.237513e-01 6.573785e-01 6.869535e-01 7.122939e-01 7.332435e-01 7.496732e-01 7.614816e-01 7.685958e-01 7.709721e-01 
-8.051747e-01 -8.026926e-01 -7.952615e-01 -7.829272e-01 -7.657657e-01 -7.438827e-01 -7.174129e-01 -6.865193e-01 -6.513924e-01 -6.122483e-01 -5.693283e-01 -5.228968e-01 -4.732399e-01 -4.206635e-01 -3.654917e-01 -3.080646e-01 -2.487360e-01 -1.878717e-01 -1.258469e-01 -6.304401e-02 1.496819e-04 6.334454e-02 1.261508e-01 1.881813e-01 2.490533e-01 3.083914e-01 3.658298e-01 4.210140e-01 4.736038e-01 5.232748e-01 5.697207e-01 6.126551e-01 6.518131e-01 6.869533e-01 7.178590e-01 7.443396e-01 7.662318e-01 7.834007e-01 7.957403e-01 8.031747e-01 8.056579e-01 
-8.348827e-01 -8.323090e-01 -8.246038e-01 -8.118146e-01 -7.940200e-01 -7.713297e-01 -7.438835e-01 -7.118503e-01 -6.754275e-01 -6.348394e-01 -5.903360e-01 -5.421917e-01 -4.907028e-01 -4.361869e-01 -3.789797e-01 -3.194339e-01 -2.579165e-01 -1.948067e-01 -1.304936e-01 -6.537372e-02 1.514259e-04 6.567779e-02 1.308013e-01 1.951203e-01 2.582381e-01 3.197655e-01 3.793229e-01 4.365431e-01 4.910731e-01 5.425766e-01 5.907361e-01 6.352544e-01 6.758570e-01 7.122936e-01 7.443394e-01 7.717969e-01 7.944968e-01 8.122990e-01 8.250939e-01 8.328025e-01 8.353774e-01 
-8.594429e-01 -8.567935e-01 -8.488617e-01 -8.356963e-01 -8.173784e-01 -7.940207e-01 -7.657672e-01 -7.327919e-01 -6.952978e-01 -6.535159e-01 -6.077036e-01 -5.581431e-01 -5.051398e-01 -4.490203e-01 -3.901304e-01 -3.288331e-01 -2.655062e-01 -2.005400e-01 -1.343351e-01 -6.729971e-02 1.529154e-04 6.760679e-02 1.346460e-01 2.008570e-01 2.658314e-01 3.291687e-01 3.904781e-01 4.493814e-01 5.055155e-01 5.585340e-01 6.081100e-01 6.539378e-01 6.957348e-01 7.332431e-01 7.662316e-01 7.944967e-01 8.178643e-01 8.361901e-01 8.493613e-01 8.572967e-01 8.599473e-01 
-8.787039e-01 -8.759951e-01 -8.678856e-01 -8.544252e-01 -8.356968e-01 -8.118158e-01 -7.829293e-01 -7.492150e-01 -7.108808e-01 -6.681627e-01 -6.213238e-01 -5.706528e-01 -5.164618e-01 -4.590848e-01 -3.988753e-01 -3.362043e-01 -2.714583e-01 -2.050363e-01 -1.373478e-01 -6.881012e-02 1.541138e-04 6.911964e-02 1.376611e-01 2.053559e-01 2.717865e-01 3.365432e-01 3.992265e-01 4.594499e-01 5.168419e-01 5.710485e-01 6.217355e-01 6.685903e-01 7.113239e-01 7.496727e-01 7.834004e-01 8.122989e-01 8.361901e-01 8.549266e-01 8.683930e-01 8.765061e-01 8.792161e-01 
-8.925471e-01 -8.897957e-01 -8.815584e-01 -8.678860e-01 -8.488627e-01 -8.246055e-01 -7.952639e-01 -7.610187e-01 -7.220806e-01 -6.786896e-01 -6.311130e-01 -5.796438e-01 -5.245992e-01 -4.663183e-01 -4.051603e-01 -3.415022e-01 -2.757362e-01 -2.082679e-01 -1.395130e-01 -6.989566e-02 1.549915e-04 7.020697e-02 1.398283e-01 2.085895e-01 2.760666e-01 3.418434e-01 4.055142e-01 4.666863e-01 5.249824e-01 5.800430e-01 6.315285e-01 6.791213e-01 7.225281e-01 7.614810e-01 7.957400e-01 8.250937e-01 8.493613e-01 8.683929e-01 8.820714e-01 8.903124e-01 8.930650e-01 
-9.008873e-01 -8.981102e-01 -8.897959e-01 -8.759958e-01 -8.567947e-01 -8.323110e-01 -8.026953e-01 -7.681301e-01 -7.288282e-01 -6.850318e-01 -6.370107e-01 -5.850606e-01 -5.295017e-01 -4.706763e-01 -4.089469e-01 -3.446940e-01 -2.783136e-01 -2.102148e-01 -1.408175e-01 -7.054968e-02 1.555269e-04 7.086206e-02 1.411339e-01 2.105376e-01 2.786452e-01 3.450367e-01 4.093024e-01 4.710461e-01 5.298869e-01 5.854620e-01 6.374285e-01 6.854661e-01 7.292784e-01 7.685953e-01 8.031744e-01 8.328023e-01 8.572966e-01 8.765061e-01 8.903124e-01 8.986303e-01 9.014087e-01 
-9.036731e-01 -9.008874e-01 -8.925474e-01 -8.787046e-01 -8.594442e-01 -8.348847e-01 -8.051775e-01 -7.705054e-01 -7.310821e-01 -6.871503e-01 -6.389807e-01 -5.868700e-01 -5.311393e-01 -4.721320e-01 -4.102117e-01 -3.457601e-01 -2.791744e-01 -2.108651e-01 -1.412533e-01 -7.076813e-02 1.557068e-04 7.108088e-02 1.415700e-01 2.111884e-01 2.795066e-01 3.461033e-01 4.105677e-01 4.725023e-01 5.315251e-01 5.872720e-01 6.393992e-01 6.875853e-01 7.315331e-01 7.709716e-01 8.056576e-01 8.353772e-01 8.599472e-01 8.792160e-01 8.930650e-01 9.014087e-01 9.041956e-01 
