1.251916e-03 1.236853e-03 1.191994e-03 1.118342e-03 1.017617e-03 8.923083e-04 7.456905e-04 5.817860e-04 4.052362e-04 2.210844e-04 3.449569e-05 1.495353e-04 3.264277e-04 4.921563e-04 6.432730e-04 7.768299e-04 8.902604e-04 9.812931e-04 1.047951e-03 1.088646e-03 1.102333e-03 
1.236832e-03 1.221944e-03 1.177608e-03 1.104821e-03 1.005291e-03 8.814850e-04 7.366445e-04 5.747445e-04 4.003658e-04 2.184822e-04 3.418643e-05 1.475945e-04 3.223366e-04 4.860580e-04 6.353428e-04 7.672688e-04 8.792954e-04 9.691816e-04 1.034984e-03 1.075150e-03 1.088658e-03 
1.191931e-03 1.177566e-03 1.134792e-03 1.064587e-03 9.686218e-04 8.492959e-04 7.097498e-04 5.538167e-04 3.858984e-04 2.107631e-04 3.329067e-05 1.417918e-04 3.101292e-04 4.678711e-04 6.116995e-04 7.387717e-04 8.466259e-04 9.331105e-04 9.963818e-04 1.034981e-03 1.047958e-03 
1.118272e-03 1.104771e-03 1.064577e-03 9.986321e-04 9.085387e-04 7.965824e-04 6.657322e-04 5.195878e-04 3.622596e-04 1.981850e-04 3.190063e-05 1.321892e-04 2.900069e-04 4.379219e-04 5.727855e-04 6.918942e-04 7.929194e-04 8.738537e-04 9.330075e-04 9.690661e-04 9.811834e-04 
1.017653e-03 1.005342e-03 9.687026e-04 9.086204e-04 8.265928e-04 7.247391e-04 6.057871e-04 4.730154e-04 3.301420e-04 1.811627e-04 3.015811e-05 1.189004e-04 2.623135e-04 3.967606e-04 5.193397e-04 6.275529e-04 7.192626e-04 7.926548e-04 8.462354e-04 8.788660e-04 8.898255e-04 
8.926290e-04 8.818126e-04 8.496311e-04 7.968915e-04 7.249468e-04 6.356947e-04 5.315536e-04 4.154022e-04 2.904792e-04 1.602475e-04 2.823849e-05 1.021023e-04 2.275458e-04 3.451692e-04 4.523996e-04 5.470174e-04 6.271358e-04 6.911796e-04 7.378803e-04 7.662933e-04 7.758310e-04 
7.465026e-04 7.374501e-04 7.105265e-04 6.664338e-04 6.063407e-04 5.318710e-04 4.450717e-04 3.483548e-04 2.444108e-04 1.360997e-04 2.633170e-05 8.204877e-05 1.863624e-04 2.841679e-04 3.733040e-04 4.519049e-04 5.183962e-04 5.714843e-04 6.101500e-04 6.336517e-04 6.415365e-04 
5.832631e-04 5.761967e-04 5.551894e-04 5.208151e-04 4.740220e-04 4.161145e-04 3.487188e-04 2.737297e-04 1.932401e-04 1.094585e-04 2.462276e-05 5.908100e-05 1.395896e-04 2.150176e-04 2.836938e-04 3.441802e-04 3.952756e-04 4.360105e-04 4.656377e-04 4.836263e-04 4.896578e-04 
4.074517e-04 4.025353e-04 3.879295e-04 3.640621e-04 3.316341e-04 2.915987e-04 2.451281e-04 1.935685e-04 1.383863e-04 8.111022e-05 2.327424e-05 3.363424e-05 8.821963e-05 1.392148e-04 1.855075e-04 2.261552e-04 2.603880e-04 2.876023e-04 3.073483e-04 3.193164e-04 3.233256e-04 
2.239636e-04 2.212949e-04 2.133808e-04 2.004931e-04 1.830715e-04 1.617029e-04 1.370917e-04 1.100249e-04 8.133367e-05 5.185752e-05 2.241207e-05 6.237865e-06 3.340067e-05 5.847582e-05 8.096592e-05 1.004811e-04 1.167343e-04 1.295279e-04 1.387362e-04 1.442857e-04 1.461393e-04 
3.780692e-05 3.741616e-05 3.628346e-05 3.452353e-05 3.231444e-05 2.987861e-05 2.745856e-05 2.529077e-05 2.358194e-05 2.249060e-05 2.211565e-05 2.249060e-05 2.358194e-05 2.529077e-05 2.745856e-05 2.987861e-05 3.231444e-05 3.452353e-05 3.628346e-05 3.741616e-05 3.780692e-05 
1.461393e-04 1.442857e-04 1.387362e-04 1.295279e-04 1.167343e-04 1.004811e-04 8.096592e-05 5.847582e-05 3.340067e-05 6.237865e-06 2.241207e-05 5.185752e-05 8.133367e-05 1.100249e-04 1.370917e-04 1.617029e-04 1.830715e-04 2.004931e-04 2.133808e-04 2.212949e-04 2.239636e-04 
3.233256e-04 3.193164e-04 3.073483e-04 2.876023e-04 2.603880e-04 2.261552e-04 1.855075e-04 1.392148e-04 8.821963e-05 3.363424e-05 2.327424e-05 8.111022e-05 1.383863e-04 1.935685e-04 2.451281e-04 2.915987e-04 3.316341e-04 3.640621e-04 3.879295e-04 4.025353e-04 4.074517e-04 
4.896578e-04 4.836263e-04 4.656377e-04 4.360105e-04 3.952756e-04 3.441802e-04 2.836938e-04 2.150176e-04 1.395896e-04 5.908100e-05 2.462276e-05 1.094585e-04 1.932401e-04 2.737297e-04 3.487188e-04 4.161145e-04 4.740220e-04 5.208151e-04 5.551894e-04 5.761967e-04 5.832631e-04 
6.415365e-04 6.336517e-04 6.101500e-04 5.714843e-04 5.183962e-04 4.519049e-04 3.733040e-04 2.841679e-04 1.863624e-04 8.204877e-05 2.633170e-05 1.360997e-04 2.444108e-04 3.483548e-04 4.450717e-04 5.318710e-04 6.063407e-04 6.664338e-04 7.105265e-04 7.374501e-04 7.465026e-04 
7.758310e-04 7.662933e-04 7.378803e-04 6.911796e-04 6.271358e-04 5.470174e-04 4.523996e-04 3.451692e-04 2.275458e-04 1.021023e-04 2.823849e-05 1.602475e-04 2.904792e-04 4.154022e-04 5.315536e-04 6.356947e-04 7.249468e-04 7.968915e-04 8.496311e-04 8.818126e-04 8.926290e-04 
8.898255e-04 8.788660e-04 8.462354e-04 7.926548e-04 7.192626e-04 6.275529e-04 5.193397e-04 3.967606e-04 2.623135e-04 1.189004e-04 3.015811e-05 1.811627e-04 3.301420e-04 4.730154e-04 6.057871e-04 7.247391e-04 8.265928e-04 9.086204e-04 9.687026e-04 1.005342e-03 1.017653e-03 
9.811834e-04 9.690661e-04 9.330075e-04 8.738537e-04 7.929194e-04 6.918942e-04 5.727855e-04 4.379219e-04 2.900069e-04 1.321892e-04 3.190063e-05 1.981850e-04 3.622596e-04 5.195878e-04 6.657322e-04 7.965824e-04 9.085387e-04 9.986321e-04 1.064577e-03 1.104771e-03 1.118272e-03 
1.047958e-03 1.034981e-03 9.963818e-04 9.331105e-04 8.466259e-04 7.387717e-04 6.116995e-04 4.678711e-04 3.101292e-04 1.417918e-04 3.329067e-05 2.107631e-04 3.858984e-04 5.538167e-04 7.097498e-04 8.492959e-04 9.686218e-04 1.064587e-03 1.134792e-03 1.177566e-03 1.191931e-03 
1.088658e-03 1.075150e-03 1.034984e-03 9.691816e-04 8.792954e-04 7.672688e-04 6.353428e-04 4.860580e-04 3.223366e-04 1.475945e-04 3.418643e-05 2.184822e-04 4.003658e-04 5.747445e-04 7.366445e-04 8.814850e-04 1.005291e-03 1.104821e-03 1.177608e-03 1.221944e-03 1.236832e-03 
1.102333e-03 1.088646e-03 1.047951e-03 9.812931e-04 8.902604e-04 7.768299e-04 6.432730e-04 4.921563e-04 3.264277e-04 1.495353e-04 3.449569e-05 2.210844e-04 4.052362e-04 5.817860e-04 7.456905e-04 8.923083e-04 1.017617e-03 1.118342e-03 1.191994e-03 1.236853e-03 1.251916e-03 
