7.033801e-05 7.022214e-05 6.987459e-05 6.929566e-05 6.848645e-05 6.744960e-05 6.619031e-05 6.471752e-05 6.304507e-05 6.119276e-05 5.918730e-05 5.706280e-05 5.486095e-05 5.263059e-05 5.042680e-05 4.830938e-05 4.634088e-05 4.458408e-05 4.309935e-05 4.194169e-05 4.115795e-05 4.078425e-05 4.084386e-05 4.134563e-05 4.228312e-05 4.363459e-05 4.536361e-05 4.742055e-05 4.974455e-05 5.226605e-05 5.490960e-05 5.759672e-05 6.024876e-05 6.278954e-05 6.514764e-05 6.725831e-05 6.906493e-05 7.052016e-05 7.158659e-05 7.223729e-05 7.245600e-05 
7.022212e-05 7.010627e-05 6.975878e-05 6.918002e-05 6.837115e-05 6.733491e-05 6.607661e-05 6.460531e-05 6.293492e-05 6.108533e-05 5.908327e-05 5.696284e-05 5.476566e-05 5.254044e-05 5.034207e-05 4.823014e-05 4.626690e-05 4.451485e-05 4.303403e-05 4.187915e-05 4.109679e-05 4.072286e-05 4.078047e-05 4.127838e-05 4.221019e-05 4.355423e-05 4.527426e-05 4.732088e-05 4.963354e-05 5.214302e-05 5.477422e-05 5.744902e-05 6.008912e-05 6.261866e-05 6.496650e-05 6.706812e-05 6.886711e-05 7.031625e-05 7.137827e-05 7.202629e-05 7.224411e-05 
6.987479e-05 6.975900e-05 6.941175e-05 6.883356e-05 6.802580e-05 6.699151e-05 6.573633e-05 6.426960e-05 6.260553e-05 6.076421e-05 5.877245e-05 5.666431e-05 5.448119e-05 5.227142e-05 5.008935e-05 4.799387e-05 4.604640e-05 4.430856e-05 4.283947e-05 4.169295e-05 4.091478e-05 4.054023e-05 4.059195e-05 4.107849e-05 4.199346e-05 4.331547e-05 4.500879e-05 4.702476e-05 4.930371e-05 5.177744e-05 5.437189e-05 5.701004e-05 5.961461e-05 6.211068e-05 6.442795e-05 6.650262e-05 6.827884e-05 6.970985e-05 7.075870e-05 7.139874e-05 7.161387e-05 
6.929713e-05 6.918151e-05 6.883481e-05 6.825780e-05 6.745222e-05 6.642156e-05 6.517195e-05 6.371327e-05 6.206014e-05 6.023296e-05 5.825868e-05 5.617127e-05 5.401175e-05 5.182783e-05 4.967296e-05 4.760487e-05 4.568365e-05 4.396945e-05 4.251990e-05 4.138736e-05 4.061633e-05 4.024101e-05 4.028332e-05 4.075144e-05 4.163901e-05 4.292511e-05 4.457485e-05 4.654074e-05 4.876456e-05 5.117976e-05 5.371403e-05 5.629208e-05 5.883835e-05 6.127946e-05 6.354651e-05 6.557686e-05 6.731562e-05 6.871679e-05 6.974395e-05 7.037083e-05 7.058156e-05 
6.849154e-05 6.837624e-05 6.803062e-05 6.745574e-05 6.665384e-05 6.562899e-05 6.438800e-05 6.294140e-05 6.130437e-05 5.949771e-05 5.754852e-05 5.549058e-05 5.336442e-05 5.121686e-05 4.910009e-05 4.707028e-05 4.518570e-05 4.350450e-05 4.208226e-05 4.096940e-05 4.020866e-05 3.983280e-05 3.986275e-05 4.030619e-05 4.115683e-05 4.239434e-05 4.398496e-05 4.588281e-05 4.803164e-05 5.036712e-05 5.281931e-05 5.531533e-05 5.778192e-05 6.014785e-05 6.234610e-05 6.431568e-05 6.600304e-05 6.736322e-05 6.836057e-05 6.896936e-05 6.917403e-05 
6.746232e-05 6.734759e-05 6.700383e-05 6.643246e-05 6.563627e-05 6.462007e-05 6.339144e-05 6.196166e-05 6.034658e-05 5.856741e-05 5.665138e-05 5.463203e-05 5.254920e-05 5.044858e-05 4.838079e-05 4.640003e-05 4.456230e-05 4.292331e-05 4.153610e-05 4.044869e-05 3.970165e-05 3.932600e-05 3.934143e-05 3.975500e-05 4.056051e-05 4.173835e-05 4.325618e-05 4.507005e-05 4.712616e-05 4.936291e-05 5.171330e-05 5.410742e-05 5.647487e-05 5.874713e-05 6.085956e-05 6.275324e-05 6.437631e-05 6.568517e-05 6.664518e-05 6.723130e-05 6.742837e-05 
6.621656e-05 6.610277e-05 6.576194e-05 6.519591e-05 6.440808e-05 6.340406e-05 6.219227e-05 6.078482e-05 5.919822e-05 5.745412e-05 5.557981e-05 5.360847e-05 5.157909e-05 4.953598e-05 4.752789e-05 4.560671e-05 4.382579e-05 4.223796e-05 4.089338e-05 3.983723e-05 3.910761e-05 3.873351e-05 3.873319e-05 3.911303e-05 3.986687e-05 4.097599e-05 4.240962e-05 4.412610e-05 4.607442e-05 4.819616e-05 5.042774e-05 5.270270e-05 5.495405e-05 5.711641e-05 5.912799e-05 6.093233e-05 6.247964e-05 6.372794e-05 6.464385e-05 6.520318e-05 6.539125e-05 
6.476518e-05 6.465276e-05 6.431623e-05 6.375781e-05 6.298159e-05 6.199394e-05 6.080419e-05 5.942525e-05 5.787429e-05 5.617334e-05 5.434966e-05 5.243593e-05 5.047010e-05 4.849488e-05 4.655690e-05 4.470544e-05 4.299086e-05 4.146282e-05 4.016822e-05 3.914917e-05 3.844099e-05 3.807046e-05 3.805425e-05 3.839798e-05 3.909556e-05 4.012919e-05 4.146991e-05 4.307851e-05 4.490709e-05 4.690078e-05 4.899977e-05 5.114149e-05 5.326273e-05 5.530168e-05 5.719982e-05 5.890349e-05 6.036530e-05 6.154518e-05 6.241121e-05 6.294020e-05 6.311810e-05 
6.312382e-05 6.301332e-05 6.268268e-05 6.213456e-05 6.137365e-05 6.040714e-05 5.924518e-05 5.790146e-05 5.639374e-05 5.474431e-05 5.298029e-05 5.113370e-05 4.924128e-05 4.734394e-05 4.548594e-05 4.371371e-05 4.207442e-05 4.061426e-05 3.937668e-05 3.840048e-05 3.771806e-05 3.735379e-05 3.732272e-05 3.762960e-05 3.826843e-05 3.922242e-05 4.046445e-05 4.195799e-05 4.365841e-05 4.551463e-05 4.747093e-05 4.946890e-05 5.144946e-05 5.335471e-05 5.512966e-05 5.672383e-05 5.809247e-05 5.919769e-05 6.000923e-05 6.050506e-05 6.067183e-05 
6.131383e-05 6.120585e-05 6.088288e-05 6.034797e-05 5.960643e-05 5.866616e-05 5.753807e-05 5.623652e-05 5.477975e-05 5.319019e-05 5.149466e-05 4.972436e-05 4.791465e-05 4.610444e-05 4.433547e-05 4.265113e-05 4.109522e-05 3.971035e-05 3.853635e-05 3.760860e-05 3.695648e-05 3.660189e-05 3.655815e-05 3.682918e-05 3.740903e-05 3.828193e-05 3.942269e-05 4.079750e-05 4.236516e-05 4.407849e-05 4.588601e-05 4.773370e-05 4.956682e-05 5.133160e-05 5.297687e-05 5.445551e-05 5.572571e-05 5.675192e-05 5.750571e-05 5.796639e-05 5.812135e-05 
5.936291e-05 5.925806e-05 5.894460e-05 5.842593e-05 5.770788e-05 5.679901e-05 5.571085e-05 5.445831e-05 5.305994e-05 5.153815e-05 4.991932e-05 4.823367e-05 4.651498e-05 4.480009e-05 4.312803e-05 4.153911e-05 4.007362e-05 3.877054e-05 3.766605e-05 3.679207e-05 3.617493e-05 3.583406e-05 3.578105e-05 3.601895e-05 3.654188e-05 3.733508e-05 3.837527e-05 3.963138e-05 4.106564e-05 4.263481e-05 4.429174e-05 4.598685e-05 4.766986e-05 4.929125e-05 5.080385e-05 5.216407e-05 5.333314e-05 5.427807e-05 5.497241e-05 5.539685e-05 5.553964e-05 
5.730550e-05 5.720437e-05 5.690220e-05 5.640267e-05 5.571205e-05 5.483942e-05 5.379682e-05 5.259954e-05 5.126628e-05 4.981926e-05 4.828423e-05 4.669030e-05 4.506959e-05 4.345670e-05 4.188796e-05 4.040049e-05 3.903113e-05 3.781524e-05 3.678537e-05 3.597006e-05 3.539262e-05 3.507007e-05 3.501230e-05 3.522150e-05 3.569183e-05 3.640951e-05 3.735311e-05 3.849426e-05 3.979851e-05 4.122653e-05 4.273540e-05 4.428000e-05 4.581446e-05 4.729359e-05 4.867420e-05 4.991636e-05 5.098444e-05 5.184807e-05 5.248285e-05 5.287096e-05 5.300155e-05 
5.518277e-05 5.508590e-05 5.479657e-05 5.431871e-05 5.365893e-05 5.282669e-05 5.183440e-05 5.069755e-05 4.943483e-05 4.806811e-05 4.662239e-05 4.512551e-05 4.360787e-05 4.210178e-05 4.064086e-05 3.925913e-05 3.799003e-05 3.686538e-05 3.591426e-05 3.516195e-05 3.462885e-05 3.432966e-05 3.427264e-05 3.445914e-05 3.488335e-05 3.553238e-05 3.638658e-05 3.742009e-05 3.860166e-05 3.989571e-05 4.126338e-05 4.266385e-05 4.405558e-05 4.539760e-05 4.665068e-05 4.777848e-05 4.874854e-05 4.953312e-05 5.010994e-05 5.046266e-05 5.058135e-05 
5.304220e-05 5.294998e-05 5.267468e-05 5.222039e-05 5.159398e-05 5.080517e-05 4.986657e-05 4.879374e-05 4.760520e-05 4.632234e-05 4.496927e-05 4.357254e-05 4.216074e-05 4.076397e-05 3.941319e-05 3.813941e-05 3.697284e-05 3.594197e-05 3.507258e-05 3.438685e-05 3.390250e-05 3.363202e-05 3.358211e-05 3.375332e-05 3.413984e-05 3.472960e-05 3.550452e-05 3.644109e-05 3.751105e-05 3.868224e-05 3.991967e-05 4.118655e-05 4.244545e-05 4.365942e-05 4.479302e-05 4.581343e-05 4.669123e-05 4.740130e-05 4.792339e-05 4.824268e-05 4.835012e-05 
5.093655e-05 5.084921e-05 5.058860e-05 5.015892e-05 4.956722e-05 4.882335e-05 4.794002e-05 4.693273e-05 4.581971e-05 4.462176e-05 4.336208e-05 4.206588e-05 4.076001e-05 3.947243e-05 3.823157e-05 3.706565e-05 3.600185e-05 3.506558e-05 3.427957e-05 3.366317e-05 3.323159e-05 3.299528e-05 3.295951e-05 3.312404e-05 3.348302e-05 3.402504e-05 3.473345e-05 3.558682e-05 3.655954e-05 3.762259e-05 3.874447e-05 3.989209e-05 4.103181e-05 4.213038e-05 4.315595e-05 4.407895e-05 4.487287e-05 4.551505e-05 4.598722e-05 4.627597e-05 4.637313e-05 
4.892251e-05 4.884006e-05 4.859413e-05 4.818902e-05 4.763185e-05 4.693258e-05 4.610389e-05 4.516115e-05 4.412224e-05 4.300737e-05 4.183879e-05 4.064045e-05 3.943757e-05 3.825611e-05 3.712222e-05 3.606155e-05 3.509856e-05 3.425585e-05 3.355345e-05 3.300811e-05 3.263278e-05 3.243607e-05 3.242191e-05 3.258929e-05 3.293224e-05 3.343990e-05 3.409680e-05 3.488326e-05 3.577596e-05 3.674865e-05 3.777288e-05 3.881884e-05 3.985625e-05 4.085523e-05 4.178714e-05 4.262536e-05 4.334607e-05 4.392885e-05 4.435725e-05 4.461921e-05 4.470736e-05 
4.705879e-05 4.698096e-05 4.674895e-05 4.636709e-05 4.584257e-05 4.518539e-05 4.440821e-05 4.352622e-05 4.255697e-05 4.152011e-05 4.043704e-05 3.933057e-05 3.822448e-05 3.714299e-05 3.611021e-05 3.514955e-05 3.428311e-05 3.353102e-05 3.291090e-05 3.243725e-05 3.212100e-05 3.196909e-05 3.198420e-05 3.216458e-05 3.250406e-05 3.299212e-05 3.361418e-05 3.435201e-05 3.518419e-05 3.608671e-05 3.703373e-05 3.799824e-05 3.895284e-05 3.987054e-05 4.072550e-05 4.149373e-05 4.215374e-05 4.268712e-05 4.307905e-05 4.331864e-05 4.339924e-05 
4.540385e-05 4.533012e-05 4.511042e-05 4.474913e-05 4.425352e-05 4.363363e-05 4.290212e-05 4.207408e-05 4.116681e-05 4.019950e-05 3.919290e-05 3.816889e-05 3.715007e-05 3.615921e-05 3.521876e-05 3.435024e-05 3.357376e-05 3.290739e-05 3.236667e-05 3.196417e-05 3.170903e-05 3.160671e-05 3.165871e-05 3.186254e-05 3.221169e-05 3.269581e-05 3.330090e-05 3.400977e-05 3.480243e-05 3.565668e-05 3.654873e-05 3.745381e-05 3.834691e-05 3.920343e-05 3.999986e-05 4.071439e-05 4.132753e-05 4.182259e-05 4.218611e-05 4.240825e-05 4.248296e-05 
4.401351e-05 4.394305e-05 4.373319e-05 4.338840e-05 4.291606e-05 4.232632e-05 4.163193e-05 4.084802e-05 3.999180e-05 3.908222e-05 3.813962e-05 3.718527e-05 3.624092e-05 3.532828e-05 3.446851e-05 3.368171e-05 3.298638e-05 3.239891e-05 3.193317e-05 3.160004e-05 3.140717e-05 3.135864e-05 3.145487e-05 3.169257e-05 3.206476e-05 3.256097e-05 3.316749e-05 3.386775e-05 3.464274e-05 3.547150e-05 3.633175e-05 3.720043e-05 3.805433e-05 3.887072e-05 3.962792e-05 4.030588e-05 4.088671e-05 4.135510e-05 4.169873e-05 4.190859e-05 4.197916e-05 
4.293829e-05 4.287001e-05 4.266672e-05 4.233302e-05 4.187648e-05 4.130751e-05 4.063911e-05 3.988664e-05 3.906746e-05 3.820060e-05 3.730633e-05 3.640567e-05 3.551995e-05 3.467024e-05 3.387689e-05 3.315901e-05 3.253393e-05 3.201678e-05 3.162009e-05 3.135338e-05 3.122297e-05 3.123173e-05 3.137901e-05 3.166063e-05 3.206898e-05 3.259321e-05 3.321953e-05 3.393155e-05 3.471073e-05 3.553685e-05 3.638858e-05 3.724397e-05 3.808107e-05 3.887848e-05 3.961586e-05 4.027447e-05 4.083763e-05 4.129108e-05 4.162338e-05 4.182617e-05 4.189434e-05 
4.222099e-05 4.215354e-05 4.195280e-05 4.162358e-05 4.117378e-05 4.061421e-05 3.995835e-05 3.922207e-05 3.842323e-05 3.758129e-05 3.671684e-05 3.585113e-05 3.500552e-05 3.420097e-05 3.345749e-05 3.279366e-05 3.222611e-05 3.176911e-05 3.143418e-05 3.122977e-05 3.116106e-05 3.122977e-05 3.143418e-05 3.176911e-05 3.222611e-05 3.279366e-05 3.345749e-05 3.420097e-05 3.500552e-05 3.585113e-05 3.671684e-05 3.758129e-05 3.842323e-05 3.922207e-05 3.995835e-05 4.061421e-05 4.117378e-05 4.162358e-05 4.195280e-05 4.215354e-05 4.222099e-05 
4.189434e-05 4.182617e-05 4.162338e-05 4.129108e-05 4.083763e-05 4.027447e-05 3.961586e-05 3.887848e-05 3.808107e-05 3.724397e-05 3.638858e-05 3.553685e-05 3.471073e-05 3.393155e-05 3.321953e-05 3.259321e-05 3.206898e-05 3.166063e-05 3.137901e-05 3.123173e-05 3.122297e-05 3.135338e-05 3.162009e-05 3.201678e-05 3.253393e-05 3.315901e-05 3.387689e-05 3.467024e-05 3.551995e-05 3.640567e-05 3.730633e-05 3.820060e-05 3.906746e-05 3.988664e-05 4.063911e-05 4.130751e-05 4.187648e-05 4.233302e-05 4.266672e-05 4.287001e-05 4.293829e-05 
4.197916e-05 4.190859e-05 4.169873e-05 4.135510e-05 4.088671e-05 4.030588e-05 3.962792e-05 3.887072e-05 3.805433e-05 3.720043e-05 3.633175e-05 3.547150e-05 3.464274e-05 3.386775e-05 3.316749e-05 3.256097e-05 3.206476e-05 3.169257e-05 3.145487e-05 3.135864e-05 3.140717e-05 3.160004e-05 3.193317e-05 3.239891e-05 3.298638e-05 3.368171e-05 3.446851e-05 3.532828e-05 3.624092e-05 3.718527e-05 3.813962e-05 3.908222e-05 3.999180e-05 4.084802e-05 4.163193e-05 4.232632e-05 4.291606e-05 4.338840e-05 4.373319e-05 4.394305e-05 4.401351e-05 
4.248296e-05 4.240825e-05 4.218611e-05 4.182259e-05 4.132753e-05 4.071439e-05 3.999986e-05 3.920343e-05 3.834691e-05 3.745381e-05 3.654873e-05 3.565668e-05 3.480243e-05 3.400977e-05 3.330090e-05 3.269581e-05 3.221169e-05 3.186254e-05 3.165871e-05 3.160671e-05 3.170903e-05 3.196417e-05 3.236667e-05 3.290739e-05 3.357376e-05 3.435024e-05 3.521876e-05 3.615921e-05 3.715007e-05 3.816889e-05 3.919290e-05 4.019950e-05 4.116681e-05 4.207408e-05 4.290212e-05 4.363363e-05 4.425352e-05 4.474913e-05 4.511042e-05 4.533012e-05 4.540385e-05 
4.339924e-05 4.331864e-05 4.307905e-05 4.268712e-05 4.215374e-05 4.149373e-05 4.072550e-05 3.987054e-05 3.895284e-05 3.799824e-05 3.703373e-05 3.608671e-05 3.518419e-05 3.435201e-05 3.361418e-05 3.299212e-05 3.250406e-05 3.216458e-05 3.198420e-05 3.196909e-05 3.212100e-05 3.243725e-05 3.291090e-05 3.353102e-05 3.428311e-05 3.514955e-05 3.611021e-05 3.714299e-05 3.822448e-05 3.933057e-05 4.043704e-05 4.152011e-05 4.255697e-05 4.352622e-05 4.440821e-05 4.518539e-05 4.584257e-05 4.636709e-05 4.674895e-05 4.698096e-05 4.705879e-05 
4.470736e-05 4.461921e-05 4.435725e-05 4.392885e-05 4.334607e-05 4.262536e-05 4.178714e-05 4.085523e-05 3.985625e-05 3.881884e-05 3.777288e-05 3.674865e-05 3.577596e-05 3.488326e-05 3.409680e-05 3.343990e-05 3.293224e-05 3.258929e-05 3.242191e-05 3.243607e-05 3.263278e-05 3.300811e-05 3.355345e-05 3.425585e-05 3.509856e-05 3.606155e-05 3.712222e-05 3.825611e-05 3.943757e-05 4.064045e-05 4.183879e-05 4.300737e-05 4.412224e-05 4.516115e-05 4.610389e-05 4.693258e-05 4.763185e-05 4.818902e-05 4.859413e-05 4.884006e-05 4.892251e-05 
4.637313e-05 4.627597e-05 4.598722e-05 4.551505e-05 4.487287e-05 4.407895e-05 4.315595e-05 4.213038e-05 4.103181e-05 3.989209e-05 3.874447e-05 3.762259e-05 3.655954e-05 3.558682e-05 3.473345e-05 3.402504e-05 3.348302e-05 3.312404e-05 3.295951e-05 3.299528e-05 3.323159e-05 3.366317e-05 3.427957e-05 3.506558e-05 3.600185e-05 3.706565e-05 3.823157e-05 3.947243e-05 4.076001e-05 4.206588e-05 4.336208e-05 4.462176e-05 4.581971e-05 4.693273e-05 4.794002e-05 4.882335e-05 4.956722e-05 5.015892e-05 5.058860e-05 5.084921e-05 5.093655e-05 
4.835012e-05 4.824268e-05 4.792339e-05 4.740130e-05 4.669123e-05 4.581343e-05 4.479302e-05 4.365942e-05 4.244545e-05 4.118655e-05 3.991967e-05 3.868224e-05 3.751105e-05 3.644109e-05 3.550452e-05 3.472960e-05 3.413984e-05 3.375332e-05 3.358211e-05 3.363202e-05 3.390250e-05 3.438685e-05 3.507258e-05 3.594197e-05 3.697284e-05 3.813941e-05 3.941319e-05 4.076397e-05 4.216074e-05 4.357254e-05 4.496927e-05 4.632234e-05 4.760520e-05 4.879374e-05 4.986657e-05 5.080517e-05 5.159398e-05 5.222039e-05 5.267468e-05 5.294998e-05 5.304220e-05 
5.058135e-05 5.046266e-05 5.010994e-05 4.953312e-05 4.874854e-05 4.777848e-05 4.665068e-05 4.539760e-05 4.405558e-05 4.266385e-05 4.126338e-05 3.989571e-05 3.860166e-05 3.742009e-05 3.638658e-05 3.553238e-05 3.488335e-05 3.445914e-05 3.427264e-05 3.432966e-05 3.462885e-05 3.516195e-05 3.591426e-05 3.686538e-05 3.799003e-05 3.925913e-05 4.064086e-05 4.210178e-05 4.360787e-05 4.512551e-05 4.662239e-05 4.806811e-05 4.943483e-05 5.069755e-05 5.183440e-05 5.282669e-05 5.365893e-05 5.431871e-05 5.479657e-05 5.508590e-05 5.518277e-05 
5.300155e-05 5.287096e-05 5.248285e-05 5.184807e-05 5.098444e-05 4.991636e-05 4.867420e-05 4.729359e-05 4.581446e-05 4.428000e-05 4.273540e-05 4.122653e-05 3.979851e-05 3.849426e-05 3.735311e-05 3.640951e-05 3.569183e-05 3.522150e-05 3.501230e-05 3.507007e-05 3.539262e-05 3.597006e-05 3.678537e-05 3.781524e-05 3.903113e-05 4.040049e-05 4.188796e-05 4.345670e-05 4.506959e-05 4.669030e-05 4.828423e-05 4.981926e-05 5.126628e-05 5.259954e-05 5.379682e-05 5.483942e-05 5.571205e-05 5.640267e-05 5.690220e-05 5.720437e-05 5.730550e-05 
5.553964e-05 5.539685e-05 5.497241e-05 5.427807e-05 5.333314e-05 5.216407e-05 5.080385e-05 4.929125e-05 4.766986e-05 4.598685e-05 4.429174e-05 4.263481e-05 4.106564e-05 3.963138e-05 3.837527e-05 3.733508e-05 3.654188e-05 3.601895e-05 3.578105e-05 3.583406e-05 3.617493e-05 3.679207e-05 3.766605e-05 3.877054e-05 4.007362e-05 4.153911e-05 4.312803e-05 4.480009e-05 4.651498e-05 4.823367e-05 4.991932e-05 5.153815e-05 5.305994e-05 5.445831e-05 5.571085e-05 5.679901e-05 5.770788e-05 5.842593e-05 5.894460e-05 5.925806e-05 5.936291e-05 
5.812135e-05 5.796639e-05 5.750571e-05 5.675192e-05 5.572571e-05 5.445551e-05 5.297687e-05 5.133160e-05 4.956682e-05 4.773370e-05 4.588601e-05 4.407849e-05 4.236516e-05 4.079750e-05 3.942269e-05 3.828193e-05 3.740903e-05 3.682918e-05 3.655815e-05 3.660189e-05 3.695648e-05 3.760860e-05 3.853635e-05 3.971035e-05 4.109522e-05 4.265113e-05 4.433547e-05 4.610444e-05 4.791465e-05 4.972436e-05 5.149466e-05 5.319019e-05 5.477975e-05 5.623652e-05 5.753807e-05 5.866616e-05 5.960643e-05 6.034797e-05 6.088288e-05 6.120585e-05 6.131383e-05 
6.067183e-05 6.050506e-05 6.000923e-05 5.919769e-05 5.809247e-05 5.672383e-05 5.512966e-05 5.335471e-05 5.144946e-05 4.946890e-05 4.747093e-05 4.551463e-05 4.365841e-05 4.195799e-05 4.046445e-05 3.922242e-05 3.826843e-05 3.762960e-05 3.732272e-05 3.735379e-05 3.771806e-05 3.840048e-05 3.937668e-05 4.061426e-05 4.207442e-05 4.371371e-05 4.548594e-05 4.734394e-05 4.924128e-05 5.113370e-05 5.298028e-05 5.474431e-05 5.639374e-05 5.790146e-05 5.924518e-05 6.040714e-05 6.137365e-05 6.213456e-05 6.268268e-05 6.301332e-05 6.312382e-05 
6.311810e-05 6.294020e-05 6.241121e-05 6.154518e-05 6.036530e-05 5.890349e-05 5.719982e-05 5.530168e-05 5.326273e-05 5.114149e-05 4.899977e-05 4.690078e-05 4.490709e-05 4.307851e-05 4.146991e-05 4.012919e-05 3.909556e-05 3.839798e-05 3.805425e-05 3.807046e-05 3.844099e-05 3.914917e-05 4.016822e-05 4.146282e-05 4.299086e-05 4.470544e-05 4.655690e-05 4.849488e-05 5.047010e-05 5.243593e-05 5.434966e-05 5.617334e-05 5.787429e-05 5.942525e-05 6.080419e-05 6.199394e-05 6.298159e-05 6.375781e-05 6.431623e-05 6.465276e-05 6.476518e-05 
6.539125e-05 6.520318e-05 6.464385e-05 6.372794e-05 6.247964e-05 6.093233e-05 5.912799e-05 5.711641e-05 5.495405e-05 5.270270e-05 5.042774e-05 4.819616e-05 4.607442e-05 4.412610e-05 4.240962e-05 4.097599e-05 3.986687e-05 3.911303e-05 3.873319e-05 3.873351e-05 3.910761e-05 3.983723e-05 4.089338e-05 4.223796e-05 4.382579e-05 4.560671e-05 4.752789e-05 4.953598e-05 5.157909e-05 5.360847e-05 5.557981e-05 5.745412e-05 5.919822e-05 6.078482e-05 6.219227e-05 6.340406e-05 6.440808e-05 6.519591e-05 6.576194e-05 6.610277e-05 6.621656e-05 
6.742837e-05 6.723130e-05 6.664518e-05 6.568517e-05 6.437631e-05 6.275324e-05 6.085956e-05 5.874713e-05 5.647487e-05 5.410742e-05 5.171330e-05 4.936291e-05 4.712616e-05 4.507005e-05 4.325618e-05 4.173835e-05 4.056051e-05 3.975500e-05 3.934143e-05 3.932600e-05 3.970165e-05 4.044869e-05 4.153610e-05 4.292331e-05 4.456230e-05 4.640003e-05 4.838079e-05 5.044858e-05 5.254920e-05 5.463203e-05 5.665138e-05 5.856741e-05 6.034658e-05 6.196166e-05 6.339144e-05 6.462007e-05 6.563627e-05 6.643246e-05 6.700383e-05 6.734759e-05 6.746232e-05 
6.917403e-05 6.896936e-05 6.836057e-05 6.736322e-05 6.600304e-05 6.431568e-05 6.234610e-05 6.014785e-05 5.778192e-05 5.531533e-05 5.281931e-05 5.036712e-05 4.803164e-05 4.588281e-05 4.398496e-05 4.239434e-05 4.115683e-05 4.030619e-05 3.986275e-05 3.983280e-05 4.020866e-05 4.096940e-05 4.208226e-05 4.350450e-05 4.518570e-05 4.707028e-05 4.910009e-05 5.121686e-05 5.336442e-05 5.549058e-05 5.754852e-05 5.949771e-05 6.130437e-05 6.294140e-05 6.438800e-05 6.562899e-05 6.665384e-05 6.745574e-05 6.803062e-05 6.837624e-05 6.849154e-05 
7.058156e-05 7.037083e-05 6.974395e-05 6.871679e-05 6.731562e-05 6.557686e-05 6.354651e-05 6.127946e-05 5.883835e-05 5.629208e-05 5.371403e-05 5.117976e-05 4.876456e-05 4.654074e-05 4.457485e-05 4.292511e-05 4.163901e-05 4.075144e-05 4.028332e-05 4.024101e-05 4.061633e-05 4.138736e-05 4.251990e-05 4.396945e-05 4.568365e-05 4.760487e-05 4.967296e-05 5.182783e-05 5.401175e-05 5.617127e-05 5.825868e-05 6.023296e-05 6.206014e-05 6.371327e-05 6.517195e-05 6.642156e-05 6.745222e-05 6.825780e-05 6.883481e-05 6.918151e-05 6.929713e-05 
7.161387e-05 7.139874e-05 7.075870e-05 6.970985e-05 6.827884e-05 6.650262e-05 6.442795e-05 6.211068e-05 5.961461e-05 5.701004e-05 5.437189e-05 5.177744e-05 4.930371e-05 4.702476e-05 4.500879e-05 4.331547e-05 4.199346e-05 4.107849e-05 4.059195e-05 4.054023e-05 4.091478e-05 4.169295e-05 4.283947e-05 4.430856e-05 4.604640e-05 4.799387e-05 5.008935e-05 5.227142e-05 5.448119e-05 5.666431e-05 5.877245e-05 6.076421e-05 6.260553e-05 6.426960e-05 6.573633e-05 6.699151e-05 6.802580e-05 6.883356e-05 6.941175e-05 6.975900e-05 6.987479e-05 
7.224411e-05 7.202629e-05 7.137827e-05 7.031625e-05 6.886711e-05 6.706812e-05 6.496650e-05 6.261866e-05 6.008912e-05 5.744902e-05 5.477422e-05 5.214302e-05 4.963354e-05 4.732088e-05 4.527426e-05 4.355423e-05 4.221019e-05 4.127838e-05 4.078047e-05 4.072286e-05 4.109679e-05 4.187915e-05 4.303403e-05 4.451485e-05 4.626690e-05 4.823014e-05 5.034207e-05 5.254044e-05 5.476566e-05 5.696284e-05 5.908327e-05 6.108533e-05 6.293492e-05 6.460531e-05 6.607661e-05 6.733491e-05 6.837115e-05 6.918002e-05 6.975878e-05 7.010627e-05 7.022212e-05 
7.245600e-05 7.223729e-05 7.158659e-05 7.052016e-05 6.906493e-05 6.725831e-05 6.514764e-05 6.278954e-05 6.024876e-05 5.759672e-05 5.490960e-05 5.226605e-05 4.974455e-05 4.742055e-05 4.536361e-05 4.363459e-05 4.228312e-05 4.134563e-05 4.084386e-05 4.078425e-05 4.115795e-05 4.194169e-05 4.309935e-05 4.458408e-05 4.634088e-05 4.830938e-05 5.042680e-05 5.263059e-05 5.486095e-05 5.706280e-05 5.918730e-05 6.119276e-05 6.304507e-05 6.471752e-05 6.619031e-05 6.744960e-05 6.848645e-05 6.929566e-05 6.987459e-05 7.022214e-05 7.033801e-05 
