9.060893e-01 8.949342e-01 8.617435e-01 8.073344e-01 7.330465e-01 6.407090e-01 5.325958e-01 4.113694e-01 2.800154e-01 1.417688e-01 3.449569e-05 -1.416973e-01 -2.799366e-01 -4.112797e-01 -5.324934e-01 -6.405935e-01 -7.329191e-01 -8.071973e-01 -8.615995e-01 -8.947860e-01 -9.059398e-01 
8.949342e-01 8.839164e-01 8.511343e-01 7.973950e-01 7.240216e-01 6.328210e-01 5.260388e-01 4.063049e-01 2.765680e-01 1.400236e-01 3.418643e-05 -1.399527e-01 -2.764900e-01 -4.062162e-01 -5.259375e-01 -6.327067e-01 -7.238957e-01 -7.972594e-01 -8.509917e-01 -8.837696e-01 -8.947860e-01 
8.617435e-01 8.511343e-01 8.195679e-01 7.678216e-01 6.971694e-01 6.093511e-01 5.065292e-01 3.912360e-01 2.663109e-01 1.348307e-01 3.329067e-05 -1.347617e-01 -2.662352e-01 -3.911501e-01 -5.064312e-01 -6.092406e-01 -6.970474e-01 -7.676901e-01 -8.194295e-01 -8.509917e-01 -8.615995e-01 
8.073343e-01 7.973950e-01 7.678216e-01 7.193424e-01 6.531510e-01 5.708774e-01 4.745476e-01 3.665340e-01 2.494967e-01 1.263182e-01 3.190063e-05 -1.262522e-01 -2.494245e-01 -3.664523e-01 -4.744547e-01 -5.707727e-01 -6.530354e-01 -7.192176e-01 -7.676900e-01 -7.972593e-01 -8.071972e-01 
7.330465e-01 7.240217e-01 6.971695e-01 6.531511e-01 5.930504e-01 5.183473e-01 4.308815e-01 3.328072e-01 2.265395e-01 1.146957e-01 3.015811e-05 -1.146334e-01 -2.264717e-01 -3.327309e-01 -4.307951e-01 -5.182501e-01 -5.929430e-01 -6.530351e-01 -6.970470e-01 -7.238952e-01 -7.329187e-01 
6.407093e-01 6.328213e-01 6.093514e-01 5.708777e-01 5.183475e-01 4.530544e-01 3.766064e-01 2.908861e-01 1.980047e-01 1.002496e-01 2.823849e-05 -1.001915e-01 -1.979418e-01 -2.908159e-01 -3.765272e-01 -4.529657e-01 -5.182497e-01 -5.707720e-01 -6.092397e-01 -6.327058e-01 -6.405925e-01 
5.325966e-01 5.260396e-01 5.065300e-01 4.745483e-01 4.308821e-01 3.766067e-01 3.130587e-01 2.418032e-01 1.645951e-01 8.333578e-02 2.633170e-05 -8.328173e-02 -1.645371e-01 -2.417391e-01 -3.129869e-01 -3.765267e-01 -4.307942e-01 -4.744534e-01 -5.064296e-01 -5.259358e-01 -5.324916e-01 
4.113709e-01 4.063063e-01 3.912374e-01 3.665352e-01 3.328082e-01 2.908868e-01 2.418036e-01 1.867674e-01 1.271336e-01 6.437080e-02 2.462276e-05 -6.432042e-02 -1.270799e-01 -1.867087e-01 -2.417386e-01 -2.908149e-01 -3.327294e-01 -3.664504e-01 -3.911479e-01 -4.062137e-01 -4.112772e-01 
2.800176e-01 2.765702e-01 2.663130e-01 2.494985e-01 2.265410e-01 1.980058e-01 1.645958e-01 1.271339e-01 8.654267e-02 4.382177e-02 2.327424e-05 -4.377430e-02 -8.649250e-02 -1.270796e-01 -1.645362e-01 -1.979404e-01 -2.264697e-01 -2.494221e-01 -2.662324e-01 -2.764870e-01 -2.799335e-01 
1.417717e-01 1.400264e-01 1.348333e-01 1.263205e-01 1.146976e-01 1.002511e-01 8.333678e-02 6.437136e-02 4.382200e-02 2.219481e-02 2.241207e-05 -2.214919e-02 -4.377406e-02 -6.431981e-02 -8.328065e-02 -1.001899e-01 -1.146313e-01 -1.262495e-01 -1.347587e-01 -1.399494e-01 -1.416939e-01 
3.780692e-05 3.741616e-05 3.628346e-05 3.452353e-05 3.231444e-05 2.987861e-05 2.745856e-05 2.529077e-05 2.358194e-05 2.249060e-05 2.211565e-05 2.249060e-05 2.358194e-05 2.529077e-05 2.745856e-05 2.987861e-05 3.231444e-05 3.452353e-05 3.628346e-05 3.741616e-05 3.780692e-05 
-1.416939e-01 -1.399494e-01 -1.347587e-01 -1.262495e-01 -1.146313e-01 -1.001899e-01 -8.328065e-02 -6.431981e-02 -4.377406e-02 -2.214919e-02 2.241207e-05 2.219481e-02 4.382200e-02 6.437136e-02 8.333678e-02 1.002511e-01 1.146976e-01 1.263205e-01 1.348333e-01 1.400264e-01 1.417717e-01 
-2.799335e-01 -2.764870e-01 -2.662324e-01 -2.494221e-01 -2.264697e-01 -1.979404e-01 -1.645362e-01 -1.270796e-01 -8.649250e-02 -4.377430e-02 2.327424e-05 4.382177e-02 8.654267e-02 1.271339e-01 1.645958e-01 1.980058e-01 2.265410e-01 2.494985e-01 2.663130e-01 2.765702e-01 2.800176e-01 
-4.112772e-01 -4.062137e-01 -3.911479e-01 -3.664504e-01 -3.327294e-01 -2.908149e-01 -2.417386e-01 -1.867087e-01 -1.270799e-01 -6.432042e-02 2.462276e-05 6.437080e-02 1.271336e-01 1.867674e-01 2.418036e-01 2.908868e-01 3.328082e-01 3.665352e-01 3.912374e-01 4.063063e-01 4.113709e-01 
-5.324916e-01 -5.259358e-01 -5.064296e-01 -4.744534e-01 -4.307942e-01 -3.765267e-01 -3.129869e-01 -2.417391e-01 -1.645371e-01 -8.328173e-02 2.633170e-05 8.333578e-02 1.645951e-01 2.418032e-01 3.130587e-01 3.766067e-01 4.308821e-01 4.745483e-01 5.065300e-01 5.260396e-01 5.325966e-01 
-6.405925e-01 -6.327058e-01 -6.092397e-01 -5.707720e-01 -5.182497e-01 -4.529657e-01 -3.765272e-01 -2.908159e-01 -1.979418e-01 -1.001915e-01 2.823849e-05 1.002496e-01 1.980047e-01 2.908861e-01 3.766064e-01 4.530544e-01 5.183475e-01 5.708777e-01 6.093514e-01 6.328213e-01 6.407093e-01 
-7.329187e-01 -7.238952e-01 -6.970470e-01 -6.530351e-01 -5.929430e-01 -5.182501e-01 -4.307951e-01 -3.327309e-01 -2.264717e-01 -1.146334e-01 3.015811e-05 1.146957e-01 2.265395e-01 3.328072e-01 4.308815e-01 5.183473e-01 5.930504e-01 6.531511e-01 6.971695e-01 7.240217e-01 7.330465e-01 
-8.071972e-01 -7.972593e-01 -7.676900e-01 -7.192176e-01 -6.530354e-01 -5.707727e-01 -4.744547e-01 -3.664523e-01 -2.494245e-01 -1.262522e-01 3.190063e-05 1.263182e-01 2.494967e-01 3.665340e-01 4.745476e-01 5.708774e-01 6.531510e-01 7.193424e-01 7.678216e-01 7.973950e-01 8.073343e-01 
-8.615995e-01 -8.509917e-01 -8.194295e-01 -7.676901e-01 -6.970474e-01 -6.092406e-01 -5.064312e-01 -3.911501e-01 -2.662352e-01 -1.347617e-01 3.329067e-05 1.348307e-01 2.663109e-01 3.912360e-01 5.065292e-01 6.093511e-01 6.971694e-01 7.678216e-01 8.195679e-01 8.511343e-01 8.617435e-01 
-8.947860e-01 -8.837696e-01 -8.509917e-01 -7.972594e-01 -7.238957e-01 -6.327067e-01 -5.259375e-01 -4.062162e-01 -2.764900e-01 -1.399527e-01 3.418643e-05 1.400236e-01 2.765680e-01 4.063049e-01 5.260388e-01 6.328210e-01 7.240216e-01 7.973950e-01 8.511343e-01 8.839164e-01 8.949342e-01 
-9.059398e-01 -8.947860e-01 -8.615995e-01 -8.071973e-01 -7.329191e-01 -6.405935e-01 -5.324934e-01 -4.112797e-01 -2.799366e-01 -1.416973e-01 3.449569e-05 1.417688e-01 2.800154e-01 4.113694e-01 5.325958e-01 6.407090e-01 7.330465e-01 8.073344e-01 8.617435e-01 8.949342e-01 9.060893e-01 
