9.049078e-01 9.021183e-01 8.937672e-01 8.799060e-01 8.606200e-01 8.360282e-01 8.062822e-01 7.715654e-01 7.320919e-01 6.881050e-01 6.398759e-01 5.877020e-01 5.319050e-01 4.728289e-01 4.108380e-01 3.463146e-01 2.796565e-01 2.112747e-01 1.415909e-01 7.103467e-02 4.115795e-05 -7.095194e-02 -1.415069e-01 -2.111888e-01 -2.795679e-01 -3.462227e-01 -4.107422e-01 -4.727288e-01 -5.318003e-01 -5.875926e-01 -6.397618e-01 -6.879862e-01 -7.319686e-01 -7.714379e-01 -8.061509e-01 -8.358935e-01 -8.604825e-01 -8.797662e-01 -8.936258e-01 -9.019759e-01 -9.047650e-01 
9.021183e-01 8.993375e-01 8.910122e-01 8.771936e-01 8.579671e-01 8.334511e-01 8.037968e-01 7.691871e-01 7.298352e-01 6.859838e-01 6.379034e-01 5.858903e-01 5.302653e-01 4.713714e-01 4.095716e-01 3.452471e-01 2.787945e-01 2.106235e-01 1.411544e-01 7.081576e-02 4.109679e-05 -7.073316e-02 -1.410706e-01 -2.105377e-01 -2.787060e-01 -3.451553e-01 -4.094760e-01 -4.712715e-01 -5.301609e-01 -5.857812e-01 -6.377896e-01 -6.858653e-01 -7.297122e-01 -7.690598e-01 -8.036658e-01 -8.333167e-01 -8.578299e-01 -8.770541e-01 -8.908710e-01 -8.991954e-01 -9.019759e-01 
8.937672e-01 8.910122e-01 8.827639e-01 8.690733e-01 8.500247e-01 8.257357e-01 7.963559e-01 7.620665e-01 7.230790e-01 6.796336e-01 6.319982e-01 5.804667e-01 5.253566e-01 4.670079e-01 4.057802e-01 3.420512e-01 2.762137e-01 2.086738e-01 1.398479e-01 7.016038e-02 4.091478e-05 -7.007815e-02 -1.397645e-01 -2.085884e-01 -2.761257e-01 -3.419599e-01 -4.056851e-01 -4.669086e-01 -5.252528e-01 -5.803582e-01 -6.318851e-01 -6.795158e-01 -7.229567e-01 -7.619402e-01 -7.962258e-01 -8.256022e-01 -8.498884e-01 -8.689347e-01 -8.826237e-01 -8.908710e-01 -8.936258e-01 
8.799060e-01 8.771936e-01 8.690733e-01 8.555950e-01 8.368419e-01 8.129295e-01 7.840054e-01 7.502478e-01 7.118649e-01 6.690933e-01 6.221967e-01 5.714644e-01 5.172090e-01 4.597652e-01 3.994872e-01 3.367465e-01 2.719302e-01 2.054378e-01 1.376793e-01 6.907258e-02 4.061633e-05 -6.899095e-02 -1.375965e-01 -2.053530e-01 -2.718428e-01 -3.366560e-01 -3.993929e-01 -4.596669e-01 -5.171063e-01 -5.713570e-01 -6.220848e-01 -6.689768e-01 -7.117440e-01 -7.501228e-01 -7.838767e-01 -8.127975e-01 -8.367071e-01 -8.554580e-01 -8.689347e-01 -8.770541e-01 -8.797661e-01 
8.606200e-01 8.579671e-01 8.500247e-01 8.368419e-01 8.184998e-01 7.951116e-01 7.668214e-01 7.338037e-01 6.962621e-01 6.544280e-01 6.085594e-01 5.589390e-01 5.058729e-01 4.496882e-01 3.907313e-01 3.293659e-01 2.659702e-01 2.009353e-01 1.346620e-01 6.755906e-02 4.020866e-05 -6.747826e-02 -1.345801e-01 -2.008515e-01 -2.658839e-01 -3.292764e-01 -3.906382e-01 -4.495911e-01 -5.057715e-01 -5.588331e-01 -6.084490e-01 -6.543132e-01 -6.961430e-01 -7.336806e-01 -7.666947e-01 -7.949816e-01 -8.183671e-01 -8.367071e-01 -8.498883e-01 -8.578298e-01 -8.604823e-01 
8.360282e-01 8.334511e-01 8.257357e-01 8.129295e-01 7.951116e-01 7.723917e-01 7.449099e-01 7.128357e-01 6.763668e-01 6.357281e-01 5.911702e-01 5.429677e-01 4.914180e-01 4.368388e-01 3.795666e-01 3.199547e-01 2.583706e-01 1.951941e-01 1.308146e-01 6.562917e-02 3.970165e-05 -6.554940e-02 -1.307337e-01 -1.951114e-01 -2.582855e-01 -3.198666e-01 -3.794750e-01 -4.367432e-01 -4.913183e-01 -5.428637e-01 -5.910618e-01 -6.356154e-01 -6.762500e-01 -7.127150e-01 -7.447856e-01 -7.722643e-01 -7.949816e-01 -8.127974e-01 -8.256021e-01 -8.333166e-01 -8.358933e-01 
8.062823e-01 8.037969e-01 7.963559e-01 7.840054e-01 7.668214e-01 7.449099e-01 7.184059e-01 6.874730e-01 6.523017e-01 6.131089e-01 5.701364e-01 5.236490e-01 4.739335e-01 4.212963e-01 3.660620e-01 3.085711e-01 2.491783e-01 1.882496e-01 1.261609e-01 6.329482e-02 3.910761e-05 -6.321625e-02 -1.260812e-01 -1.881683e-01 -2.490946e-01 -3.084845e-01 -3.659720e-01 -4.212026e-01 -4.738358e-01 -5.235472e-01 -5.700304e-01 -6.129988e-01 -6.521875e-01 -6.873551e-01 -7.182846e-01 -7.447856e-01 -7.666945e-01 -7.838765e-01 -7.962255e-01 -8.036655e-01 -8.061507e-01 
7.715655e-01 7.691871e-01 7.620666e-01 7.502479e-01 7.338038e-01 7.128357e-01 6.874730e-01 6.578719e-01 6.242151e-01 5.867099e-01 5.455877e-01 5.011021e-01 4.535272e-01 4.031565e-01 3.503006e-01 2.952853e-01 2.384498e-01 1.801447e-01 1.207295e-01 6.057040e-02 3.844099e-05 -6.049318e-02 -1.206512e-01 -1.800649e-01 -2.383677e-01 -2.952004e-01 -3.502125e-01 -4.030649e-01 -4.534318e-01 -5.010027e-01 -5.454844e-01 -5.866026e-01 -6.241039e-01 -6.577572e-01 -6.873550e-01 -7.127148e-01 -7.336804e-01 -7.501226e-01 -7.619399e-01 -7.690595e-01 -7.714376e-01 
7.320920e-01 7.298353e-01 7.230790e-01 7.118650e-01 6.962622e-01 6.763669e-01 6.523017e-01 6.242151e-01 5.922802e-01 5.566938e-01 5.176755e-01 4.754658e-01 4.303250e-01 3.825314e-01 3.323796e-01 2.801790e-01 2.262514e-01 1.709294e-01 1.145539e-01 5.747272e-02 3.771806e-05 -5.739697e-02 -1.144772e-01 -1.708511e-01 -2.261711e-01 -2.800961e-01 -3.322937e-01 -3.824421e-01 -4.302321e-01 -4.753692e-01 -5.175751e-01 -5.565896e-01 -5.921723e-01 -6.241038e-01 -6.521874e-01 -6.762497e-01 -6.961427e-01 -7.117436e-01 -7.229563e-01 -7.297117e-01 -7.319682e-01 
6.881051e-01 6.859840e-01 6.796337e-01 6.690934e-01 6.544281e-01 6.357282e-01 6.131090e-01 5.867100e-01 5.566939e-01 5.232458e-01 4.865719e-01 4.468984e-01 4.044699e-01 3.595480e-01 3.124097e-01 2.633456e-01 2.126583e-01 1.606603e-01 1.076723e-01 5.402090e-02 3.695648e-05 -5.394669e-02 -1.075972e-01 -1.605838e-01 -2.125798e-01 -2.632647e-01 -3.123259e-01 -3.594611e-01 -4.043796e-01 -4.468046e-01 -4.864745e-01 -5.231449e-01 -5.565895e-01 -5.866024e-01 -6.129985e-01 -6.356151e-01 -6.543128e-01 -6.689763e-01 -6.795153e-01 -6.858648e-01 -6.879856e-01 
6.398760e-01 6.379036e-01 6.319984e-01 6.221969e-01 6.085595e-01 5.911703e-01 5.701365e-01 5.455879e-01 5.176756e-01 4.865720e-01 4.524686e-01 4.155759e-01 3.761213e-01 3.343481e-01 2.905138e-01 2.448888e-01 1.977543e-01 1.494010e-01 1.001270e-01 5.023623e-02 3.617493e-05 -5.016360e-02 -1.000536e-01 -1.493262e-01 -1.976777e-01 -2.448099e-01 -2.904323e-01 -3.342637e-01 -3.760337e-01 -4.154851e-01 -4.523744e-01 -4.864744e-01 -5.175749e-01 -5.454841e-01 -5.700300e-01 -5.910614e-01 -6.084485e-01 -6.220842e-01 -6.318845e-01 -6.377889e-01 -6.397611e-01 
5.877022e-01 5.858906e-01 5.804669e-01 5.714646e-01 5.589392e-01 5.429679e-01 5.236492e-01 5.011022e-01 4.754660e-01 4.468985e-01 4.155760e-01 3.816915e-01 3.454541e-01 3.070871e-01 2.668271e-01 2.249224e-01 1.816313e-01 1.372208e-01 9.196470e-02 4.614206e-02 3.539262e-05 -4.607102e-02 -9.189290e-02 -1.371478e-01 -1.815566e-01 -2.248456e-01 -2.667478e-01 -3.070051e-01 -3.453692e-01 -3.816036e-01 -4.154850e-01 -4.468044e-01 -4.753689e-01 -5.010023e-01 -5.235468e-01 -5.428632e-01 -5.588325e-01 -5.713564e-01 -5.803575e-01 -5.857805e-01 -5.875919e-01 
5.319053e-01 5.302657e-01 5.253569e-01 5.172093e-01 5.058732e-01 4.914182e-01 4.739337e-01 4.535274e-01 4.303252e-01 4.044700e-01 3.761214e-01 3.454541e-01 3.126572e-01 2.779330e-01 2.414955e-01 2.035695e-01 1.643887e-01 1.241948e-01 8.323560e-02 4.176364e-02 3.462885e-05 -4.169415e-02 -8.316541e-02 -1.241235e-01 -1.643158e-01 -2.034947e-01 -2.414185e-01 -2.778535e-01 -3.125750e-01 -3.453691e-01 -3.760335e-01 -4.043793e-01 -4.302317e-01 -4.534314e-01 -4.738352e-01 -4.913176e-01 -5.057707e-01 -5.171055e-01 -5.252520e-01 -5.301601e-01 -5.317995e-01 
4.728293e-01 4.713718e-01 4.670083e-01 4.597656e-01 4.496885e-01 4.368391e-01 4.212966e-01 4.031568e-01 3.825316e-01 3.595482e-01 3.343483e-01 3.070872e-01 2.779331e-01 2.470657e-01 2.146753e-01 1.809618e-01 1.461329e-01 1.104034e-01 7.399357e-02 3.712798e-02 3.390250e-05 -3.705997e-02 -7.392492e-02 -1.103337e-01 -1.460618e-01 -1.808889e-01 -2.146004e-01 -2.469885e-01 -2.778534e-01 -3.070049e-01 -3.342634e-01 -3.594607e-01 -3.824416e-01 -4.030644e-01 -4.212019e-01 -4.367425e-01 -4.495902e-01 -4.596660e-01 -4.669077e-01 -4.712706e-01 -4.727279e-01 
4.108385e-01 4.095721e-01 4.057807e-01 3.994877e-01 3.907318e-01 3.795671e-01 3.660624e-01 3.503009e-01 3.323800e-01 3.124100e-01 2.905141e-01 2.668273e-01 2.414956e-01 2.146754e-01 1.865319e-01 1.572387e-01 1.269763e-01 9.593152e-02 6.429562e-02 3.226369e-02 3.323159e-05 -3.219703e-02 -6.422838e-02 -9.586333e-02 -1.269069e-01 -1.571676e-01 -1.864589e-01 -2.146003e-01 -2.414183e-01 -2.667476e-01 -2.904319e-01 -3.123254e-01 -3.322931e-01 -3.502119e-01 -3.659713e-01 -3.794742e-01 -3.906373e-01 -3.993920e-01 -4.056841e-01 -4.094750e-01 -4.107412e-01 
3.463152e-01 3.452477e-01 3.420518e-01 3.367471e-01 3.293664e-01 3.199553e-01 3.085716e-01 2.952857e-01 2.801794e-01 2.633460e-01 2.448891e-01 2.249226e-01 2.035697e-01 1.809619e-01 1.572387e-01 1.325464e-01 1.070373e-01 8.086852e-02 5.420154e-02 2.720075e-02 3.263278e-05 -2.713530e-02 -5.413556e-02 -8.080167e-02 -1.069692e-01 -1.324769e-01 -1.571675e-01 -1.808888e-01 -2.034944e-01 -2.248452e-01 -2.448095e-01 -2.632641e-01 -2.800955e-01 -2.951997e-01 -3.084837e-01 -3.198657e-01 -3.292755e-01 -3.366550e-01 -3.419588e-01 -3.451542e-01 -3.462216e-01 
2.796572e-01 2.787952e-01 2.762144e-01 2.719309e-01 2.659709e-01 2.583713e-01 2.491789e-01 2.384504e-01 2.262519e-01 2.126587e-01 1.977547e-01 1.816316e-01 1.643889e-01 1.461330e-01 1.269765e-01 1.070373e-01 8.643857e-02 6.530722e-02 4.377357e-02 2.197040e-02 3.212100e-05 -2.190599e-02 -4.370868e-02 -6.524153e-02 -8.637178e-02 -1.069692e-01 -1.269067e-01 -1.460615e-01 -1.643155e-01 -1.815562e-01 -1.976772e-01 -2.125792e-01 -2.261704e-01 -2.383670e-01 -2.490937e-01 -2.582846e-01 -2.658829e-01 -2.718418e-01 -2.761246e-01 -2.787049e-01 -2.795667e-01 
2.112755e-01 2.106243e-01 2.086746e-01 2.054385e-01 2.009360e-01 1.951948e-01 1.882503e-01 1.801453e-01 1.709299e-01 1.606608e-01 1.494014e-01 1.372211e-01 1.241951e-01 1.104036e-01 9.593168e-02 8.086861e-02 6.530726e-02 4.934360e-02 3.307603e-02 1.660489e-02 3.170903e-05 -1.654132e-02 -3.301201e-02 -4.927883e-02 -6.524148e-02 -8.080156e-02 -9.586316e-02 -1.103334e-01 -1.241231e-01 -1.371473e-01 -1.493257e-01 -1.605832e-01 -1.708504e-01 -1.800641e-01 -1.881674e-01 -1.951105e-01 -2.008504e-01 -2.053520e-01 -2.085873e-01 -2.105365e-01 -2.111876e-01 
1.415918e-01 1.411554e-01 1.398488e-01 1.376802e-01 1.346628e-01 1.308154e-01 1.261616e-01 1.207302e-01 1.145545e-01 1.076728e-01 1.001275e-01 9.196510e-02 8.323593e-02 7.399383e-02 6.429581e-02 5.420166e-02 4.377365e-02 3.307607e-02 2.217488e-02 1.113731e-02 3.140717e-05 -1.107435e-02 -2.211149e-02 -3.301198e-02 -4.370860e-02 -5.413542e-02 -6.422817e-02 -7.392463e-02 -8.316504e-02 -9.189244e-02 -1.000530e-01 -1.075966e-01 -1.144765e-01 -1.206504e-01 -1.260803e-01 -1.307328e-01 -1.345790e-01 -1.375954e-01 -1.397634e-01 -1.410695e-01 -1.415058e-01 
7.103566e-02 7.081675e-02 7.016135e-02 6.907352e-02 6.755997e-02 6.563003e-02 6.329562e-02 6.057114e-02 5.747339e-02 5.402149e-02 5.023674e-02 4.614249e-02 4.176400e-02 3.712827e-02 3.226390e-02 2.720090e-02 2.197049e-02 1.660494e-02 1.113733e-02 5.601378e-03 3.122297e-05 -5.538793e-03 -1.107433e-02 -1.654126e-02 -2.190589e-02 -2.713515e-02 -3.219680e-02 -3.705967e-02 -4.169377e-02 -4.607055e-02 -5.016305e-02 -5.394605e-02 -5.739624e-02 -6.049237e-02 -6.321537e-02 -6.554845e-02 -6.747726e-02 -6.898990e-02 -7.007706e-02 -7.073205e-02 -7.095083e-02 
4.222099e-05 4.215354e-05 4.195280e-05 4.162358e-05 4.117378e-05 4.061421e-05 3.995835e-05 3.922207e-05 3.842323e-05 3.758129e-05 3.671684e-05 3.585113e-05 3.500552e-05 3.420097e-05 3.345749e-05 3.279366e-05 3.222611e-05 3.176911e-05 3.143418e-05 3.122977e-05 3.116106e-05 3.122977e-05 3.143418e-05 3.176911e-05 3.222611e-05 3.279366e-05 3.345749e-05 3.420097e-05 3.500552e-05 3.585113e-05 3.671684e-05 3.758129e-05 3.842323e-05 3.922207e-05 3.995835e-05 4.061421e-05 4.117378e-05 4.162358e-05 4.195280e-05 4.215354e-05 4.222099e-05 
-7.095083e-02 -7.073205e-02 -7.007706e-02 -6.898990e-02 -6.747726e-02 -6.554845e-02 -6.321537e-02 -6.049237e-02 -5.739624e-02 -5.394605e-02 -5.016305e-02 -4.607055e-02 -4.169377e-02 -3.705967e-02 -3.219680e-02 -2.713515e-02 -2.190589e-02 -1.654126e-02 -1.107433e-02 -5.538793e-03 3.122297e-05 5.601378e-03 1.113733e-02 1.660494e-02 2.197049e-02 2.720090e-02 3.226390e-02 3.712827e-02 4.176400e-02 4.614249e-02 5.023674e-02 5.402149e-02 5.747339e-02 6.057114e-02 6.329562e-02 6.563003e-02 6.755997e-02 6.907352e-02 7.016135e-02 7.081675e-02 7.103566e-02 
-1.415058e-01 -1.410695e-01 -1.397634e-01 -1.375954e-01 -1.345790e-01 -1.307328e-01 -1.260803e-01 -1.206504e-01 -1.144765e-01 -1.075966e-01 -1.000530e-01 -9.189244e-02 -8.316504e-02 -7.392463e-02 -6.422817e-02 -5.413542e-02 -4.370860e-02 -3.301198e-02 -2.211149e-02 -1.107435e-02 3.140717e-05 1.113731e-02 2.217488e-02 3.307607e-02 4.377365e-02 5.420166e-02 6.429581e-02 7.399383e-02 8.323593e-02 9.196510e-02 1.001275e-01 1.076728e-01 1.145545e-01 1.207302e-01 1.261616e-01 1.308154e-01 1.346628e-01 1.376802e-01 1.398488e-01 1.411554e-01 1.415918e-01 
-2.111876e-01 -2.105365e-01 -2.085873e-01 -2.053520e-01 -2.008504e-01 -1.951105e-01 -1.881674e-01 -1.800641e-01 -1.708504e-01 -1.605832e-01 -1.493257e-01 -1.371473e-01 -1.241231e-01 -1.103334e-01 -9.586316e-02 -8.080156e-02 -6.524148e-02 -4.927883e-02 -3.301201e-02 -1.654132e-02 3.170903e-05 1.660489e-02 3.307603e-02 4.934360e-02 6.530726e-02 8.086861e-02 9.593168e-02 1.104036e-01 1.241951e-01 1.372211e-01 1.494014e-01 1.606608e-01 1.709299e-01 1.801453e-01 1.882503e-01 1.951948e-01 2.009360e-01 2.054385e-01 2.086746e-01 2.106243e-01 2.112755e-01 
-2.795667e-01 -2.787049e-01 -2.761246e-01 -2.718418e-01 -2.658829e-01 -2.582846e-01 -2.490937e-01 -2.383670e-01 -2.261704e-01 -2.125792e-01 -1.976772e-01 -1.815562e-01 -1.643155e-01 -1.460615e-01 -1.269067e-01 -1.069692e-01 -8.637178e-02 -6.524153e-02 -4.370868e-02 -2.190599e-02 3.212100e-05 2.197040e-02 4.377357e-02 6.530722e-02 8.643857e-02 1.070373e-01 1.269765e-01 1.461330e-01 1.643889e-01 1.816316e-01 1.977547e-01 2.126587e-01 2.262519e-01 2.384504e-01 2.491789e-01 2.583713e-01 2.659709e-01 2.719309e-01 2.762144e-01 2.787952e-01 2.796572e-01 
-3.462216e-01 -3.451542e-01 -3.419588e-01 -3.366550e-01 -3.292755e-01 -3.198657e-01 -3.084837e-01 -2.951997e-01 -2.800955e-01 -2.632641e-01 -2.448095e-01 -2.248452e-01 -2.034944e-01 -1.808888e-01 -1.571675e-01 -1.324769e-01 -1.069692e-01 -8.080167e-02 -5.413556e-02 -2.713530e-02 3.263278e-05 2.720075e-02 5.420154e-02 8.086852e-02 1.070373e-01 1.325464e-01 1.572387e-01 1.809619e-01 2.035697e-01 2.249226e-01 2.448891e-01 2.633460e-01 2.801794e-01 2.952857e-01 3.085716e-01 3.199553e-01 3.293664e-01 3.367471e-01 3.420518e-01 3.452477e-01 3.463152e-01 
-4.107412e-01 -4.094750e-01 -4.056841e-01 -3.993920e-01 -3.906373e-01 -3.794742e-01 -3.659713e-01 -3.502119e-01 -3.322931e-01 -3.123254e-01 -2.904319e-01 -2.667476e-01 -2.414183e-01 -2.146003e-01 -1.864589e-01 -1.571676e-01 -1.269069e-01 -9.586333e-02 -6.422838e-02 -3.219703e-02 3.323159e-05 3.226369e-02 6.429562e-02 9.593152e-02 1.269763e-01 1.572387e-01 1.865319e-01 2.146754e-01 2.414956e-01 2.668273e-01 2.905141e-01 3.124100e-01 3.323800e-01 3.503009e-01 3.660624e-01 3.795671e-01 3.907318e-01 3.994877e-01 4.057807e-01 4.095721e-01 4.108385e-01 
-4.727279e-01 -4.712706e-01 -4.669077e-01 -4.596660e-01 -4.495902e-01 -4.367425e-01 -4.212019e-01 -4.030644e-01 -3.824416e-01 -3.594607e-01 -3.342634e-01 -3.070049e-01 -2.778534e-01 -2.469885e-01 -2.146004e-01 -1.808889e-01 -1.460618e-01 -1.103337e-01 -7.392492e-02 -3.705997e-02 3.390250e-05 3.712798e-02 7.399357e-02 1.104034e-01 1.461329e-01 1.809618e-01 2.146753e-01 2.470657e-01 2.779331e-01 3.070872e-01 3.343483e-01 3.595482e-01 3.825316e-01 4.031568e-01 4.212966e-01 4.368391e-01 4.496885e-01 4.597656e-01 4.670083e-01 4.713718e-01 4.728293e-01 
-5.317995e-01 -5.301601e-01 -5.252520e-01 -5.171055e-01 -5.057707e-01 -4.913176e-01 -4.738352e-01 -4.534314e-01 -4.302317e-01 -4.043793e-01 -3.760335e-01 -3.453691e-01 -3.125750e-01 -2.778535e-01 -2.414185e-01 -2.034947e-01 -1.643158e-01 -1.241235e-01 -8.316541e-02 -4.169415e-02 3.462885e-05 4.176364e-02 8.323560e-02 1.241948e-01 1.643887e-01 2.035695e-01 2.414955e-01 2.779330e-01 3.126572e-01 3.454541e-01 3.761214e-01 4.044700e-01 4.303252e-01 4.535274e-01 4.739337e-01 4.914182e-01 5.058732e-01 5.172093e-01 5.253569e-01 5.302657e-01 5.319053e-01 
-5.875919e-01 -5.857805e-01 -5.803575e-01 -5.713564e-01 -5.588325e-01 -5.428632e-01 -5.235468e-01 -5.010023e-01 -4.753689e-01 -4.468044e-01 -4.154850e-01 -3.816036e-01 -3.453692e-01 -3.070051e-01 -2.667478e-01 -2.248456e-01 -1.815566e-01 -1.371478e-01 -9.189290e-02 -4.607102e-02 3.539262e-05 4.614206e-02 9.196470e-02 1.372208e-01 1.816313e-01 2.249224e-01 2.668271e-01 3.070871e-01 3.454541e-01 3.816915e-01 4.155760e-01 4.468985e-01 4.754660e-01 5.011022e-01 5.236492e-01 5.429679e-01 5.589392e-01 5.714646e-01 5.804669e-01 5.858906e-01 5.877022e-01 
-6.397611e-01 -6.377889e-01 -6.318845e-01 -6.220842e-01 -6.084485e-01 -5.910614e-01 -5.700300e-01 -5.454841e-01 -5.175749e-01 -4.864744e-01 -4.523744e-01 -4.154851e-01 -3.760337e-01 -3.342637e-01 -2.904323e-01 -2.448099e-01 -1.976777e-01 -1.493262e-01 -1.000536e-01 -5.016360e-02 3.617493e-05 5.023623e-02 1.001270e-01 1.494010e-01 1.977543e-01 2.448888e-01 2.905138e-01 3.343481e-01 3.761213e-01 4.155759e-01 4.524686e-01 4.865720e-01 5.176756e-01 5.455879e-01 5.701365e-01 5.911703e-01 6.085595e-01 6.221969e-01 6.319984e-01 6.379036e-01 6.398760e-01 
-6.879856e-01 -6.858648e-01 -6.795153e-01 -6.689763e-01 -6.543128e-01 -6.356151e-01 -6.129985e-01 -5.866024e-01 -5.565895e-01 -5.231449e-01 -4.864745e-01 -4.468046e-01 -4.043796e-01 -3.594611e-01 -3.123259e-01 -2.632647e-01 -2.125798e-01 -1.605838e-01 -1.075972e-01 -5.394669e-02 3.695648e-05 5.402090e-02 1.076723e-01 1.606603e-01 2.126583e-01 2.633456e-01 3.124097e-01 3.595480e-01 4.044699e-01 4.468984e-01 4.865719e-01 5.232458e-01 5.566939e-01 5.867100e-01 6.131090e-01 6.357282e-01 6.544281e-01 6.690934e-01 6.796337e-01 6.859840e-01 6.881051e-01 
-7.319682e-01 -7.297117e-01 -7.229563e-01 -7.117436e-01 -6.961427e-01 -6.762497e-01 -6.521874e-01 -6.241038e-01 -5.921723e-01 -5.565896e-01 -5.175751e-01 -4.753692e-01 -4.302321e-01 -3.824421e-01 -3.322937e-01 -2.800961e-01 -2.261711e-01 -1.708511e-01 -1.144772e-01 -5.739697e-02 3.771806e-05 5.747272e-02 1.145539e-01 1.709294e-01 2.262514e-01 2.801790e-01 3.323796e-01 3.825314e-01 4.303250e-01 4.754658e-01 5.176755e-01 5.566938e-01 5.922802e-01 6.242151e-01 6.523017e-01 6.763669e-01 6.962622e-01 7.118650e-01 7.230790e-01 7.298353e-01 7.320920e-01 
-7.714376e-01 -7.690595e-01 -7.619399e-01 -7.501226e-01 -7.336804e-01 -7.127148e-01 -6.873550e-01 -6.577572e-01 -6.241039e-01 -5.866026e-01 -5.454844e-01 -5.010027e-01 -4.534318e-01 -4.030649e-01 -3.502125e-01 -2.952004e-01 -2.383677e-01 -1.800649e-01 -1.206512e-01 -6.049318e-02 3.844099e-05 6.057040e-02 1.207295e-01 1.801447e-01 2.384498e-01 2.952853e-01 3.503006e-01 4.031565e-01 4.535272e-01 5.011021e-01 5.455877e-01 5.867099e-01 6.242151e-01 6.578719e-01 6.874730e-01 7.128357e-01 7.338038e-01 7.502479e-01 7.620666e-01 7.691871e-01 7.715655e-01 
-8.061507e-01 -8.036655e-01 -7.962255e-01 -7.838765e-01 -7.666945e-01 -7.447856e-01 -7.182846e-01 -6.873551e-01 -6.521875e-01 -6.129988e-01 -5.700304e-01 -5.235472e-01 -4.738358e-01 -4.212026e-01 -3.659720e-01 -3.084845e-01 -2.490946e-01 -1.881683e-01 -1.260812e-01 -6.321625e-02 3.910761e-05 6.329482e-02 1.261609e-01 1.882496e-01 2.491783e-01 3.085711e-01 3.660620e-01 4.212963e-01 4.739335e-01 5.236490e-01 5.701364e-01 6.131089e-01 6.523017e-01 6.874730e-01 7.184059e-01 7.449099e-01 7.668214e-01 7.840054e-01 7.963559e-01 8.037969e-01 8.062823e-01 
-8.358933e-01 -8.333166e-01 -8.256021e-01 -8.127974e-01 -7.949816e-01 -7.722643e-01 -7.447856e-01 -7.127150e-01 -6.762500e-01 -6.356154e-01 -5.910618e-01 -5.428637e-01 -4.913183e-01 -4.367432e-01 -3.794750e-01 -3.198666e-01 -2.582855e-01 -1.951114e-01 -1.307337e-01 -6.554940e-02 3.970165e-05 6.562917e-02 1.308146e-01 1.951941e-01 2.583706e-01 3.199547e-01 3.795666e-01 4.368388e-01 4.914180e-01 5.429677e-01 5.911702e-01 6.357281e-01 6.763668e-01 7.128357e-01 7.449099e-01 7.723917e-01 7.951116e-01 8.129295e-01 8.257357e-01 8.334511e-01 8.360282e-01 
-8.604823e-01 -8.578298e-01 -8.498883e-01 -8.367071e-01 -8.183671e-01 -7.949816e-01 -7.666947e-01 -7.336806e-01 -6.961430e-01 -6.543132e-01 -6.084490e-01 -5.588331e-01 -5.057715e-01 -4.495911e-01 -3.906382e-01 -3.292764e-01 -2.658839e-01 -2.008515e-01 -1.345801e-01 -6.747826e-02 4.020866e-05 6.755906e-02 1.346620e-01 2.009353e-01 2.659702e-01 3.293659e-01 3.907313e-01 4.496882e-01 5.058729e-01 5.589390e-01 6.085594e-01 6.544280e-01 6.962621e-01 7.338037e-01 7.668214e-01 7.951116e-01 8.184998e-01 8.368419e-01 8.500247e-01 8.579671e-01 8.606200e-01 
-8.797661e-01 -8.770541e-01 -8.689347e-01 -8.554580e-01 -8.367071e-01 -8.127975e-01 -7.838767e-01 -7.501228e-01 -7.117440e-01 -6.689768e-01 -6.220848e-01 -5.713570e-01 -5.171063e-01 -4.596669e-01 -3.993929e-01 -3.366560e-01 -2.718428e-01 -2.053530e-01 -1.375965e-01 -6.899095e-02 4.061633e-05 6.907258e-02 1.376793e-01 2.054378e-01 2.719302e-01 3.367465e-01 3.994872e-01 4.597652e-01 5.172090e-01 5.714644e-01 6.221967e-01 6.690933e-01 7.118649e-01 7.502478e-01 7.840054e-01 8.129295e-01 8.368419e-01 8.555950e-01 8.690733e-01 8.771936e-01 8.799060e-01 
-8.936258e-01 -8.908710e-01 -8.826237e-01 -8.689347e-01 -8.498884e-01 -8.256022e-01 -7.962258e-01 -7.619402e-01 -7.229567e-01 -6.795158e-01 -6.318851e-01 -5.803582e-01 -5.252528e-01 -4.669086e-01 -4.056851e-01 -3.419599e-01 -2.761257e-01 -2.085884e-01 -1.397645e-01 -7.007815e-02 4.091478e-05 7.016038e-02 1.398479e-01 2.086738e-01 2.762137e-01 3.420512e-01 4.057802e-01 4.670079e-01 5.253566e-01 5.804667e-01 6.319982e-01 6.796336e-01 7.230790e-01 7.620665e-01 7.963559e-01 8.257357e-01 8.500247e-01 8.690733e-01 8.827639e-01 8.910122e-01 8.937672e-01 
-9.019759e-01 -8.991954e-01 -8.908710e-01 -8.770541e-01 -8.578299e-01 -8.333167e-01 -8.036658e-01 -7.690598e-01 -7.297122e-01 -6.858653e-01 -6.377896e-01 -5.857812e-01 -5.301609e-01 -4.712715e-01 -4.094760e-01 -3.451553e-01 -2.787060e-01 -2.105377e-01 -1.410706e-01 -7.073316e-02 4.109679e-05 7.081576e-02 1.411544e-01 2.106235e-01 2.787945e-01 3.452471e-01 4.095716e-01 4.713714e-01 5.302653e-01 5.858903e-01 6.379034e-01 6.859838e-01 7.298352e-01 7.691871e-01 8.037968e-01 8.334511e-01 8.579671e-01 8.771936e-01 8.910122e-01 8.993375e-01 9.021183e-01 
-9.047650e-01 -9.019759e-01 -8.936258e-01 -8.797662e-01 -8.604825e-01 -8.358935e-01 -8.061509e-01 -7.714379e-01 -7.319686e-01 -6.879862e-01 -6.397618e-01 -5.875926e-01 -5.318003e-01 -4.727288e-01 -4.107422e-01 -3.462227e-01 -2.795679e-01 -2.111888e-01 -1.415069e-01 -7.095194e-02 4.115795e-05 7.103467e-02 1.415909e-01 2.112747e-01 2.796565e-01 3.463146e-01 4.108380e-01 4.728289e-01 5.319050e-01 5.877020e-01 6.398759e-01 6.881050e-01 7.320919e-01 7.715654e-01 8.062822e-01 8.360282e-01 8.606200e-01 8.799060e-01 8.937672e-01 9.021183e-01 9.049078e-01 
