9.069887e-01 8.958205e-01 8.625908e-01 8.081178e-01 7.337425e-01 6.412959e-01 5.330539e-01 4.116810e-01 2.801650e-01 1.417433e-01 -1.768968e-04 -1.421021e-01 -2.805387e-01 -4.120785e-01 -5.334826e-01 -6.417608e-01 -7.342452e-01 -8.086561e-01 -8.631583e-01 -8.964072e-01 -9.075822e-01 
8.958205e-01 8.847898e-01 8.519692e-01 7.981669e-01 7.247073e-01 6.333990e-01 5.264897e-01 4.066111e-01 2.767144e-01 1.399969e-01 -1.759361e-04 -1.403537e-01 -2.770858e-01 -4.070060e-01 -5.269151e-01 -6.338599e-01 -7.252053e-01 -7.986997e-01 -8.525306e-01 -8.853700e-01 -8.964072e-01 
8.625908e-01 8.519692e-01 8.203661e-01 7.685593e-01 6.978244e-01 6.099027e-01 5.069586e-01 3.915264e-01 2.664475e-01 1.348008e-01 -1.731528e-04 -1.351518e-01 -2.668123e-01 -3.919135e-01 -5.073747e-01 -6.103522e-01 -6.983088e-01 -7.690763e-01 -8.209099e-01 -8.525306e-01 -8.631583e-01 
8.081178e-01 7.981669e-01 7.685593e-01 7.200239e-01 6.537554e-01 5.713854e-01 4.749416e-01 3.667980e-01 2.496168e-01 1.262825e-01 -1.688309e-04 -1.266245e-01 -2.499716e-01 -3.671731e-01 -4.753431e-01 -5.718174e-01 -6.542189e-01 -7.205168e-01 -7.690763e-01 -7.986997e-01 -8.086561e-01 
7.337425e-01 7.247073e-01 6.978244e-01 6.537554e-01 5.935853e-01 5.187954e-01 4.312266e-01 3.330346e-01 2.266367e-01 1.146518e-01 -1.634074e-04 -1.149825e-01 -2.269787e-01 -3.333948e-01 -4.316101e-01 -5.192056e-01 -5.940232e-01 -6.542189e-01 -6.983087e-01 -7.252053e-01 -7.342452e-01 
6.412959e-01 6.333990e-01 6.099027e-01 5.713854e-01 5.187954e-01 4.534271e-01 3.768897e-01 2.910673e-01 1.980725e-01 1.001944e-01 -1.574236e-04 -1.005126e-01 -1.984006e-01 -2.914110e-01 -3.772536e-01 -4.538139e-01 -5.192056e-01 -5.718174e-01 -6.103522e-01 -6.338599e-01 -6.417607e-01 
5.330539e-01 5.264897e-01 5.069586e-01 4.749416e-01 4.312266e-01 3.768897e-01 3.132684e-01 2.419289e-01 1.646272e-01 8.326610e-02 -1.514683e-04 -8.357193e-02 -1.649415e-01 -2.422565e-01 -3.136131e-01 -3.772536e-01 -4.316101e-01 -4.753431e-01 -5.073747e-01 -5.269151e-01 -5.334825e-01 
4.116810e-01 4.066111e-01 3.915264e-01 3.667980e-01 3.330346e-01 2.910673e-01 2.419289e-01 1.868290e-01 1.271239e-01 6.428321e-02 -1.461189e-04 -6.457792e-02 -1.274258e-01 -1.871422e-01 -2.422565e-01 -2.914110e-01 -3.333947e-01 -3.671731e-01 -3.919134e-01 -4.070059e-01 -4.120784e-01 
2.801650e-01 2.767144e-01 2.664475e-01 2.496168e-01 2.266367e-01 1.980725e-01 1.646272e-01 1.271239e-01 8.648570e-02 4.371280e-02 -1.418875e-04 -4.399872e-02 -8.677785e-02 -1.274258e-01 -1.649414e-01 -1.984005e-01 -2.269787e-01 -2.499715e-01 -2.668123e-01 -2.770858e-01 -2.805386e-01 
1.417433e-01 1.399969e-01 1.348008e-01 1.262825e-01 1.146518e-01 1.001944e-01 8.326610e-02 6.428321e-02 4.371280e-02 2.206104e-02 -1.391751e-04 -2.234132e-02 -4.399870e-02 -6.457789e-02 -8.357189e-02 -1.005126e-01 -1.149824e-01 -1.266245e-01 -1.351517e-01 -1.403537e-01 -1.421020e-01 
-1.768968e-04 -1.759361e-04 -1.731528e-04 -1.688309e-04 -1.634074e-04 -1.574236e-04 -1.514683e-04 -1.461189e-04 -1.418875e-04 -1.391751e-04 -1.382367e-04 -1.391600e-04 -1.418578e-04 -1.460753e-04 -1.514118e-04 -1.573556e-04 -1.633295e-04 -1.687451e-04 -1.730611e-04 -1.758410e-04 -1.768009e-04 
-1.421021e-01 -1.403537e-01 -1.351518e-01 -1.266245e-01 -1.149825e-01 -1.005126e-01 -8.357193e-02 -6.457792e-02 -4.399872e-02 -2.234132e-02 -1.391600e-04 2.206107e-02 4.371284e-02 6.428327e-02 8.326617e-02 1.001945e-01 1.146518e-01 1.262826e-01 1.348009e-01 1.399970e-01 1.417434e-01 
-2.805387e-01 -2.770858e-01 -2.668123e-01 -2.499716e-01 -2.269787e-01 -1.984006e-01 -1.649415e-01 -1.274258e-01 -8.677785e-02 -4.399870e-02 -1.418578e-04 4.371284e-02 8.648576e-02 1.271240e-01 1.646273e-01 1.980725e-01 2.266368e-01 2.496169e-01 2.664476e-01 2.767145e-01 2.801651e-01 
-4.120785e-01 -4.070060e-01 -3.919135e-01 -3.671731e-01 -3.333948e-01 -2.914110e-01 -2.422565e-01 -1.871422e-01 -1.274258e-01 -6.457789e-02 -1.460753e-04 6.428327e-02 1.271240e-01 1.868291e-01 2.419290e-01 2.910674e-01 3.330347e-01 3.667981e-01 3.915265e-01 4.066113e-01 4.116811e-01 
-5.334826e-01 -5.269151e-01 -5.073747e-01 -4.753431e-01 -4.316101e-01 -3.772536e-01 -3.136131e-01 -2.422565e-01 -1.649414e-01 -8.357189e-02 -1.514118e-04 8.326617e-02 1.646273e-01 2.419290e-01 3.132685e-01 3.768898e-01 4.312267e-01 4.749417e-01 5.069588e-01 5.264898e-01 5.330540e-01 
-6.417608e-01 -6.338599e-01 -6.103522e-01 -5.718174e-01 -5.192056e-01 -4.538139e-01 -3.772536e-01 -2.914110e-01 -1.984005e-01 -1.005126e-01 -1.573556e-04 1.001945e-01 1.980725e-01 2.910674e-01 3.768898e-01 4.534272e-01 5.187955e-01 5.713856e-01 6.099028e-01 6.333991e-01 6.412960e-01 
-7.342452e-01 -7.252053e-01 -6.983088e-01 -6.542189e-01 -5.940232e-01 -5.192056e-01 -4.316101e-01 -3.333947e-01 -2.269787e-01 -1.149824e-01 -1.633295e-04 1.146518e-01 2.266368e-01 3.330347e-01 4.312267e-01 5.187955e-01 5.935855e-01 6.537556e-01 6.978245e-01 7.247075e-01 7.337426e-01 
-8.086561e-01 -7.986997e-01 -7.690763e-01 -7.205168e-01 -6.542189e-01 -5.718174e-01 -4.753431e-01 -3.671731e-01 -2.499715e-01 -1.266245e-01 -1.687451e-04 1.262826e-01 2.496169e-01 3.667981e-01 4.749417e-01 5.713856e-01 6.537556e-01 7.200240e-01 7.685594e-01 7.981670e-01 8.081179e-01 
-8.631583e-01 -8.525306e-01 -8.209099e-01 -7.690763e-01 -6.983087e-01 -6.103522e-01 -5.073747e-01 -3.919134e-01 -2.668123e-01 -1.351517e-01 -1.730611e-04 1.348009e-01 2.664476e-01 3.915265e-01 5.069588e-01 6.099028e-01 6.978245e-01 7.685594e-01 8.203662e-01 8.519694e-01 8.625909e-01 
-8.964072e-01 -8.853700e-01 -8.525306e-01 -7.986997e-01 -7.252053e-01 -6.338599e-01 -5.269151e-01 -4.070059e-01 -2.770858e-01 -1.403537e-01 -1.758410e-04 1.399970e-01 2.767145e-01 4.066113e-01 5.264898e-01 6.333991e-01 7.247075e-01 7.981670e-01 8.519694e-01 8.847899e-01 8.958206e-01 
-9.075822e-01 -8.964072e-01 -8.631583e-01 -8.086561e-01 -7.342452e-01 -6.417607e-01 -5.334825e-01 -4.120784e-01 -2.805386e-01 -1.421020e-01 -1.768009e-04 1.417434e-01 2.801651e-01 4.116811e-01 5.330540e-01 6.412960e-01 7.337426e-01 8.081179e-01 8.625909e-01 8.958206e-01 9.069888e-01 
