1.412613e-02 1.395221e-02 1.343475e-02 1.258647e-02 1.142828e-02 9.988682e-03 8.303131e-03 6.413129e-03 4.365214e-03 2.209814e-03 9.469969e-17 2.209814e-03 4.365214e-03 6.413129e-03 8.303131e-03 9.988682e-03 1.142828e-02 1.258647e-02 1.343475e-02 1.395221e-02 1.412613e-02 
1.395221e-02 1.378044e-02 1.326934e-02 1.243151e-02 1.128758e-02 9.865705e-03 8.200905e-03 6.334172e-03 4.311471e-03 2.182607e-03 2.576800e-17 2.182607e-03 4.311471e-03 6.334172e-03 8.200905e-03 9.865705e-03 1.128758e-02 1.243151e-02 1.326934e-02 1.378044e-02 1.395221e-02 
1.343475e-02 1.326934e-02 1.277720e-02 1.197045e-02 1.086894e-02 9.499801e-03 7.896747e-03 6.099248e-03 4.151565e-03 2.101658e-03 1.797841e-16 2.101658e-03 4.151565e-03 6.099248e-03 7.896747e-03 9.499801e-03 1.086894e-02 1.197045e-02 1.277720e-02 1.326934e-02 1.343475e-02 
1.258647e-02 1.243151e-02 1.197045e-02 1.121463e-02 1.018267e-02 8.899981e-03 7.398144e-03 5.714140e-03 3.889434e-03 1.968958e-03 1.718692e-16 1.968958e-03 3.889434e-03 5.714140e-03 7.398144e-03 8.899981e-03 1.018267e-02 1.121463e-02 1.197045e-02 1.243151e-02 1.258647e-02 
1.142828e-02 1.128758e-02 1.086894e-02 1.018267e-02 9.245672e-03 8.081014e-03 6.717374e-03 5.188330e-03 3.531532e-03 1.787777e-03 1.850594e-16 1.787777e-03 3.531532e-03 5.188330e-03 6.717374e-03 8.081014e-03 9.245672e-03 1.018267e-02 1.086894e-02 1.128758e-02 1.142828e-02 
9.988682e-03 9.865705e-03 9.499801e-03 8.899981e-03 8.081014e-03 7.063065e-03 5.871200e-03 4.534767e-03 3.086673e-03 1.562574e-03 2.924971e-17 1.562574e-03 3.086673e-03 4.534767e-03 5.871200e-03 7.063065e-03 8.081014e-03 8.899981e-03 9.499801e-03 9.865705e-03 9.988682e-03 
8.303131e-03 8.200905e-03 7.896747e-03 7.398144e-03 6.717374e-03 5.871200e-03 4.880458e-03 3.769542e-03 2.565809e-03 1.298896e-03 2.674233e-17 1.298896e-03 2.565809e-03 3.769542e-03 4.880458e-03 5.871200e-03 6.717374e-03 7.398144e-03 7.896747e-03 8.200905e-03 8.303131e-03 
6.413129e-03 6.334172e-03 6.099248e-03 5.714140e-03 5.188330e-03 4.534767e-03 3.769542e-03 2.911500e-03 1.981766e-03 1.003234e-03 5.599750e-17 1.003234e-03 1.981766e-03 2.911500e-03 3.769542e-03 4.534767e-03 5.188330e-03 5.714140e-03 6.099248e-03 6.334172e-03 6.413129e-03 
4.365214e-03 4.311471e-03 4.151565e-03 3.889434e-03 3.531532e-03 3.086673e-03 2.565809e-03 1.981766e-03 1.348925e-03 6.828699e-04 2.882391e-17 6.828699e-04 1.348925e-03 1.981766e-03 2.565809e-03 3.086673e-03 3.531532e-03 3.889434e-03 4.151565e-03 4.311471e-03 4.365214e-03 
2.209814e-03 2.182607e-03 2.101658e-03 1.968958e-03 1.787777e-03 1.562574e-03 1.298896e-03 1.003234e-03 6.828699e-04 3.456910e-04 2.194571e-17 3.456910e-04 6.828699e-04 1.003234e-03 1.298896e-03 1.562574e-03 1.787777e-03 1.968958e-03 2.101658e-03 2.182607e-03 2.209814e-03 
1.428284e-16 1.271273e-16 1.323129e-16 1.147702e-16 1.038981e-16 8.587521e-17 8.972638e-17 8.212220e-17 5.510160e-17 5.225710e-17 4.702580e-17 4.184458e-17 3.289047e-17 2.290980e-17 8.943017e-18 3.960999e-18 4.927832e-18 2.423044e-17 3.197443e-18 1.538052e-17 2.610105e-17 
2.209814e-03 2.182607e-03 2.101658e-03 1.968958e-03 1.787777e-03 1.562574e-03 1.298896e-03 1.003234e-03 6.828699e-04 3.456910e-04 1.448348e-17 3.456910e-04 6.828699e-04 1.003234e-03 1.298896e-03 1.562574e-03 1.787777e-03 1.968958e-03 2.101658e-03 2.182607e-03 2.209814e-03 
4.365214e-03 4.311471e-03 4.151565e-03 3.889434e-03 3.531532e-03 3.086673e-03 2.565809e-03 1.981766e-03 1.348925e-03 6.828699e-04 7.872895e-17 6.828699e-04 1.348925e-03 1.981766e-03 2.565809e-03 3.086673e-03 3.531532e-03 3.889434e-03 4.151565e-03 4.311471e-03 4.365214e-03 
6.413129e-03 6.334172e-03 6.099248e-03 5.714140e-03 5.188330e-03 4.534767e-03 3.769542e-03 2.911500e-03 1.981766e-03 1.003234e-03 1.660471e-16 1.003234e-03 1.981766e-03 2.911500e-03 3.769542e-03 4.534767e-03 5.188330e-03 5.714140e-03 6.099248e-03 6.334172e-03 6.413129e-03 
8.303131e-03 8.200905e-03 7.896747e-03 7.398144e-03 6.717374e-03 5.871200e-03 4.880458e-03 3.769542e-03 2.565809e-03 1.298896e-03 9.613127e-17 1.298896e-03 2.565809e-03 3.769542e-03 4.880458e-03 5.871200e-03 6.717374e-03 7.398144e-03 7.896747e-03 8.200905e-03 8.303131e-03 
9.988682e-03 9.865705e-03 9.499801e-03 8.899981e-03 8.081014e-03 7.063065e-03 5.871200e-03 4.534767e-03 3.086673e-03 1.562574e-03 2.231081e-17 1.562574e-03 3.086673e-03 4.534767e-03 5.871200e-03 7.063065e-03 8.081014e-03 8.899981e-03 9.499801e-03 9.865705e-03 9.988682e-03 
1.142828e-02 1.128758e-02 1.086894e-02 1.018267e-02 9.245672e-03 8.081014e-03 6.717374e-03 5.188330e-03 3.531532e-03 1.787777e-03 1.852594e-17 1.787777e-03 3.531532e-03 5.188330e-03 6.717374e-03 8.081014e-03 9.245672e-03 1.018267e-02 1.086894e-02 1.128758e-02 1.142828e-02 
1.258647e-02 1.243151e-02 1.197045e-02 1.121463e-02 1.018267e-02 8.899981e-03 7.398144e-03 5.714140e-03 3.889434e-03 1.968958e-03 8.542012e-18 1.968958e-03 3.889434e-03 5.714140e-03 7.398144e-03 8.899981e-03 1.018267e-02 1.121463e-02 1.197045e-02 1.243151e-02 1.258647e-02 
1.343475e-02 1.326934e-02 1.277720e-02 1.197045e-02 1.086894e-02 9.499801e-03 7.896747e-03 6.099248e-03 4.151565e-03 2.101658e-03 1.740994e-16 2.101658e-03 4.151565e-03 6.099248e-03 7.896747e-03 9.499801e-03 1.086894e-02 1.197045e-02 1.277720e-02 1.326934e-02 1.343475e-02 
1.395221e-02 1.378044e-02 1.326934e-02 1.243151e-02 1.128758e-02 9.865705e-03 8.200905e-03 6.334172e-03 4.311471e-03 2.182607e-03 8.821805e-17 2.182607e-03 4.311471e-03 6.334172e-03 8.200905e-03 9.865705e-03 1.128758e-02 1.243151e-02 1.326934e-02 1.378044e-02 1.395221e-02 
1.412613e-02 1.395221e-02 1.343475e-02 1.258647e-02 1.142828e-02 9.988682e-03 8.303131e-03 6.413129e-03 4.365214e-03 2.209814e-03 2.326150e-17 2.209814e-03 4.365214e-03 6.413129e-03 8.303131e-03 9.988682e-03 1.142828e-02 1.258647e-02 1.343475e-02 1.395221e-02 1.412613e-02 
