5.683554e-04 5.666034e-04 5.613580e-04 5.526517e-04 5.405381e-04 5.250919e-04 5.064084e-04 4.846027e-04 4.598092e-04 4.321809e-04 4.018880e-04 3.691173e-04 3.340709e-04 2.969649e-04 2.580280e-04 2.175002e-04 1.756315e-04 1.326799e-04 8.891038e-05 4.459265e-05 1.458226e-16 4.459265e-05 8.891038e-05 1.326799e-04 1.756315e-04 2.175002e-04 2.580280e-04 2.969649e-04 3.340709e-04 3.691173e-04 4.018880e-04 4.321809e-04 4.598092e-04 4.846027e-04 5.064084e-04 5.250919e-04 5.405381e-04 5.526517e-04 5.613580e-04 5.666034e-04 5.683554e-04 
5.666034e-04 5.648567e-04 5.596275e-04 5.509481e-04 5.388718e-04 5.234733e-04 5.048473e-04 4.831088e-04 4.583918e-04 4.308486e-04 4.006491e-04 3.679795e-04 3.330411e-04 2.960494e-04 2.572325e-04 2.168297e-04 1.750901e-04 1.322709e-04 8.863630e-05 4.445519e-05 3.957936e-16 4.445519e-05 8.863630e-05 1.322709e-04 1.750901e-04 2.168297e-04 2.572325e-04 2.960494e-04 3.330411e-04 3.679795e-04 4.006491e-04 4.308486e-04 4.583918e-04 4.831088e-04 5.048473e-04 5.234733e-04 5.388718e-04 5.509481e-04 5.596275e-04 5.648567e-04 5.666034e-04 
5.613580e-04 5.596275e-04 5.544468e-04 5.458477e-04 5.338832e-04 5.186272e-04 5.001737e-04 4.786364e-04 4.541482e-04 4.268600e-04 3.969401e-04 3.645729e-04 3.299580e-04 2.933088e-04 2.548512e-04 2.148224e-04 1.734692e-04 1.310464e-04 8.781574e-05 4.404364e-05 3.130382e-16 4.404364e-05 8.781574e-05 1.310464e-04 1.734692e-04 2.148224e-04 2.548512e-04 2.933088e-04 3.299580e-04 3.645729e-04 3.969401e-04 4.268600e-04 4.541482e-04 4.786364e-04 5.001737e-04 5.186272e-04 5.338832e-04 5.458477e-04 5.544468e-04 5.596275e-04 5.613580e-04 
5.526517e-04 5.509481e-04 5.458477e-04 5.373819e-04 5.256030e-04 5.105836e-04 4.924163e-04 4.712131e-04 4.471046e-04 4.202397e-04 3.907838e-04 3.589186e-04 3.248405e-04 2.887597e-04 2.508986e-04 2.114907e-04 1.707788e-04 1.290140e-04 8.645378e-05 4.336055e-05 1.232634e-16 4.336055e-05 8.645378e-05 1.290140e-04 1.707788e-04 2.114907e-04 2.508986e-04 2.887597e-04 3.248405e-04 3.589186e-04 3.907838e-04 4.202397e-04 4.471046e-04 4.712131e-04 4.924163e-04 5.105836e-04 5.256030e-04 5.373819e-04 5.458477e-04 5.509481e-04 5.526517e-04 
5.405381e-04 5.388718e-04 5.338832e-04 5.256030e-04 5.140823e-04 4.993921e-04 4.816230e-04 4.608845e-04 4.373045e-04 4.110284e-04 3.822182e-04 3.510514e-04 3.177203e-04 2.824304e-04 2.453992e-04 2.068550e-04 1.670355e-04 1.261861e-04 8.455879e-05 4.241013e-05 2.456789e-16 4.241013e-05 8.455879e-05 1.261861e-04 1.670355e-04 2.068550e-04 2.453992e-04 2.824304e-04 3.177203e-04 3.510514e-04 3.822182e-04 4.110284e-04 4.373045e-04 4.608845e-04 4.816230e-04 4.993921e-04 5.140823e-04 5.256030e-04 5.338832e-04 5.388718e-04 5.405381e-04 
5.250919e-04 5.234733e-04 5.186272e-04 5.105836e-04 4.993921e-04 4.851217e-04 4.678603e-04 4.477145e-04 4.248083e-04 3.992830e-04 3.712961e-04 3.410199e-04 3.086413e-04 2.743598e-04 2.383868e-04 2.009440e-04 1.622623e-04 1.225803e-04 8.214248e-05 4.119824e-05 3.790236e-16 4.119824e-05 8.214248e-05 1.225803e-04 1.622623e-04 2.009440e-04 2.383868e-04 2.743598e-04 3.086413e-04 3.410199e-04 3.712961e-04 3.992830e-04 4.248083e-04 4.477145e-04 4.678603e-04 4.851217e-04 4.993921e-04 5.105836e-04 5.186272e-04 5.234733e-04 5.250919e-04 
5.064084e-04 5.048473e-04 5.001737e-04 4.924163e-04 4.816230e-04 4.678603e-04 4.512132e-04 4.317841e-04 4.096930e-04 3.850760e-04 3.580848e-04 3.288859e-04 2.976594e-04 2.645977e-04 2.299046e-04 1.937941e-04 1.564888e-04 1.182187e-04 7.921973e-05 3.973234e-05 8.247249e-17 3.973234e-05 7.921973e-05 1.182187e-04 1.564888e-04 1.937941e-04 2.299046e-04 2.645977e-04 2.976594e-04 3.288859e-04 3.580848e-04 3.850760e-04 4.096930e-04 4.317841e-04 4.512132e-04 4.678603e-04 4.816230e-04 4.924163e-04 5.001737e-04 5.048473e-04 5.064084e-04 
4.846027e-04 4.831088e-04 4.786364e-04 4.712131e-04 4.608845e-04 4.477145e-04 4.317841e-04 4.131917e-04 3.920518e-04 3.684948e-04 3.426658e-04 3.147243e-04 2.848423e-04 2.532042e-04 2.200050e-04 1.854494e-04 1.497505e-04 1.131282e-04 7.580856e-05 3.802149e-05 4.037873e-16 3.802149e-05 7.580856e-05 1.131282e-04 1.497505e-04 1.854494e-04 2.200050e-04 2.532042e-04 2.848423e-04 3.147243e-04 3.426658e-04 3.684948e-04 3.920518e-04 4.131917e-04 4.317841e-04 4.477145e-04 4.608845e-04 4.712131e-04 4.786364e-04 4.831088e-04 4.846027e-04 
4.598092e-04 4.583918e-04 4.541482e-04 4.471046e-04 4.373045e-04 4.248083e-04 4.096930e-04 3.920518e-04 3.719935e-04 3.496417e-04 3.251342e-04 2.986222e-04 2.702691e-04 2.402496e-04 2.087490e-04 1.759614e-04 1.420889e-04 1.073403e-04 7.193001e-05 3.607621e-05 1.072739e-16 3.607621e-05 7.193001e-05 1.073403e-04 1.420889e-04 1.759614e-04 2.087490e-04 2.402496e-04 2.702691e-04 2.986222e-04 3.251342e-04 3.496417e-04 3.719935e-04 3.920518e-04 4.096930e-04 4.248083e-04 4.373045e-04 4.471046e-04 4.541482e-04 4.583918e-04 4.598092e-04 
4.321809e-04 4.308486e-04 4.268600e-04 4.202397e-04 4.110284e-04 3.992830e-04 3.850760e-04 3.684948e-04 3.496417e-04 3.286329e-04 3.055980e-04 2.806790e-04 2.540295e-04 2.258139e-04 1.962060e-04 1.653885e-04 1.335512e-04 1.008906e-04 6.760798e-05 3.390852e-05 2.978753e-16 3.390852e-05 6.760798e-05 1.008906e-04 1.335512e-04 1.653885e-04 1.962060e-04 2.258139e-04 2.540295e-04 2.806790e-04 3.055980e-04 3.286329e-04 3.496417e-04 3.684948e-04 3.850760e-04 3.992830e-04 4.110284e-04 4.202397e-04 4.268600e-04 4.308486e-04 4.321809e-04 
4.018880e-04 4.006491e-04 3.969401e-04 3.907838e-04 3.822182e-04 3.712961e-04 3.580848e-04 3.426658e-04 3.251342e-04 3.055980e-04 2.841777e-04 2.610054e-04 2.362238e-04 2.099859e-04 1.824533e-04 1.537959e-04 1.241902e-04 9.381888e-05 6.286913e-05 3.153177e-05 4.396062e-16 3.153177e-05 6.286913e-05 9.381888e-05 1.241902e-04 1.537959e-04 1.824533e-04 2.099859e-04 2.362238e-04 2.610054e-04 2.841777e-04 3.055980e-04 3.251342e-04 3.426658e-04 3.580848e-04 3.712961e-04 3.822182e-04 3.907838e-04 3.969401e-04 4.006491e-04 4.018880e-04 
3.691173e-04 3.679795e-04 3.645729e-04 3.589186e-04 3.510514e-04 3.410199e-04 3.288859e-04 3.147243e-04 2.986222e-04 2.806790e-04 2.610054e-04 2.397225e-04 2.169617e-04 1.928633e-04 1.675758e-04 1.412551e-04 1.140635e-04 8.616873e-05 5.774267e-05 2.896061e-05 1.400663e-16 2.896061e-05 5.774267e-05 8.616873e-05 1.140635e-04 1.412551e-04 1.675758e-04 1.928633e-04 2.169617e-04 2.397225e-04 2.610054e-04 2.806790e-04 2.986222e-04 3.147243e-04 3.288859e-04 3.410199e-04 3.510514e-04 3.589186e-04 3.645729e-04 3.679795e-04 3.691173e-04 
3.340709e-04 3.330411e-04 3.299580e-04 3.248405e-04 3.177203e-04 3.086413e-04 2.976594e-04 2.848423e-04 2.702691e-04 2.540295e-04 2.362238e-04 2.169617e-04 1.963620e-04 1.745516e-04 1.516650e-04 1.278434e-04 1.032336e-04 7.798731e-05 5.226021e-05 2.621090e-05 1.860087e-16 2.621090e-05 5.226021e-05 7.798731e-05 1.032336e-04 1.278434e-04 1.516650e-04 1.745516e-04 1.963620e-04 2.169617e-04 2.362238e-04 2.540295e-04 2.702691e-04 2.848423e-04 2.976594e-04 3.086413e-04 3.177203e-04 3.248405e-04 3.299580e-04 3.330411e-04 3.340709e-04 
2.969649e-04 2.960494e-04 2.933088e-04 2.887597e-04 2.824304e-04 2.743598e-04 2.645977e-04 2.532042e-04 2.402496e-04 2.258139e-04 2.099859e-04 1.928633e-04 1.745516e-04 1.551637e-04 1.348192e-04 1.136435e-04 9.176720e-05 6.932508e-05 4.645554e-05 2.329960e-05 7.860366e-17 2.329960e-05 4.645554e-05 6.932508e-05 9.176720e-05 1.136435e-04 1.348192e-04 1.551637e-04 1.745516e-04 1.928633e-04 2.099859e-04 2.258139e-04 2.402496e-04 2.532042e-04 2.645977e-04 2.743598e-04 2.824304e-04 2.887597e-04 2.933088e-04 2.960494e-04 2.969649e-04 
2.580280e-04 2.572325e-04 2.548512e-04 2.508986e-04 2.453992e-04 2.383868e-04 2.299046e-04 2.200050e-04 2.087490e-04 1.962060e-04 1.824533e-04 1.675758e-04 1.516650e-04 1.348192e-04 1.171422e-04 9.874303e-05 7.973503e-05 6.023543e-05 4.036447e-05 2.024464e-05 1.934217e-16 2.024464e-05 4.036447e-05 6.023543e-05 7.973503e-05 9.874303e-05 1.171422e-04 1.348192e-04 1.516650e-04 1.675758e-04 1.824533e-04 1.962060e-04 2.087490e-04 2.200050e-04 2.299046e-04 2.383868e-04 2.453992e-04 2.508986e-04 2.548512e-04 2.572325e-04 2.580280e-04 
2.175002e-04 2.168297e-04 2.148224e-04 2.114907e-04 2.068550e-04 2.009440e-04 1.937941e-04 1.854494e-04 1.759614e-04 1.653885e-04 1.537959e-04 1.412551e-04 1.278434e-04 1.136435e-04 9.874303e-05 8.323372e-05 6.721126e-05 5.077441e-05 3.402453e-05 1.706487e-05 1.453308e-16 1.706487e-05 3.402453e-05 5.077441e-05 6.721126e-05 8.323372e-05 9.874303e-05 1.136435e-04 1.278434e-04 1.412551e-04 1.537959e-04 1.653885e-04 1.759614e-04 1.854494e-04 1.937941e-04 2.009440e-04 2.068550e-04 2.114907e-04 2.148224e-04 2.168297e-04 2.175002e-04 
1.756315e-04 1.750901e-04 1.734692e-04 1.707788e-04 1.670355e-04 1.622623e-04 1.564888e-04 1.497505e-04 1.420889e-04 1.335512e-04 1.241902e-04 1.140635e-04 1.032336e-04 9.176720e-05 7.973503e-05 6.721126e-05 5.427311e-05 4.100036e-05 2.747482e-05 1.377989e-05 8.002333e-17 1.377989e-05 2.747482e-05 4.100036e-05 5.427311e-05 6.721126e-05 7.973503e-05 9.176720e-05 1.032336e-04 1.140635e-04 1.241902e-04 1.335512e-04 1.420889e-04 1.497505e-04 1.564888e-04 1.622623e-04 1.670355e-04 1.707788e-04 1.734692e-04 1.750901e-04 1.756315e-04 
1.326799e-04 1.322709e-04 1.310464e-04 1.290140e-04 1.261861e-04 1.225803e-04 1.182187e-04 1.131282e-04 1.073403e-04 1.008906e-04 9.381888e-05 8.616873e-05 7.798731e-05 6.932508e-05 6.023543e-05 5.077441e-05 4.100036e-05 3.097352e-05 2.075572e-05 1.040995e-05 3.216870e-17 1.040995e-05 2.075572e-05 3.097352e-05 4.100036e-05 5.077441e-05 6.023543e-05 6.932508e-05 7.798731e-05 8.616873e-05 9.381888e-05 1.008906e-04 1.073403e-04 1.131282e-04 1.182187e-04 1.225803e-04 1.261861e-04 1.290140e-04 1.310464e-04 1.322709e-04 1.326799e-04 
8.891038e-05 8.863630e-05 8.781574e-05 8.645378e-05 8.455879e-05 8.214248e-05 7.921973e-05 7.580856e-05 7.193001e-05 6.760798e-05 6.286913e-05 5.774267e-05 5.226021e-05 4.645554e-05 4.036447e-05 3.402453e-05 2.747482e-05 2.075572e-05 1.390865e-05 6.975828e-06 7.112998e-17 6.975828e-06 1.390865e-05 2.075572e-05 2.747482e-05 3.402453e-05 4.036447e-05 4.645554e-05 5.226021e-05 5.774267e-05 6.286913e-05 6.760798e-05 7.193001e-05 7.580856e-05 7.921973e-05 8.214248e-05 8.455879e-05 8.645378e-05 8.781574e-05 8.863630e-05 8.891038e-05 
4.459265e-05 4.445519e-05 4.404364e-05 4.336055e-05 4.241013e-05 4.119824e-05 3.973234e-05 3.802149e-05 3.607621e-05 3.390852e-05 3.153177e-05 2.896061e-05 2.621090e-05 2.329960e-05 2.024464e-05 1.706487e-05 1.377989e-05 1.040995e-05 6.975828e-06 3.498699e-06 1.215331e-17 3.498699e-06 6.975828e-06 1.040995e-05 1.377989e-05 1.706487e-05 2.024464e-05 2.329960e-05 2.621090e-05 2.896061e-05 3.153177e-05 3.390852e-05 3.607621e-05 3.802149e-05 3.973234e-05 4.119824e-05 4.241013e-05 4.336055e-05 4.404364e-05 4.445519e-05 4.459265e-05 
3.631611e-16 3.600299e-16 3.433674e-16 3.509396e-16 3.428194e-16 3.141185e-16 3.048581e-16 2.999728e-16 2.921313e-16 2.759336e-16 2.479032e-16 2.268168e-16 2.026575e-16 1.593830e-16 1.516846e-16 1.327645e-16 1.226247e-16 1.001925e-16 6.449780e-17 4.349969e-17 1.754500e-17 6.325490e-18 2.826040e-17 5.098729e-17 7.150873e-17 9.043208e-17 1.152358e-16 1.323681e-16 1.603246e-16 1.729322e-16 1.891090e-16 1.987335e-16 2.296254e-16 2.518247e-16 2.417751e-16 2.542682e-16 2.665039e-16 2.743604e-16 2.753946e-16 2.863842e-16 3.073791e-16 
4.459265e-05 4.445519e-05 4.404364e-05 4.336055e-05 4.241013e-05 4.119824e-05 3.973234e-05 3.802149e-05 3.607621e-05 3.390852e-05 3.153177e-05 2.896061e-05 2.621090e-05 2.329960e-05 2.024464e-05 1.706487e-05 1.377989e-05 1.040995e-05 6.975828e-06 3.498699e-06 3.902104e-17 3.498699e-06 6.975828e-06 1.040995e-05 1.377989e-05 1.706487e-05 2.024464e-05 2.329960e-05 2.621090e-05 2.896061e-05 3.153177e-05 3.390852e-05 3.607621e-05 3.802149e-05 3.973234e-05 4.119824e-05 4.241013e-05 4.336055e-05 4.404364e-05 4.445519e-05 4.459265e-05 
8.891038e-05 8.863630e-05 8.781574e-05 8.645378e-05 8.455879e-05 8.214248e-05 7.921973e-05 7.580856e-05 7.193001e-05 6.760798e-05 6.286913e-05 5.774267e-05 5.226021e-05 4.645554e-05 4.036447e-05 3.402453e-05 2.747482e-05 2.075572e-05 1.390865e-05 6.975828e-06 4.856594e-17 6.975828e-06 1.390865e-05 2.075572e-05 2.747482e-05 3.402453e-05 4.036447e-05 4.645554e-05 5.226021e-05 5.774267e-05 6.286913e-05 6.760798e-05 7.193001e-05 7.580856e-05 7.921973e-05 8.214248e-05 8.455879e-05 8.645378e-05 8.781574e-05 8.863630e-05 8.891038e-05 
1.326799e-04 1.322709e-04 1.310464e-04 1.290140e-04 1.261861e-04 1.225803e-04 1.182187e-04 1.131282e-04 1.073403e-04 1.008906e-04 9.381888e-05 8.616873e-05 7.798731e-05 6.932508e-05 6.023543e-05 5.077441e-05 4.100036e-05 3.097352e-05 2.075572e-05 1.040995e-05 2.021716e-16 1.040995e-05 2.075572e-05 3.097352e-05 4.100036e-05 5.077441e-05 6.023543e-05 6.932508e-05 7.798731e-05 8.616873e-05 9.381888e-05 1.008906e-04 1.073403e-04 1.131282e-04 1.182187e-04 1.225803e-04 1.261861e-04 1.290140e-04 1.310464e-04 1.322709e-04 1.326799e-04 
1.756315e-04 1.750901e-04 1.734692e-04 1.707788e-04 1.670355e-04 1.622623e-04 1.564888e-04 1.497505e-04 1.420889e-04 1.335512e-04 1.241902e-04 1.140635e-04 1.032336e-04 9.176720e-05 7.973503e-05 6.721126e-05 5.427311e-05 4.100036e-05 2.747482e-05 1.377989e-05 5.920665e-17 1.377989e-05 2.747482e-05 4.100036e-05 5.427311e-05 6.721126e-05 7.973503e-05 9.176720e-05 1.032336e-04 1.140635e-04 1.241902e-04 1.335512e-04 1.420889e-04 1.497505e-04 1.564888e-04 1.622623e-04 1.670355e-04 1.707788e-04 1.734692e-04 1.750901e-04 1.756315e-04 
2.175002e-04 2.168297e-04 2.148224e-04 2.114907e-04 2.068550e-04 2.009440e-04 1.937941e-04 1.854494e-04 1.759614e-04 1.653885e-04 1.537959e-04 1.412551e-04 1.278434e-04 1.136435e-04 9.874303e-05 8.323372e-05 6.721126e-05 5.077441e-05 3.402453e-05 1.706487e-05 6.283606e-17 1.706487e-05 3.402453e-05 5.077441e-05 6.721126e-05 8.323372e-05 9.874303e-05 1.136435e-04 1.278434e-04 1.412551e-04 1.537959e-04 1.653885e-04 1.759614e-04 1.854494e-04 1.937941e-04 2.009440e-04 2.068550e-04 2.114907e-04 2.148224e-04 2.168297e-04 2.175002e-04 
2.580280e-04 2.572325e-04 2.548512e-04 2.508986e-04 2.453992e-04 2.383868e-04 2.299046e-04 2.200050e-04 2.087490e-04 1.962060e-04 1.824533e-04 1.675758e-04 1.516650e-04 1.348192e-04 1.171422e-04 9.874303e-05 7.973503e-05 6.023543e-05 4.036447e-05 2.024464e-05 1.136244e-16 2.024464e-05 4.036447e-05 6.023543e-05 7.973503e-05 9.874303e-05 1.171422e-04 1.348192e-04 1.516650e-04 1.675758e-04 1.824533e-04 1.962060e-04 2.087490e-04 2.200050e-04 2.299046e-04 2.383868e-04 2.453992e-04 2.508986e-04 2.548512e-04 2.572325e-04 2.580280e-04 
2.969649e-04 2.960494e-04 2.933088e-04 2.887597e-04 2.824304e-04 2.743598e-04 2.645977e-04 2.532042e-04 2.402496e-04 2.258139e-04 2.099859e-04 1.928633e-04 1.745516e-04 1.551637e-04 1.348192e-04 1.136435e-04 9.176720e-05 6.932508e-05 4.645554e-05 2.329960e-05 2.347288e-16 2.329960e-05 4.645554e-05 6.932508e-05 9.176720e-05 1.136435e-04 1.348192e-04 1.551637e-04 1.745516e-04 1.928633e-04 2.099859e-04 2.258139e-04 2.402496e-04 2.532042e-04 2.645977e-04 2.743598e-04 2.824304e-04 2.887597e-04 2.933088e-04 2.960494e-04 2.969649e-04 
3.340709e-04 3.330411e-04 3.299580e-04 3.248405e-04 3.177203e-04 3.086413e-04 2.976594e-04 2.848423e-04 2.702691e-04 2.540295e-04 2.362238e-04 2.169617e-04 1.963620e-04 1.745516e-04 1.516650e-04 1.278434e-04 1.032336e-04 7.798731e-05 5.226021e-05 2.621090e-05 4.376141e-17 2.621090e-05 5.226021e-05 7.798731e-05 1.032336e-04 1.278434e-04 1.516650e-04 1.745516e-04 1.963620e-04 2.169617e-04 2.362238e-04 2.540295e-04 2.702691e-04 2.848423e-04 2.976594e-04 3.086413e-04 3.177203e-04 3.248405e-04 3.299580e-04 3.330411e-04 3.340709e-04 
3.691173e-04 3.679795e-04 3.645729e-04 3.589186e-04 3.510514e-04 3.410199e-04 3.288859e-04 3.147243e-04 2.986222e-04 2.806790e-04 2.610054e-04 2.397225e-04 2.169617e-04 1.928633e-04 1.675758e-04 1.412551e-04 1.140635e-04 8.616873e-05 5.774267e-05 2.896061e-05 2.276951e-16 2.896061e-05 5.774267e-05 8.616873e-05 1.140635e-04 1.412551e-04 1.675758e-04 1.928633e-04 2.169617e-04 2.397225e-04 2.610054e-04 2.806790e-04 2.986222e-04 3.147243e-04 3.288859e-04 3.410199e-04 3.510514e-04 3.589186e-04 3.645729e-04 3.679795e-04 3.691173e-04 
4.018880e-04 4.006491e-04 3.969401e-04 3.907838e-04 3.822182e-04 3.712961e-04 3.580848e-04 3.426658e-04 3.251342e-04 3.055980e-04 2.841777e-04 2.610054e-04 2.362238e-04 2.099859e-04 1.824533e-04 1.537959e-04 1.241902e-04 9.381888e-05 6.286913e-05 3.153177e-05 3.147061e-16 3.153177e-05 6.286913e-05 9.381888e-05 1.241902e-04 1.537959e-04 1.824533e-04 2.099859e-04 2.362238e-04 2.610054e-04 2.841777e-04 3.055980e-04 3.251342e-04 3.426658e-04 3.580848e-04 3.712961e-04 3.822182e-04 3.907838e-04 3.969401e-04 4.006491e-04 4.018880e-04 
4.321809e-04 4.308486e-04 4.268600e-04 4.202397e-04 4.110284e-04 3.992830e-04 3.850760e-04 3.684948e-04 3.496417e-04 3.286329e-04 3.055980e-04 2.806790e-04 2.540295e-04 2.258139e-04 1.962060e-04 1.653885e-04 1.335512e-04 1.008906e-04 6.760798e-05 3.390852e-05 6.889177e-17 3.390852e-05 6.760798e-05 1.008906e-04 1.335512e-04 1.653885e-04 1.962060e-04 2.258139e-04 2.540295e-04 2.806790e-04 3.055980e-04 3.286329e-04 3.496417e-04 3.684948e-04 3.850760e-04 3.992830e-04 4.110284e-04 4.202397e-04 4.268600e-04 4.308486e-04 4.321809e-04 
4.598092e-04 4.583918e-04 4.541482e-04 4.471046e-04 4.373045e-04 4.248083e-04 4.096930e-04 3.920518e-04 3.719935e-04 3.496417e-04 3.251342e-04 2.986222e-04 2.702691e-04 2.402496e-04 2.087490e-04 1.759614e-04 1.420889e-04 1.073403e-04 7.193001e-05 3.607621e-05 8.007625e-17 3.607621e-05 7.193001e-05 1.073403e-04 1.420889e-04 1.759614e-04 2.087490e-04 2.402496e-04 2.702691e-04 2.986222e-04 3.251342e-04 3.496417e-04 3.719935e-04 3.920518e-04 4.096930e-04 4.248083e-04 4.373045e-04 4.471046e-04 4.541482e-04 4.583918e-04 4.598092e-04 
4.846027e-04 4.831088e-04 4.786364e-04 4.712131e-04 4.608845e-04 4.477145e-04 4.317841e-04 4.131917e-04 3.920518e-04 3.684948e-04 3.426658e-04 3.147243e-04 2.848423e-04 2.532042e-04 2.200050e-04 1.854494e-04 1.497505e-04 1.131282e-04 7.580856e-05 3.802149e-05 1.470482e-16 3.802149e-05 7.580856e-05 1.131282e-04 1.497505e-04 1.854494e-04 2.200050e-04 2.532042e-04 2.848423e-04 3.147243e-04 3.426658e-04 3.684948e-04 3.920518e-04 4.131917e-04 4.317841e-04 4.477145e-04 4.608845e-04 4.712131e-04 4.786364e-04 4.831088e-04 4.846027e-04 
5.064084e-04 5.048473e-04 5.001737e-04 4.924163e-04 4.816230e-04 4.678603e-04 4.512132e-04 4.317841e-04 4.096930e-04 3.850760e-04 3.580848e-04 3.288859e-04 2.976594e-04 2.645977e-04 2.299046e-04 1.937941e-04 1.564888e-04 1.182187e-04 7.921973e-05 3.973234e-05 5.959506e-16 3.973234e-05 7.921973e-05 1.182187e-04 1.564888e-04 1.937941e-04 2.299046e-04 2.645977e-04 2.976594e-04 3.288859e-04 3.580848e-04 3.850760e-04 4.096930e-04 4.317841e-04 4.512132e-04 4.678603e-04 4.816230e-04 4.924163e-04 5.001737e-04 5.048473e-04 5.064084e-04 
5.250919e-04 5.234733e-04 5.186272e-04 5.105836e-04 4.993921e-04 4.851217e-04 4.678603e-04 4.477145e-04 4.248083e-04 3.992830e-04 3.712961e-04 3.410199e-04 3.086413e-04 2.743598e-04 2.383868e-04 2.009440e-04 1.622623e-04 1.225803e-04 8.214248e-05 4.119824e-05 3.842547e-16 4.119824e-05 8.214248e-05 1.225803e-04 1.622623e-04 2.009440e-04 2.383868e-04 2.743598e-04 3.086413e-04 3.410199e-04 3.712961e-04 3.992830e-04 4.248083e-04 4.477145e-04 4.678603e-04 4.851217e-04 4.993921e-04 5.105836e-04 5.186272e-04 5.234733e-04 5.250919e-04 
5.405381e-04 5.388718e-04 5.338832e-04 5.256030e-04 5.140823e-04 4.993921e-04 4.816230e-04 4.608845e-04 4.373045e-04 4.110284e-04 3.822182e-04 3.510514e-04 3.177203e-04 2.824304e-04 2.453992e-04 2.068550e-04 1.670355e-04 1.261861e-04 8.455879e-05 4.241013e-05 7.591570e-16 4.241013e-05 8.455879e-05 1.261861e-04 1.670355e-04 2.068550e-04 2.453992e-04 2.824304e-04 3.177203e-04 3.510514e-04 3.822182e-04 4.110284e-04 4.373045e-04 4.608845e-04 4.816230e-04 4.993921e-04 5.140823e-04 5.256030e-04 5.338832e-04 5.388718e-04 5.405381e-04 
5.526517e-04 5.509481e-04 5.458477e-04 5.373819e-04 5.256030e-04 5.105836e-04 4.924163e-04 4.712131e-04 4.471046e-04 4.202397e-04 3.907838e-04 3.589186e-04 3.248405e-04 2.887597e-04 2.508986e-04 2.114907e-04 1.707788e-04 1.290140e-04 8.645378e-05 4.336055e-05 1.889868e-16 4.336055e-05 8.645378e-05 1.290140e-04 1.707788e-04 2.114907e-04 2.508986e-04 2.887597e-04 3.248405e-04 3.589186e-04 3.907838e-04 4.202397e-04 4.471046e-04 4.712131e-04 4.924163e-04 5.105836e-04 5.256030e-04 5.373819e-04 5.458477e-04 5.509481e-04 5.526517e-04 
5.613580e-04 5.596275e-04 5.544468e-04 5.458477e-04 5.338832e-04 5.186272e-04 5.001737e-04 4.786364e-04 4.541482e-04 4.268600e-04 3.969401e-04 3.645729e-04 3.299580e-04 2.933088e-04 2.548512e-04 2.148224e-04 1.734692e-04 1.310464e-04 8.781574e-05 4.404364e-05 2.854355e-17 4.404364e-05 8.781574e-05 1.310464e-04 1.734692e-04 2.148224e-04 2.548512e-04 2.933088e-04 3.299580e-04 3.645729e-04 3.969401e-04 4.268600e-04 4.541482e-04 4.786364e-04 5.001737e-04 5.186272e-04 5.338832e-04 5.458477e-04 5.544468e-04 5.596275e-04 5.613580e-04 
5.666034e-04 5.648567e-04 5.596275e-04 5.509481e-04 5.388718e-04 5.234733e-04 5.048473e-04 4.831088e-04 4.583918e-04 4.308486e-04 4.006491e-04 3.679795e-04 3.330411e-04 2.960494e-04 2.572325e-04 2.168297e-04 1.750901e-04 1.322709e-04 8.863630e-05 4.445519e-05 2.847713e-16 4.445519e-05 8.863630e-05 1.322709e-04 1.750901e-04 2.168297e-04 2.572325e-04 2.960494e-04 3.330411e-04 3.679795e-04 4.006491e-04 4.308486e-04 4.583918e-04 4.831088e-04 5.048473e-04 5.234733e-04 5.388718e-04 5.509481e-04 5.596275e-04 5.648567e-04 5.666034e-04 
5.683554e-04 5.666034e-04 5.613580e-04 5.526517e-04 5.405381e-04 5.250919e-04 5.064084e-04 4.846027e-04 4.598092e-04 4.321809e-04 4.018880e-04 3.691173e-04 3.340709e-04 2.969649e-04 2.580280e-04 2.175002e-04 1.756315e-04 1.326799e-04 8.891038e-05 4.459265e-05 4.025617e-16 4.459265e-05 8.891038e-05 1.326799e-04 1.756315e-04 2.175002e-04 2.580280e-04 2.969649e-04 3.340709e-04 3.691173e-04 4.018880e-04 4.321809e-04 4.598092e-04 4.846027e-04 5.064084e-04 5.250919e-04 5.405381e-04 5.526517e-04 5.613580e-04 5.666034e-04 5.683554e-04 
