9.516258e-02 9.050499e-02 7.698815e-02 5.593516e-02 2.940686e-02 5.827028e-18 2.940686e-02 5.593516e-02 7.698815e-02 9.050499e-02 9.516258e-02 
9.050499e-02 8.607536e-02 7.322008e-02 5.319750e-02 2.796758e-02 5.541833e-18 2.796758e-02 5.319750e-02 7.322008e-02 8.607536e-02 9.050499e-02 
7.698815e-02 7.322008e-02 6.228472e-02 4.525250e-02 2.379065e-02 4.714164e-18 2.379065e-02 4.525250e-02 6.228472e-02 7.322008e-02 7.698815e-02 
5.593516e-02 5.319750e-02 4.525250e-02 3.287786e-02 1.728492e-02 3.425041e-18 1.728492e-02 3.287786e-02 4.525250e-02 5.319750e-02 5.593516e-02 
2.940686e-02 2.796758e-02 2.379065e-02 1.728492e-02 9.087218e-03 1.800651e-18 9.087218e-03 1.728492e-02 2.379065e-02 2.796758e-02 2.940686e-02 
5.827028e-18 5.541833e-18 4.714164e-18 3.425041e-18 1.800651e-18 3.568025e-34 1.800651e-18 3.425041e-18 4.714164e-18 5.541833e-18 5.827028e-18 
2.940686e-02 2.796758e-02 2.379065e-02 1.728492e-02 9.087218e-03 1.800651e-18 9.087218e-03 1.728492e-02 2.379065e-02 2.796758e-02 2.940686e-02 
5.593516e-02 5.319750e-02 4.525250e-02 3.287786e-02 1.728492e-02 3.425041e-18 1.728492e-02 3.287786e-02 4.525250e-02 5.319750e-02 5.593516e-02 
7.698815e-02 7.322008e-02 6.228472e-02 4.525250e-02 2.379065e-02 4.714164e-18 2.379065e-02 4.525250e-02 6.228472e-02 7.322008e-02 7.698815e-02 
9.050499e-02 8.607536e-02 7.322008e-02 5.319750e-02 2.796758e-02 5.541833e-18 2.796758e-02 5.319750e-02 7.322008e-02 8.607536e-02 9.050499e-02 
9.516258e-02 9.050499e-02 7.698815e-02 5.593516e-02 2.940686e-02 5.827028e-18 2.940686e-02 5.593516e-02 7.698815e-02 9.050499e-02 9.516258e-02 
