6.251690e-03 6.161124e-03 5.891502e-03 5.448829e-03 4.842448e-03 4.084245e-03 3.187869e-03 2.168173e-03 1.041018e-03 1.765105e-04 1.465466e-03 2.804090e-03 4.166679e-03 5.522524e-03 6.835234e-03 8.062868e-03 9.159266e-03 1.007682e-02 1.077064e-02 1.120351e-02 1.135069e-02 
6.163868e-03 6.074604e-03 5.808837e-03 5.372441e-03 4.774560e-03 4.026850e-03 3.142730e-03 2.136845e-03 1.024876e-03 1.762343e-04 1.447669e-03 2.767813e-03 4.111162e-03 5.447307e-03 6.740313e-03 7.948876e-03 9.027660e-03 9.930026e-03 1.061207e-02 1.103746e-02 1.118208e-02 
5.902908e-03 5.817482e-03 5.563091e-03 5.145221e-03 4.572443e-03 3.855745e-03 3.007861e-03 2.042813e-03 9.757458e-04 1.768499e-04 1.396573e-03 2.662267e-03 3.949048e-03 5.227426e-03 6.462813e-03 7.615774e-03 8.643354e-03 9.501666e-03 1.014964e-02 1.055342e-02 1.069064e-02 
5.475919e-03 5.396685e-03 5.160657e-03 4.772717e-03 4.240540e-03 3.574049e-03 2.784885e-03 1.886037e-03 8.917354e-04 1.823357e-04 1.318542e-03 2.496579e-03 3.692672e-03 4.878897e-03 6.022867e-03 7.088104e-03 8.035334e-03 8.824851e-03 9.419823e-03 9.790103e-03 9.915847e-03 
4.893530e-03 4.822580e-03 4.611135e-03 4.263309e-03 3.785622e-03 3.186611e-03 2.476452e-03 1.666709e-03 7.703000e-04 1.983136e-04 1.222703e-03 2.283905e-03 3.359821e-03 4.424756e-03 5.449310e-03 6.400842e-03 7.244703e-03 7.946310e-03 8.473924e-03 8.801787e-03 8.913038e-03 
4.168481e-03 4.107613e-03 3.926109e-03 3.627196e-03 3.216050e-03 2.699562e-03 2.086122e-03 1.385498e-03 6.088670e-04 2.310000e-04 1.119400e-03 2.039280e-03 2.970839e-03 3.891273e-03 4.774830e-03 5.593346e-03 6.317359e-03 6.917851e-03 7.368495e-03 7.648109e-03 7.742915e-03 
3.314293e-03 3.265024e-03 3.117981e-03 2.875426e-03 2.541047e-03 2.119878e-03 1.618237e-03 1.043732e-03 4.053598e-04 2.863102e-04 1.018871e-03 1.777798e-03 2.546213e-03 3.304800e-03 4.031980e-03 4.704444e-03 5.298126e-03 5.789604e-03 6.157844e-03 6.386060e-03 6.463391e-03 
2.344365e-03 2.307968e-03 2.199184e-03 2.019242e-03 1.770219e-03 1.455098e-03 1.077848e-03 6.435567e-04 1.585874e-04 3.692185e-04 9.303359e-04 1.513370e-03 2.104945e-03 2.689726e-03 3.250646e-03 3.769398e-03 4.227235e-03 4.606063e-03 4.889745e-03 5.065477e-03 5.125009e-03 
1.271666e-03 1.249225e-03 1.181928e-03 1.069892e-03 9.134451e-04 7.133062e-04 4.708077e-04 1.881342e-04 1.314374e-04 4.833157e-04 8.614076e-04 1.257988e-03 1.663651e-03 2.067382e-03 2.456784e-03 2.818492e-03 3.138805e-03 3.404503e-03 3.603818e-03 3.727425e-03 3.769321e-03 
1.090602e-04 1.015228e-04 7.851782e-05 3.894054e-05 1.881711e-05 9.655973e-05 1.959308e-04 3.180503e-04 4.631852e-04 6.304765e-04 8.177365e-04 1.021327e-03 1.236129e-03 1.455610e-03 1.672018e-03 1.876713e-03 2.060639e-03 2.214935e-03 2.331638e-03 2.404404e-03 2.429134e-03 
1.129805e-03 1.121591e-03 1.097814e-03 1.060964e-03 1.014842e-03 9.641187e-04 9.138111e-04 8.687794e-04 8.332756e-04 8.105882e-04 8.027892e-04 8.105854e-04 8.332700e-04 8.687711e-04 9.138004e-04 9.641058e-04 1.014828e-03 1.060947e-03 1.097797e-03 1.121572e-03 1.129786e-03 
2.429141e-03 2.404413e-03 2.331648e-03 2.214944e-03 2.060648e-03 1.876721e-03 1.672025e-03 1.455614e-03 1.236131e-03 1.021327e-03 8.177331e-04 6.304701e-04 4.631758e-04 3.180378e-04 1.959153e-04 9.654138e-05 1.879598e-05 3.896427e-05 7.854397e-05 1.015512e-04 1.090906e-04 
3.769318e-03 3.727425e-03 3.603821e-03 3.404507e-03 3.138809e-03 2.818496e-03 2.456786e-03 2.067383e-03 1.663649e-03 1.257984e-03 8.614009e-04 4.833058e-04 1.314240e-04 1.881511e-04 4.708283e-04 7.133305e-04 9.134731e-04 1.069924e-03 1.181964e-03 1.249264e-03 1.271709e-03 
5.124998e-03 5.065471e-03 4.889741e-03 4.606062e-03 4.227236e-03 3.769398e-03 3.250645e-03 2.689724e-03 2.104941e-03 1.513363e-03 9.303259e-04 3.692050e-04 1.586048e-04 6.435782e-04 1.077874e-03 1.455128e-03 1.770254e-03 2.019282e-03 2.199229e-03 2.308018e-03 2.344420e-03 
6.463372e-03 6.386048e-03 6.157836e-03 5.789599e-03 5.298123e-03 4.704442e-03 4.031977e-03 3.304796e-03 2.546206e-03 1.777789e-03 1.018858e-03 2.862933e-04 4.053812e-04 1.043759e-03 1.618268e-03 2.119915e-03 2.541090e-03 2.875474e-03 3.118036e-03 3.265085e-03 3.314361e-03 
7.742891e-03 7.648093e-03 7.368484e-03 6.917844e-03 6.317354e-03 5.593343e-03 4.774826e-03 3.891267e-03 2.970831e-03 2.039269e-03 1.119384e-03 2.309799e-04 6.088923e-04 1.385529e-03 2.086159e-03 2.699605e-03 3.216100e-03 3.627253e-03 3.926174e-03 4.107686e-03 4.168562e-03 
8.913012e-03 8.801769e-03 8.473913e-03 7.946303e-03 7.244698e-03 6.400838e-03 5.449306e-03 4.424750e-03 3.359812e-03 2.283892e-03 1.222685e-03 1.982905e-04 7.703291e-04 1.666745e-03 2.476494e-03 3.186661e-03 3.785680e-03 4.263375e-03 4.611210e-03 4.822663e-03 4.893623e-03 
9.915823e-03 9.790089e-03 9.419816e-03 8.824848e-03 8.035333e-03 7.088103e-03 6.022865e-03 4.878892e-03 3.692664e-03 2.496565e-03 1.318523e-03 1.823103e-04 8.917679e-04 1.886077e-03 2.784934e-03 3.574105e-03 4.240605e-03 4.772791e-03 5.160740e-03 5.396778e-03 5.476024e-03 
1.069058e-02 1.055338e-02 1.014960e-02 9.501638e-03 8.643331e-03 7.615755e-03 6.462796e-03 5.227409e-03 3.949030e-03 2.662245e-03 1.396547e-03 1.768178e-04 9.757850e-04 2.042860e-03 3.007917e-03 3.855809e-03 4.572517e-03 5.145304e-03 5.563185e-03 5.817586e-03 5.903024e-03 
1.118214e-02 1.103753e-02 1.061215e-02 9.930100e-03 9.027727e-03 7.948932e-03 6.740357e-03 5.447339e-03 4.111180e-03 2.767819e-03 1.447662e-03 1.762146e-04 1.024908e-03 2.136888e-03 3.142786e-03 4.026917e-03 4.774638e-03 5.372530e-03 5.808938e-03 6.074716e-03 6.163993e-03 
1.135055e-02 1.120337e-02 1.077053e-02 1.007672e-02 9.159181e-03 8.062798e-03 6.835175e-03 5.522474e-03 4.166634e-03 2.804047e-03 1.465422e-03 1.764618e-04 1.041073e-03 2.168236e-03 3.187941e-03 4.084326e-03 4.842540e-03 5.448932e-03 5.891616e-03 6.161250e-03 6.251828e-03 
