2.803492e-03 2.794849e-03 2.768963e-03 2.725958e-03 2.666044e-03 2.589517e-03 2.496760e-03 2.388249e-03 2.264554e-03 2.126340e-03 1.974369e-03 1.809500e-03 1.632691e-03 1.444990e-03 1.247538e-03 1.041556e-03 8.283390e-04 6.092482e-04 3.856958e-04 1.591331e-04 6.896295e-05 2.971043e-04 5.238063e-04 7.476011e-04 9.670504e-04 1.180758e-03 1.387378e-03 1.585626e-03 1.774286e-03 1.952214e-03 2.118345e-03 2.271696e-03 2.411370e-03 2.536556e-03 2.646532e-03 2.740670e-03 2.818432e-03 2.879376e-03 2.923157e-03 2.949528e-03 2.958339e-03 
2.794937e-03 2.786320e-03 2.760509e-03 2.717630e-03 2.657891e-03 2.581588e-03 2.489103e-03 2.380912e-03 2.257583e-03 2.119779e-03 1.968260e-03 1.803884e-03 1.627604e-03 1.440469e-03 1.243612e-03 1.038252e-03 8.256820e-04 6.072564e-04 3.843835e-04 1.585099e-04 6.889211e-05 2.963396e-04 5.223525e-04 7.454678e-04 9.642518e-04 1.177312e-03 1.383308e-03 1.580958e-03 1.769050e-03 1.946443e-03 2.112076e-03 2.264968e-03 2.404225e-03 2.529036e-03 2.638684e-03 2.732541e-03 2.810071e-03 2.870834e-03 2.914485e-03 2.940777e-03 2.949561e-03 
2.769310e-03 2.760768e-03 2.735184e-03 2.692681e-03 2.633467e-03 2.557835e-03 2.466167e-03 2.358934e-03 2.236700e-03 2.100124e-03 1.949961e-03 1.787061e-03 1.612369e-03 1.426924e-03 1.231852e-03 1.028358e-03 8.177231e-04 6.012896e-04 3.804517e-04 1.566419e-04 6.868198e-05 2.940515e-04 5.180011e-04 7.390816e-04 9.558731e-04 1.166996e-03 1.371122e-03 1.566982e-03 1.753373e-03 1.929166e-03 2.093306e-03 2.244823e-03 2.382828e-03 2.506519e-03 2.615184e-03 2.708200e-03 2.785036e-03 2.845255e-03 2.888515e-03 2.914572e-03 2.923278e-03 
2.726720e-03 2.718304e-03 2.693096e-03 2.651218e-03 2.592877e-03 2.518363e-03 2.428053e-03 2.322413e-03 2.202001e-03 2.067468e-03 1.919558e-03 1.759110e-03 1.587057e-03 1.404422e-03 1.212314e-03 1.011919e-03 8.044993e-04 5.913743e-04 3.739160e-04 1.535334e-04 6.833959e-05 2.902586e-04 5.107818e-04 7.284836e-04 9.419664e-04 1.149873e-03 1.350894e-03 1.543780e-03 1.727347e-03 1.900480e-03 2.062141e-03 2.211374e-03 2.347301e-03 2.469132e-03 2.576165e-03 2.667784e-03 2.743467e-03 2.802783e-03 2.845395e-03 2.871061e-03 2.879637e-03 
2.667352e-03 2.659111e-03 2.634428e-03 2.593424e-03 2.536301e-03 2.463347e-03 2.374932e-03 2.271516e-03 2.153645e-03 2.021960e-03 1.877192e-03 1.720164e-03 1.551790e-03 1.373070e-03 1.185091e-03 9.890148e-04 7.860722e-04 5.775548e-04 3.648026e-04 1.491920e-04 6.787623e-05 2.849911e-04 5.007439e-04 7.137414e-04 9.226175e-04 1.126045e-03 1.322743e-03 1.511488e-03 1.691121e-03 1.860551e-03 2.018761e-03 2.164812e-03 2.297845e-03 2.417086e-03 2.521845e-03 2.611520e-03 2.685598e-03 2.743656e-03 2.785365e-03 2.810487e-03 2.818881e-03 
2.591467e-03 2.583451e-03 2.559440e-03 2.519555e-03 2.463994e-03 2.393037e-03 2.307048e-03 2.206477e-03 2.091859e-03 1.963818e-03 1.823068e-03 1.670411e-03 1.506737e-03 1.333021e-03 1.150317e-03 9.597546e-04 7.625293e-04 5.598941e-04 3.531490e-04 1.436292e-04 6.730693e-05 2.782907e-04 4.879555e-04 6.949492e-04 8.979459e-04 1.095656e-03 1.286836e-03 1.470296e-03 1.644908e-03 1.809610e-03 1.963413e-03 2.105402e-03 2.234741e-03 2.350675e-03 2.452531e-03 2.539723e-03 2.611752e-03 2.668205e-03 2.708761e-03 2.733189e-03 2.741351e-03 
2.499412e-03 2.491668e-03 2.468476e-03 2.429952e-03 2.376288e-03 2.307760e-03 2.224720e-03 2.127605e-03 2.016936e-03 1.893320e-03 1.757447e-03 1.610094e-03 1.452122e-03 1.284472e-03 1.108163e-03 9.242829e-04 7.339845e-04 5.384746e-04 3.390049e-04 1.368610e-04 6.664972e-05 2.702095e-04 4.725026e-04 6.722265e-04 8.681034e-04 1.058890e-03 1.243386e-03 1.420444e-03 1.588974e-03 1.747950e-03 1.896415e-03 2.033483e-03 2.158346e-03 2.270273e-03 2.368613e-03 2.452797e-03 2.522343e-03 2.576851e-03 2.616010e-03 2.639598e-03 2.647479e-03 
2.391618e-03 2.384195e-03 2.361964e-03 2.325037e-03 2.273602e-03 2.207923e-03 2.128343e-03 2.035283e-03 1.929246e-03 1.810816e-03 1.680657e-03 1.539516e-03 1.388220e-03 1.227670e-03 1.058842e-03 8.827780e-04 7.005790e-04 5.133987e-04 3.224328e-04 1.289088e-04 6.592479e-05 2.608095e-04 4.544885e-04 6.457171e-04 8.332736e-04 1.015968e-03 1.192653e-03 1.362228e-03 1.523647e-03 1.675928e-03 1.818150e-03 1.949465e-03 2.069094e-03 2.176335e-03 2.270562e-03 2.351230e-03 2.417872e-03 2.470106e-03 2.507633e-03 2.530237e-03 2.537789e-03 
2.268609e-03 2.261554e-03 2.240423e-03 2.205325e-03 2.156440e-03 2.094021e-03 2.018399e-03 1.929975e-03 1.829231e-03 1.716725e-03 1.593092e-03 1.459042e-03 1.315362e-03 1.162909e-03 1.002610e-03 8.354534e-04 6.624825e-04 4.847902e-04 3.035088e-04 1.198002e-04 6.515359e-05 2.501613e-04 4.340326e-04 6.155884e-04 7.936704e-04 9.671504e-04 1.134938e-03 1.295988e-03 1.449308e-03 1.593960e-03 1.729069e-03 1.853827e-03 1.967491e-03 2.069392e-03 2.158933e-03 2.235592e-03 2.298926e-03 2.348568e-03 2.384234e-03 2.405717e-03 2.412895e-03 
2.131008e-03 2.124364e-03 2.104468e-03 2.071423e-03 2.025398e-03 1.966638e-03 1.895452e-03 1.812225e-03 1.717412e-03 1.611541e-03 1.495211e-03 1.369095e-03 1.233933e-03 1.090533e-03 9.397657e-04 7.825590e-04 6.198936e-04 4.527945e-04 2.823235e-04 1.095700e-04 6.435795e-05 2.383432e-04 4.112693e-04 5.820297e-04 7.495369e-04 9.127305e-04 1.070585e-03 1.222117e-03 1.366391e-03 1.502523e-03 1.629687e-03 1.747120e-03 1.854121e-03 1.950055e-03 2.034359e-03 2.106539e-03 2.166176e-03 2.212922e-03 2.246507e-03 2.266738e-03 2.273498e-03 
1.979536e-03 1.973348e-03 1.954816e-03 1.924036e-03 1.881171e-03 1.826448e-03 1.760158e-03 1.682663e-03 1.594389e-03 1.495830e-03 1.387547e-03 1.270166e-03 1.144379e-03 1.010937e-03 8.706501e-04 7.243813e-04 5.730407e-04 4.175795e-04 2.589826e-04 9.826047e-05 6.355930e-05 2.254405e-04 3.863471e-04 5.452517e-04 7.011441e-04 8.530382e-04 9.999800e-04 1.141053e-03 1.275385e-03 1.402152e-03 1.520582e-03 1.629961e-03 1.729634e-03 1.819007e-03 1.897551e-03 1.964805e-03 2.020374e-03 2.063935e-03 2.095233e-03 2.114086e-03 2.120385e-03 
1.815020e-03 1.809328e-03 1.792282e-03 1.763972e-03 1.724549e-03 1.674222e-03 1.613263e-03 1.542006e-03 1.460845e-03 1.370237e-03 1.270698e-03 1.162807e-03 1.047199e-03 9.245657e-04 7.956500e-04 6.612439e-04 5.221819e-04 3.793357e-04 2.336074e-04 8.592243e-05 6.277791e-05 2.115443e-04 3.594273e-04 5.054848e-04 6.487896e-04 7.884362e-04 9.235474e-04 1.053280e-03 1.176831e-03 1.293439e-03 1.402394e-03 1.503034e-03 1.594754e-03 1.677005e-03 1.749298e-03 1.811204e-03 1.862358e-03 1.902460e-03 1.931274e-03 1.948632e-03 1.954431e-03 
1.638390e-03 1.633233e-03 1.617788e-03 1.592138e-03 1.556420e-03 1.510826e-03 1.455604e-03 1.391056e-03 1.317544e-03 1.235480e-03 1.145336e-03 1.047635e-03 9.429531e-04 8.319155e-04 7.151950e-04 5.935069e-04 4.676051e-04 3.382762e-04 2.063346e-04 7.261521e-05 6.203235e-05 1.967511e-04 3.306835e-04 4.629782e-04 5.927965e-04 7.193187e-04 8.417501e-04 9.593260e-04 1.071316e-03 1.177031e-03 1.275821e-03 1.367086e-03 1.450273e-03 1.524881e-03 1.590463e-03 1.646629e-03 1.693043e-03 1.729432e-03 1.755579e-03 1.771331e-03 1.776595e-03 
1.450682e-03 1.446094e-03 1.432356e-03 1.409541e-03 1.377772e-03 1.337219e-03 1.288106e-03 1.230702e-03 1.165329e-03 1.092355e-03 1.012200e-03 9.253288e-04 8.322540e-04 7.335312e-04 6.297571e-04 5.215662e-04 4.096269e-04 2.946365e-04 1.773164e-04 5.840691e-05 6.133914e-05 1.811618e-04 3.003002e-04 4.179985e-04 5.335115e-04 6.461102e-04 7.550871e-04 8.597606e-04 9.594792e-04 1.053626e-03 1.141622e-03 1.222928e-03 1.297049e-03 1.363536e-03 1.421987e-03 1.472050e-03 1.513427e-03 1.545868e-03 1.569180e-03 1.583225e-03 1.587917e-03 
1.253031e-03 1.249045e-03 1.237109e-03 1.217286e-03 1.189684e-03 1.154453e-03 1.111784e-03 1.061913e-03 1.005120e-03 9.417254e-04 8.720925e-04 7.966258e-04 7.157692e-04 6.300044e-04 5.398487e-04 4.458515e-04 3.485917e-04 2.486730e-04 1.467201e-04 4.337419e-05 6.071246e-05 1.648811e-04 2.684719e-04 3.708285e-04 4.713037e-04 5.692634e-04 6.640915e-04 7.551938e-04 8.420018e-04 9.239763e-04 1.000610e-03 1.071432e-03 1.136007e-03 1.193940e-03 1.244879e-03 1.288515e-03 1.324583e-03 1.352864e-03 1.373189e-03 1.385434e-03 1.389526e-03 
1.046666e-03 1.043310e-03 1.033259e-03 1.016568e-03 9.933268e-04 9.636602e-04 9.277305e-04 8.857358e-04 8.379100e-04 7.845229e-04 7.258796e-04 6.623195e-04 5.942150e-04 5.219705e-04 4.460199e-04 3.668243e-04 2.848694e-04 2.006620e-04 1.147267e-04 2.760186e-05 6.016413e-05 1.480173e-04 2.354022e-04 3.217660e-04 4.065628e-04 4.892571e-04 5.693280e-04 6.462726e-04 7.196089e-04 7.888791e-04 8.536522e-04 9.135265e-04 9.681315e-04 1.017130e-03 1.060222e-03 1.097141e-03 1.127661e-03 1.151595e-03 1.168797e-03 1.179161e-03 1.182625e-03 
8.329021e-04 8.301995e-04 8.221061e-04 8.086648e-04 7.899473e-04 7.660538e-04 7.371136e-04 7.032850e-04 6.647549e-04 6.217389e-04 5.744811e-04 5.232528e-04 4.683524e-04 4.101037e-04 3.488544e-04 2.849744e-04 2.188532e-04 1.508978e-04 8.152987e-05 1.118226e-05 5.970363e-05 1.306814e-04 2.013030e-04 2.711219e-04 3.396967e-04 4.065936e-04 4.713903e-04 5.336780e-04 5.930646e-04 6.491769e-04 7.016629e-04 7.501939e-04 7.944666e-04 8.342045e-04 8.691595e-04 8.991140e-04 9.238811e-04 9.433067e-04 9.572697e-04 9.656832e-04 9.684948e-04 
6.131278e-04 6.110981e-04 6.050196e-04 5.949236e-04 5.808627e-04 5.629109e-04 5.411631e-04 5.157358e-04 4.867671e-04 4.544164e-04 4.188641e-04 3.803118e-04 3.389809e-04 2.951125e-04 2.489657e-04 2.008166e-04 1.509566e-04 9.969060e-05 4.733474e-05 5.785606e-06 5.933830e-05 1.129868e-04 1.663929e-04 2.192187e-04 2.711296e-04 3.217963e-04 3.708974e-04 4.181211e-04 4.631676e-04 5.057510e-04 5.456010e-04 5.824645e-04 6.161074e-04 6.463160e-04 6.728979e-04 6.956841e-04 7.145293e-04 7.293133e-04 7.399417e-04 7.463466e-04 7.484871e-04 
3.887913e-04 3.874490e-04 3.834288e-04 3.767503e-04 3.674462e-04 3.555630e-04 3.411603e-04 3.243117e-04 3.051046e-04 2.836406e-04 2.600352e-04 2.344178e-04 2.069317e-04 1.777331e-04 1.469911e-04 1.148862e-04 8.160994e-05 4.736334e-05 1.235566e-05 2.319705e-05 5.907352e-05 9.504884e-05 1.308961e-04 1.663882e-04 2.012991e-04 2.354058e-04 2.684897e-04 3.003383e-04 3.307461e-04 3.595165e-04 3.864628e-04 4.114098e-04 4.341943e-04 4.546671e-04 4.726935e-04 4.881543e-04 5.009472e-04 5.109871e-04 5.182070e-04 5.225587e-04 5.240132e-04 
1.613849e-04 1.607397e-04 1.588067e-04 1.555933e-04 1.511123e-04 1.453816e-04 1.384250e-04 1.302723e-04 1.209593e-04 1.105286e-04 9.902962e-05 8.651888e-05 7.305990e-05 5.872332e-05 4.358671e-05 2.773427e-05 1.125646e-05 5.750576e-06 2.318555e-05 4.094279e-05 5.891296e-05 7.698383e-05 9.504117e-05 1.129695e-04 1.306530e-04 1.479761e-04 1.648246e-04 1.810863e-04 1.966518e-04 2.114152e-04 2.252749e-04 2.381348e-04 2.499042e-04 2.604997e-04 2.698452e-04 2.778727e-04 2.845236e-04 2.897487e-04 2.935093e-04 2.957772e-04 2.965353e-04 
6.757143e-05 6.751491e-05 6.734697e-05 6.707235e-05 6.669878e-05 6.623667e-05 6.569873e-05 6.509956e-05 6.445511e-05 6.378221e-05 6.309803e-05 6.241964e-05 6.176350e-05 6.114516e-05 6.057885e-05 6.007730e-05 5.965150e-05 5.931059e-05 5.906172e-05 5.891006e-05 5.885870e-05 5.890869e-05 5.905899e-05 5.930651e-05 5.964610e-05 6.007061e-05 6.057091e-05 6.113602e-05 6.175321e-05 6.240826e-05 6.308564e-05 6.376886e-05 6.444090e-05 6.508457e-05 6.568305e-05 6.622039e-05 6.668201e-05 6.705520e-05 6.732953e-05 6.749731e-05 6.755377e-05 
2.965475e-04 2.957897e-04 2.935221e-04 2.897617e-04 2.845365e-04 2.778854e-04 2.698576e-04 2.605117e-04 2.499157e-04 2.381456e-04 2.252850e-04 2.114244e-04 1.966601e-04 1.810936e-04 1.648308e-04 1.479811e-04 1.306567e-04 1.129720e-04 9.504238e-05 7.698370e-05 5.891145e-05 4.093990e-05 2.318127e-05 5.744892e-06 1.126353e-05 2.774272e-05 4.359651e-05 5.873445e-05 7.307232e-05 8.653255e-05 9.904450e-05 1.105446e-04 1.209764e-04 1.302904e-04 1.384442e-04 1.454016e-04 1.511331e-04 1.556149e-04 1.588289e-04 1.607626e-04 1.614083e-04 
5.240201e-04 5.225665e-04 5.182154e-04 5.109960e-04 5.009564e-04 4.881637e-04 4.727029e-04 4.546763e-04 4.342032e-04 4.114182e-04 3.864707e-04 3.595237e-04 3.307525e-04 3.003438e-04 2.684942e-04 2.354092e-04 2.013013e-04 1.663892e-04 1.308959e-04 9.504723e-05 5.907052e-05 2.319263e-05 1.236153e-05 4.737067e-05 8.161874e-05 1.148965e-04 1.470028e-04 1.777464e-04 2.069464e-04 2.344339e-04 2.600527e-04 2.836594e-04 3.051248e-04 3.243331e-04 3.411830e-04 3.555869e-04 3.674713e-04 3.767765e-04 3.834561e-04 3.874773e-04 3.888206e-04 
7.484890e-04 7.463498e-04 7.399460e-04 7.293185e-04 7.145351e-04 6.956904e-04 6.729045e-04 6.463226e-04 6.161140e-04 5.824708e-04 5.456069e-04 5.057563e-04 4.631722e-04 4.181249e-04 3.709003e-04 3.217982e-04 2.711304e-04 2.192183e-04 1.663912e-04 1.129838e-04 5.933382e-05 5.779661e-06 4.734220e-05 9.969961e-05 1.509672e-04 2.008288e-04 2.489794e-04 2.951279e-04 3.389979e-04 3.803304e-04 4.188844e-04 4.544382e-04 4.867905e-04 5.157608e-04 5.411895e-04 5.629389e-04 5.808922e-04 5.949546e-04 6.050520e-04 6.111321e-04 6.131632e-04 
9.684920e-04 9.656822e-04 9.572702e-04 9.433084e-04 9.238839e-04 8.991175e-04 8.691636e-04 8.342088e-04 7.944711e-04 7.501983e-04 7.016670e-04 6.491806e-04 5.930677e-04 5.336804e-04 4.713918e-04 4.065942e-04 3.396961e-04 2.711202e-04 2.012999e-04 1.306769e-04 5.969770e-05 1.118972e-05 8.153892e-05 1.509085e-04 2.188656e-04 2.849885e-04 3.488703e-04 4.101214e-04 4.683719e-04 5.232740e-04 5.745041e-04 6.217638e-04 6.647816e-04 7.033136e-04 7.371440e-04 7.660860e-04 7.899813e-04 8.087007e-04 8.221439e-04 8.302391e-04 8.329436e-04 
1.182617e-03 1.179156e-03 1.168794e-03 1.151593e-03 1.127661e-03 1.097142e-03 1.060223e-03 1.017133e-03 9.681340e-04 9.135291e-04 8.536547e-04 7.888813e-04 7.196106e-04 6.462736e-04 5.693282e-04 4.892563e-04 4.065609e-04 3.217630e-04 2.353978e-04 1.480115e-04 6.015678e-05 2.761082e-05 1.147373e-04 2.006744e-04 2.848836e-04 3.668404e-04 4.460379e-04 5.219905e-04 5.942369e-04 6.623434e-04 7.259056e-04 7.845510e-04 8.379401e-04 8.857680e-04 9.277649e-04 9.636967e-04 9.933655e-04 1.016609e-03 1.033302e-03 1.043355e-03 1.046714e-03 
1.389515e-03 1.385426e-03 1.373183e-03 1.352860e-03 1.324580e-03 1.288514e-03 1.244879e-03 1.193941e-03 1.136008e-03 1.071433e-03 1.000611e-03 9.239772e-04 8.420023e-04 7.551937e-04 6.640906e-04 5.692616e-04 4.713007e-04 3.708243e-04 2.684663e-04 1.648740e-04 6.070375e-05 4.338461e-05 1.467323e-04 2.486871e-04 3.486078e-04 4.458696e-04 5.398689e-04 6.300268e-04 7.157937e-04 7.966525e-04 8.721215e-04 9.417567e-04 1.005154e-03 1.061949e-03 1.111822e-03 1.154493e-03 1.189728e-03 1.217332e-03 1.237157e-03 1.249096e-03 1.253085e-03 
1.587903e-03 1.583213e-03 1.569171e-03 1.545861e-03 1.513422e-03 1.472047e-03 1.421985e-03 1.363535e-03 1.297048e-03 1.222928e-03 1.141622e-03 1.053626e-03 9.594787e-04 8.597595e-04 7.550853e-04 6.461074e-04 5.335075e-04 4.179932e-04 3.002935e-04 1.811535e-04 6.132911e-05 5.841877e-05 1.773302e-04 2.946523e-04 4.096448e-04 5.215864e-04 6.297795e-04 7.335559e-04 8.322811e-04 9.253584e-04 1.012232e-03 1.092390e-03 1.165366e-03 1.230742e-03 1.288149e-03 1.337265e-03 1.377820e-03 1.409592e-03 1.432410e-03 1.446151e-03 1.450742e-03 
1.776577e-03 1.771317e-03 1.755568e-03 1.729423e-03 1.693037e-03 1.646624e-03 1.590460e-03 1.524879e-03 1.450271e-03 1.367085e-03 1.275820e-03 1.177030e-03 1.071315e-03 9.593241e-04 8.417475e-04 7.193150e-04 5.927916e-04 4.629720e-04 3.306758e-04 1.967417e-04 6.202106e-05 7.262847e-05 2.063499e-04 3.382938e-04 4.676249e-04 5.935291e-04 7.152196e-04 8.319427e-04 9.429829e-04 1.047668e-03 1.145372e-03 1.235518e-03 1.317585e-03 1.391100e-03 1.455650e-03 1.510876e-03 1.556473e-03 1.592194e-03 1.617848e-03 1.633296e-03 1.638457e-03 
1.954411e-03 1.948615e-03 1.931261e-03 1.902450e-03 1.862350e-03 1.811198e-03 1.749293e-03 1.677002e-03 1.594752e-03 1.503032e-03 1.402392e-03 1.293438e-03 1.176829e-03 1.053278e-03 9.235441e-04 7.884318e-04 6.487840e-04 5.054778e-04 3.594186e-04 2.115338e-04 6.276542e-05 8.593703e-05 2.336242e-04 3.793549e-04 5.222036e-04 6.612681e-04 7.956769e-04 9.245954e-04 1.047232e-03 1.162843e-03 1.270737e-03 1.370278e-03 1.460890e-03 1.542054e-03 1.613314e-03 1.674276e-03 1.724607e-03 1.764034e-03 1.792347e-03 1.809397e-03 1.815093e-03 
2.120363e-03 2.114068e-03 2.095218e-03 2.063923e-03 2.020366e-03 1.964798e-03 1.897546e-03 1.819003e-03 1.729631e-03 1.629959e-03 1.520581e-03 1.402150e-03 1.275383e-03 1.141050e-03 9.999763e-04 8.530334e-04 7.011379e-04 5.452440e-04 3.863375e-04 2.254290e-04 6.354569e-05 9.827636e-05 2.590009e-04 4.176004e-04 5.730642e-04 7.244076e-04 8.706793e-04 1.010969e-03 1.144414e-03 1.270205e-03 1.387589e-03 1.495875e-03 1.594438e-03 1.682715e-03 1.760214e-03 1.826507e-03 1.881234e-03 1.924103e-03 1.954887e-03 1.973423e-03 1.979615e-03 
2.273474e-03 2.266719e-03 2.246492e-03 2.212910e-03 2.166166e-03 2.106532e-03 2.034354e-03 1.950051e-03 1.854118e-03 1.747118e-03 1.629686e-03 1.502521e-03 1.366388e-03 1.222114e-03 1.070581e-03 9.127253e-04 7.495303e-04 5.820214e-04 4.112591e-04 2.383309e-04 6.434331e-05 1.095871e-04 2.823432e-04 4.528170e-04 6.199190e-04 7.825874e-04 9.397972e-04 1.090568e-03 1.233971e-03 1.369137e-03 1.495256e-03 1.611589e-03 1.717464e-03 1.812281e-03 1.895512e-03 1.966701e-03 2.025466e-03 2.071494e-03 2.104545e-03 2.124445e-03 2.131093e-03 
2.412871e-03 2.405697e-03 2.384218e-03 2.348556e-03 2.298917e-03 2.235586e-03 2.158928e-03 2.069389e-03 1.967489e-03 1.853825e-03 1.729068e-03 1.593958e-03 1.449305e-03 1.295985e-03 1.134934e-03 9.671451e-04 7.936635e-04 6.155796e-04 4.340218e-04 2.501482e-04 6.513799e-05 1.198185e-04 3.035299e-04 4.848143e-04 6.625097e-04 8.354839e-04 1.002644e-03 1.162947e-03 1.315403e-03 1.459086e-03 1.593140e-03 1.716777e-03 1.829287e-03 1.930035e-03 2.018463e-03 2.094090e-03 2.156512e-03 2.205402e-03 2.240504e-03 2.261640e-03 2.268701e-03 
2.537764e-03 2.530217e-03 2.507617e-03 2.470094e-03 2.417863e-03 2.351223e-03 2.270558e-03 2.176332e-03 2.069092e-03 1.949463e-03 1.818149e-03 1.675927e-03 1.523646e-03 1.362225e-03 1.192649e-03 1.015963e-03 8.332667e-04 6.457081e-04 4.544772e-04 2.607958e-04 6.590833e-05 1.289281e-04 3.224553e-04 5.134244e-04 7.006080e-04 8.828105e-04 1.058878e-03 1.227710e-03 1.388264e-03 1.539564e-03 1.680709e-03 1.810872e-03 1.929306e-03 2.035348e-03 2.128412e-03 2.207996e-03 2.273679e-03 2.325119e-03 2.362051e-03 2.384287e-03 2.391715e-03 
2.647454e-03 2.639579e-03 2.615996e-03 2.576840e-03 2.522335e-03 2.452792e-03 2.368609e-03 2.270271e-03 2.158345e-03 2.033483e-03 1.896415e-03 1.747950e-03 1.588974e-03 1.420443e-03 1.243383e-03 1.058885e-03 8.680966e-04 6.722174e-04 4.724910e-04 2.701952e-04 6.663249e-05 1.368814e-04 3.390287e-04 5.385018e-04 7.340153e-04 9.243175e-04 1.108201e-03 1.284515e-03 1.452168e-03 1.610145e-03 1.757502e-03 1.893379e-03 2.017000e-03 2.127673e-03 2.224793e-03 2.307837e-03 2.376371e-03 2.430039e-03 2.468569e-03 2.491766e-03 2.499515e-03 
2.741328e-03 2.733171e-03 2.708747e-03 2.668195e-03 2.611746e-03 2.539720e-03 2.452530e-03 2.350675e-03 2.234742e-03 2.105404e-03 1.963415e-03 1.809611e-03 1.644908e-03 1.470295e-03 1.286833e-03 1.095652e-03 8.979394e-04 6.949403e-04 4.879438e-04 2.782760e-04 6.728906e-05 1.436505e-04 3.531739e-04 5.599228e-04 7.625619e-04 9.597913e-04 1.150358e-03 1.333066e-03 1.506786e-03 1.670465e-03 1.823126e-03 1.963881e-03 2.091926e-03 2.206550e-03 2.307126e-03 2.393120e-03 2.464081e-03 2.519648e-03 2.559538e-03 2.583554e-03 2.591576e-03 
2.818858e-03 2.810470e-03 2.785352e-03 2.743647e-03 2.685592e-03 2.611517e-03 2.521844e-03 2.417087e-03 2.297847e-03 2.164814e-03 2.018764e-03 1.860553e-03 1.691122e-03 1.511488e-03 1.322741e-03 1.126041e-03 9.226113e-04 7.137325e-04 5.007320e-04 2.849760e-04 6.785765e-05 1.492143e-04 3.648287e-04 5.775851e-04 7.861067e-04 9.890535e-04 1.185135e-03 1.373118e-03 1.551842e-03 1.720221e-03 1.877254e-03 2.022027e-03 2.153717e-03 2.271593e-03 2.375014e-03 2.463434e-03 2.536394e-03 2.593521e-03 2.634531e-03 2.659220e-03 2.667467e-03 
2.879622e-03 2.871052e-03 2.845390e-03 2.802782e-03 2.743470e-03 2.667789e-03 2.576171e-03 2.469140e-03 2.347309e-03 2.211382e-03 2.062149e-03 1.900486e-03 1.727352e-03 1.543783e-03 1.350895e-03 1.149871e-03 9.419621e-04 7.284761e-04 5.107709e-04 2.902440e-04 6.832107e-05 1.535561e-04 3.739429e-04 5.914057e-04 8.045353e-04 1.011960e-03 1.212359e-03 1.404473e-03 1.587113e-03 1.759171e-03 1.919623e-03 2.067539e-03 2.202077e-03 2.322494e-03 2.428140e-03 2.518455e-03 2.592975e-03 2.651321e-03 2.693205e-03 2.718419e-03 2.726841e-03 
2.923252e-03 2.914552e-03 2.888500e-03 2.845244e-03 2.785029e-03 2.708196e-03 2.615183e-03 2.506519e-03 2.382829e-03 2.244825e-03 2.093309e-03 1.929168e-03 1.753375e-03 1.566983e-03 1.371121e-03 1.166993e-03 9.558670e-04 7.390725e-04 5.179886e-04 2.940354e-04 6.866190e-05 1.566663e-04 3.804805e-04 6.013231e-04 8.177614e-04 1.028401e-03 1.231900e-03 1.426978e-03 1.612428e-03 1.787125e-03 1.950030e-03 2.100199e-03 2.236781e-03 2.359020e-03 2.466258e-03 2.557932e-03 2.633569e-03 2.692789e-03 2.735298e-03 2.760889e-03 2.769437e-03 
2.949566e-03 2.940787e-03 2.914499e-03 2.870852e-03 2.810092e-03 2.732563e-03 2.638707e-03 2.529059e-03 2.404247e-03 2.264989e-03 2.112095e-03 1.946460e-03 1.769064e-03 1.580970e-03 1.383316e-03 1.177316e-03 9.642520e-04 7.454638e-04 5.223441e-04 2.963264e-04 6.887408e-05 1.585330e-04 3.844117e-04 6.072900e-04 8.257210e-04 1.038297e-03 1.243662e-03 1.440524e-03 1.627666e-03 1.803951e-03 1.968333e-03 2.119857e-03 2.257667e-03 2.381002e-03 2.489199e-03 2.581689e-03 2.657999e-03 2.717744e-03 2.760629e-03 2.786445e-03 2.795069e-03 
2.958311e-03 2.949506e-03 2.923141e-03 2.879364e-03 2.818424e-03 2.740665e-03 2.646531e-03 2.536557e-03 2.411373e-03 2.271700e-03 2.118349e-03 1.952218e-03 1.774289e-03 1.585628e-03 1.387378e-03 1.180755e-03 9.670451e-04 7.475924e-04 5.237938e-04 2.970876e-04 6.894168e-05 1.591592e-04 3.857270e-04 6.092848e-04 8.283810e-04 1.041603e-03 1.247592e-03 1.445050e-03 1.632756e-03 1.809571e-03 1.974446e-03 2.126423e-03 2.264643e-03 2.388344e-03 2.496861e-03 2.589624e-03 2.666157e-03 2.726077e-03 2.769088e-03 2.794980e-03 2.803629e-03 
