5.340174e-03 5.258890e-03 5.016238e-03 4.615680e-03 4.062599e-03 3.363882e-03 2.527626e-03 1.563106e-03 4.810978e-04 7.054155e-04 1.980235e-03 3.322734e-03 4.706618e-03 6.098907e-03 7.459463e-03 8.741458e-03 9.893156e-03 1.086124e-02 1.159552e-02 1.205453e-02 1.221075e-02 
5.264498e-03 5.184364e-03 4.945128e-03 4.550161e-03 4.004713e-03 3.315526e-03 2.490556e-03 1.538960e-03 4.714220e-04 6.991513e-04 1.956644e-03 3.280550e-03 4.644780e-03 6.016691e-03 7.356659e-03 8.618578e-03 9.751637e-03 1.070358e-02 1.142533e-02 1.187637e-02 1.202985e-02 
5.038818e-03 4.962082e-03 4.732945e-03 4.354512e-03 3.831651e-03 3.170672e-03 2.379116e-03 1.465780e-03 4.410582e-04 6.823980e-04 1.888750e-03 3.157888e-03 4.464365e-03 5.776556e-03 7.056364e-03 8.259789e-03 9.338688e-03 1.024386e-02 1.092935e-02 1.135737e-02 1.150295e-02 
4.666882e-03 4.595652e-03 4.382885e-03 4.031273e-03 3.545082e-03 2.929933e-03 2.192681e-03 1.341511e-03 3.862809e-04 6.608535e-04 1.784608e-03 2.965630e-03 4.179614e-03 5.396659e-03 6.581147e-03 7.692412e-03 8.686429e-03 9.518651e-03 1.014779e-02 1.054013e-02 1.067350e-02 
4.154098e-03 4.090285e-03 3.899581e-03 3.584150e-03 3.147473e-03 2.594255e-03 1.930408e-03 1.163218e-03 3.017066e-04 6.427984e-04 1.655951e-03 2.719624e-03 3.811229e-03 4.903301e-03 5.963559e-03 6.955643e-03 7.840706e-03 8.579895e-03 9.137564e-03 9.484819e-03 9.602769e-03 
3.506630e-03 3.451932e-03 3.288359e-03 3.017451e-03 2.641761e-03 2.164863e-03 1.591466e-03 9.276413e-04 1.812057e-04 6.377694e-04 1.516368e-03 2.438245e-03 3.383160e-03 4.326769e-03 5.240835e-03 6.093991e-03 6.853175e-03 7.485727e-03 7.961993e-03 8.258132e-03 8.358644e-03 
2.730710e-03 2.686635e-03 2.554685e-03 2.335700e-03 2.031157e-03 1.643296e-03 1.175335e-03 6.317714e-04 1.878003e-05 6.553326e-04 1.379651e-03 2.140231e-03 2.919809e-03 3.697768e-03 4.450430e-03 5.151803e-03 5.774812e-03 6.293000e-03 6.682574e-03 6.924542e-03 7.006620e-03 
1.832430e-03 1.800332e-03 1.704039e-03 1.543596e-03 1.319245e-03 1.031647e-03 6.822022e-04 2.734198e-04 1.906689e-04 7.040894e-04 1.258539e-03 1.843090e-03 2.444035e-03 3.044945e-03 3.627011e-03 4.169705e-03 4.651795e-03 5.052687e-03 5.353977e-03 5.541054e-03 5.604502e-03 
8.181258e-04 7.992529e-04 7.423183e-04 6.464509e-04 5.104400e-04 3.330679e-04 1.135204e-04 1.481645e-04 4.506495e-04 7.908900e-04 1.163800e-03 1.562028e-03 1.975876e-03 2.393406e-03 2.800755e-03 3.182696e-03 3.523450e-03 3.807714e-03 4.021828e-03 4.154962e-03 4.200146e-03 
3.046814e-04 3.091512e-04 3.232507e-04 3.489462e-04 3.891861e-04 4.474605e-04 5.272779e-04 6.316206e-04 7.624344e-04 9.201941e-04 1.103575e-03 1.309248e-03 1.531822e-03 1.763943e-03 1.996566e-03 2.219411e-03 2.421598e-03 2.592434e-03 2.722301e-03 2.803533e-03 2.831182e-03 
1.525900e-03 1.514841e-03 1.482811e-03 1.433112e-03 1.370811e-03 1.302165e-03 1.233949e-03 1.172772e-03 1.124462e-03 1.093556e-03 1.082926e-03 1.093554e-03 1.124457e-03 1.172763e-03 1.233938e-03 1.302152e-03 1.370797e-03 1.433096e-03 1.482794e-03 1.514823e-03 1.525881e-03 
2.831190e-03 2.803542e-03 2.722311e-03 2.592444e-03 2.421607e-03 2.219419e-03 1.996573e-03 1.763948e-03 1.531824e-03 1.309247e-03 1.103571e-03 9.201878e-04 7.624250e-04 6.316082e-04 5.272625e-04 4.474422e-04 3.891650e-04 3.489226e-04 3.232246e-04 3.091229e-04 3.046511e-04 
4.200143e-03 4.154963e-03 4.021831e-03 3.807718e-03 3.523454e-03 3.182700e-03 2.800757e-03 2.393407e-03 1.975875e-03 1.562024e-03 1.163793e-03 7.908801e-04 4.506362e-04 1.481476e-04 1.135409e-04 3.330921e-04 5.104679e-04 6.464825e-04 7.423536e-04 7.992919e-04 8.181686e-04 
5.604490e-03 5.541048e-03 5.353974e-03 5.052686e-03 4.651795e-03 4.169705e-03 3.627011e-03 3.044943e-03 2.444031e-03 1.843084e-03 1.258530e-03 7.040759e-04 1.906516e-04 2.734412e-04 6.822280e-04 1.031677e-03 1.319280e-03 1.543636e-03 1.704083e-03 1.800382e-03 1.832486e-03 
7.006602e-03 6.924530e-03 6.682567e-03 6.292996e-03 5.774809e-03 5.151801e-03 4.450427e-03 3.697764e-03 2.919803e-03 2.140221e-03 1.379639e-03 6.553157e-04 1.880135e-05 6.317976e-04 1.175366e-03 1.643333e-03 2.031199e-03 2.335748e-03 2.554739e-03 2.686696e-03 2.730778e-03 
8.358620e-03 8.258116e-03 7.961982e-03 7.485720e-03 6.853170e-03 6.093987e-03 5.240831e-03 4.326764e-03 3.383152e-03 2.438234e-03 1.516353e-03 6.377493e-04 1.812309e-04 9.276721e-04 1.591503e-03 2.164906e-03 2.641811e-03 3.017508e-03 3.288423e-03 3.452004e-03 3.506710e-03 
9.602742e-03 9.484801e-03 9.137552e-03 8.579887e-03 7.840701e-03 6.955639e-03 5.963554e-03 4.903294e-03 3.811219e-03 2.719611e-03 1.655934e-03 6.427753e-04 3.017356e-04 1.163253e-03 1.930450e-03 2.594305e-03 3.147531e-03 3.584215e-03 3.899655e-03 4.090368e-03 4.154191e-03 
1.067347e-02 1.054012e-02 1.014779e-02 9.518647e-03 8.686428e-03 7.692411e-03 6.581145e-03 5.396654e-03 4.179606e-03 2.965617e-03 1.784589e-03 6.608282e-04 3.863133e-04 1.341551e-03 2.192729e-03 2.929989e-03 3.545147e-03 4.031347e-03 4.382968e-03 4.595746e-03 4.666986e-03 
1.150290e-02 1.135732e-02 1.092932e-02 1.024383e-02 9.338665e-03 8.259770e-03 7.056347e-03 5.776540e-03 4.464347e-03 3.157867e-03 1.888723e-03 6.823659e-04 4.410972e-04 1.465827e-03 2.379171e-03 3.170736e-03 3.831724e-03 4.354595e-03 4.733038e-03 4.962186e-03 5.038933e-03 
1.202992e-02 1.187644e-02 1.142541e-02 1.070365e-02 9.751702e-03 8.618634e-03 7.356703e-03 6.016722e-03 4.644798e-03 3.280555e-03 1.956636e-03 6.991316e-04 4.714538e-04 1.539003e-03 2.490612e-03 3.315593e-03 4.004791e-03 4.550251e-03 4.945229e-03 5.184477e-03 5.264622e-03 
1.221061e-02 1.205440e-02 1.159541e-02 1.086114e-02 9.893072e-03 8.741388e-03 7.459405e-03 6.098857e-03 4.706574e-03 3.322692e-03 1.980191e-03 7.053670e-04 4.811526e-04 1.563168e-03 2.527698e-03 3.363963e-03 4.062691e-03 4.615783e-03 5.016352e-03 5.259016e-03 5.340311e-03 
