9.112695e-01 9.000503e-01 8.666685e-01 8.119441e-01 7.372222e-01 6.443395e-01 5.355805e-01 4.136207e-01 2.814618e-01 1.423574e-01 -2.670159e-04 -1.428992e-01 -2.820266e-01 -4.142232e-01 -5.362337e-01 -6.450532e-01 -7.380010e-01 -8.127858e-01 -8.675630e-01 -9.009802e-01 -9.122118e-01 
9.000487e-01 8.889676e-01 8.559967e-01 8.019460e-01 7.281440e-01 6.364049e-01 5.289848e-01 4.085265e-01 2.779947e-01 1.406030e-01 -2.654654e-04 -1.411416e-01 -2.785561e-01 -4.091252e-01 -5.296335e-01 -6.371133e-01 -7.289166e-01 -8.027807e-01 -8.568833e-01 -8.898890e-01 -9.009823e-01 
8.666620e-01 8.559919e-01 8.242438e-01 7.721977e-01 7.011328e-01 6.127961e-01 5.093600e-01 3.933694e-01 2.676789e-01 1.353829e-01 -2.609845e-04 -1.359123e-01 -2.682304e-01 -3.939569e-01 -5.099958e-01 -6.134893e-01 -7.018876e-01 -7.730119e-01 -8.251077e-01 -8.568890e-01 -8.675708e-01 
8.119306e-01 8.019342e-01 7.721906e-01 7.234307e-01 6.568528e-01 5.740938e-01 4.771888e-01 3.685220e-01 2.507678e-01 1.268251e-01 -2.540607e-04 -1.273403e-01 -2.513040e-01 -3.690923e-01 -4.778047e-01 -5.747637e-01 -6.575804e-01 -7.242137e-01 -7.730198e-01 -8.027942e-01 -8.128014e-01 
7.372003e-01 7.281238e-01 7.011173e-01 6.568444e-01 5.963932e-01 5.212499e-01 4.332624e-01 3.345954e-01 2.276772e-01 1.151399e-01 -2.454317e-04 -1.156374e-01 -2.281944e-01 -3.351444e-01 -4.338537e-01 -5.218910e-01 -5.970873e-01 -6.575891e-01 -7.019041e-01 -7.289386e-01 -7.380249e-01 
6.443093e-01 6.363763e-01 6.127721e-01 5.740768e-01 5.212413e-01 4.555645e-01 3.786615e-01 2.924243e-01 1.989750e-01 1.006143e-01 -2.359906e-04 -1.010925e-01 -1.994714e-01 -2.929499e-01 -3.792260e-01 -4.561744e-01 -5.218992e-01 -5.747803e-01 -6.135135e-01 -6.371427e-01 -6.450845e-01 
5.355429e-01 5.289489e-01 5.093286e-01 4.771642e-01 4.332461e-01 3.786537e-01 3.147295e-01 2.430460e-01 1.653672e-01 8.360527e-02 -2.266792e-04 -8.406431e-02 -1.658430e-01 -2.435487e-01 -3.152677e-01 -3.792331e-01 -4.338689e-01 -4.778280e-01 -5.100263e-01 -5.296689e-01 -5.362708e-01 
4.135777e-01 4.084851e-01 3.933323e-01 3.684916e-01 3.345730e-01 2.924101e-01 2.430395e-01 1.876756e-01 1.276804e-01 6.453085e-02 -2.183901e-04 -6.497291e-02 -1.281380e-01 -1.881580e-01 -2.435546e-01 -2.929628e-01 -3.351651e-01 -3.691207e-01 -3.939920e-01 -4.091648e-01 -4.142645e-01 
2.814154e-01 2.779499e-01 2.676383e-01 2.507336e-01 2.276507e-01 1.989566e-01 1.653562e-01 1.276758e-01 8.684213e-02 4.386020e-02 -2.118863e-04 -4.428893e-02 -8.728543e-02 -1.281423e-01 -1.658531e-01 -1.994884e-01 -2.282190e-01 -2.513360e-01 -2.682688e-01 -2.785988e-01 -2.820708e-01 
1.423097e-01 1.405568e-01 1.353407e-01 1.267892e-01 1.151114e-01 1.005936e-01 8.359181e-02 6.452352e-02 4.385743e-02 2.210186e-02 -2.077452e-04 -2.252210e-02 -4.429163e-02 -6.497997e-02 -8.407720e-02 -1.011123e-01 -1.156647e-01 -1.273749e-01 -1.359530e-01 -1.411864e-01 -1.429454e-01 
-3.145236e-04 -3.115458e-04 -3.030046e-04 -2.899949e-04 -2.740967e-04 -2.570972e-04 -2.407312e-04 -2.264934e-04 -2.155398e-04 -2.086652e-04 -2.063246e-04 -2.086652e-04 -2.155398e-04 -2.264934e-04 -2.407312e-04 -2.570972e-04 -2.740967e-04 -2.899949e-04 -3.030046e-04 -3.115458e-04 -3.145236e-04 
-1.429454e-01 -1.411864e-01 -1.359530e-01 -1.273749e-01 -1.156647e-01 -1.011123e-01 -8.407720e-02 -6.497997e-02 -4.429163e-02 -2.252210e-02 -2.077452e-04 2.210186e-02 4.385743e-02 6.452352e-02 8.359181e-02 1.005936e-01 1.151114e-01 1.267892e-01 1.353407e-01 1.405568e-01 1.423097e-01 
-2.820708e-01 -2.785988e-01 -2.682688e-01 -2.513360e-01 -2.282190e-01 -1.994884e-01 -1.658531e-01 -1.281423e-01 -8.728543e-02 -4.428893e-02 -2.118863e-04 4.386020e-02 8.684213e-02 1.276758e-01 1.653562e-01 1.989566e-01 2.276507e-01 2.507336e-01 2.676383e-01 2.779499e-01 2.814154e-01 
-4.142645e-01 -4.091648e-01 -3.939920e-01 -3.691207e-01 -3.351651e-01 -2.929628e-01 -2.435546e-01 -1.881580e-01 -1.281380e-01 -6.497291e-02 -2.183901e-04 6.453085e-02 1.276804e-01 1.876756e-01 2.430395e-01 2.924101e-01 3.345730e-01 3.684916e-01 3.933323e-01 4.084851e-01 4.135777e-01 
-5.362708e-01 -5.296689e-01 -5.100263e-01 -4.778280e-01 -4.338689e-01 -3.792331e-01 -3.152677e-01 -2.435487e-01 -1.658430e-01 -8.406431e-02 -2.266792e-04 8.360527e-02 1.653672e-01 2.430460e-01 3.147295e-01 3.786537e-01 4.332461e-01 4.771642e-01 5.093286e-01 5.289489e-01 5.355429e-01 
-6.450845e-01 -6.371427e-01 -6.135135e-01 -5.747803e-01 -5.218992e-01 -4.561744e-01 -3.792260e-01 -2.929499e-01 -1.994714e-01 -1.010925e-01 -2.359906e-04 1.006143e-01 1.989750e-01 2.924243e-01 3.786615e-01 4.555645e-01 5.212413e-01 5.740768e-01 6.127721e-01 6.363763e-01 6.443093e-01 
-7.380249e-01 -7.289386e-01 -7.019041e-01 -6.575891e-01 -5.970873e-01 -5.218910e-01 -4.338537e-01 -3.351444e-01 -2.281944e-01 -1.156374e-01 -2.454317e-04 1.151399e-01 2.276772e-01 3.345954e-01 4.332624e-01 5.212499e-01 5.963932e-01 6.568444e-01 7.011173e-01 7.281238e-01 7.372003e-01 
-8.128014e-01 -8.027942e-01 -7.730198e-01 -7.242137e-01 -6.575804e-01 -5.747637e-01 -4.778047e-01 -3.690923e-01 -2.513040e-01 -1.273403e-01 -2.540607e-04 1.268251e-01 2.507678e-01 3.685220e-01 4.771888e-01 5.740938e-01 6.568528e-01 7.234307e-01 7.721906e-01 8.019342e-01 8.119306e-01 
-8.675708e-01 -8.568890e-01 -8.251077e-01 -7.730119e-01 -7.018876e-01 -6.134893e-01 -5.099958e-01 -3.939569e-01 -2.682304e-01 -1.359123e-01 -2.609845e-04 1.353829e-01 2.676789e-01 3.933694e-01 5.093600e-01 6.127961e-01 7.011328e-01 7.721977e-01 8.242438e-01 8.559919e-01 8.666620e-01 
-9.009823e-01 -8.898890e-01 -8.568833e-01 -8.027807e-01 -7.289166e-01 -6.371133e-01 -5.296335e-01 -4.091252e-01 -2.785561e-01 -1.411416e-01 -2.654654e-04 1.406030e-01 2.779947e-01 4.085265e-01 5.289848e-01 6.364049e-01 7.281440e-01 8.019460e-01 8.559967e-01 8.889676e-01 9.000487e-01 
-9.122118e-01 -9.009802e-01 -8.675630e-01 -8.127858e-01 -7.380010e-01 -6.450532e-01 -5.362337e-01 -4.142232e-01 -2.820266e-01 -1.428992e-01 -2.670159e-04 1.423574e-01 2.814618e-01 4.136207e-01 5.355805e-01 6.443395e-01 7.372222e-01 8.119441e-01 8.666685e-01 9.000503e-01 9.112695e-01 
