9.076409e-01 9.048430e-01 8.964667e-01 8.825634e-01 8.632189e-01 8.385522e-01 8.087155e-01 7.738923e-01 7.342975e-01 6.901748e-01 6.417962e-01 5.894599e-01 5.334885e-01 4.742269e-01 4.120406e-01 3.473130e-01 2.804430e-01 2.118432e-01 1.419366e-01 7.115412e-02 -6.756439e-05 -7.128927e-02 -1.420718e-01 -2.119786e-01 -2.805786e-01 -3.474489e-01 -4.121771e-01 -4.743641e-01 -5.336267e-01 -5.895993e-01 -6.419370e-01 -6.903172e-01 -7.344417e-01 -7.740385e-01 -8.088635e-01 -8.387021e-01 -8.633703e-01 -8.827163e-01 -8.966206e-01 -9.049976e-01 -9.077957e-01 
9.048430e-01 9.020537e-01 8.937032e-01 8.798428e-01 8.605578e-01 8.359672e-01 8.062224e-01 7.715066e-01 7.320338e-01 6.880471e-01 6.398177e-01 5.876427e-01 5.318438e-01 4.727649e-01 4.107703e-01 3.462422e-01 2.795784e-01 2.111901e-01 1.414989e-01 7.093462e-02 -6.750789e-05 -7.106966e-02 -1.416340e-01 -2.113253e-01 -2.797139e-01 -3.463780e-01 -4.109067e-01 -4.729020e-01 -5.319819e-01 -5.877820e-01 -6.399584e-01 -6.881895e-01 -7.321779e-01 -7.716526e-01 -8.063703e-01 -8.361169e-01 -8.607092e-01 -8.799955e-01 -8.938569e-01 -9.022081e-01 -9.049976e-01 
8.964663e-01 8.937029e-01 8.854297e-01 8.716975e-01 8.525911e-01 8.282281e-01 7.987587e-01 7.643642e-01 7.252568e-01 6.816773e-01 6.338943e-01 5.822023e-01 5.269199e-01 4.683880e-01 4.069672e-01 3.430364e-01 2.769898e-01 2.092345e-01 1.401885e-01 7.027750e-02 -6.734002e-05 -7.041220e-02 -1.403233e-01 -2.093694e-01 -2.771249e-01 -3.431720e-01 -4.071033e-01 -4.685247e-01 -5.270577e-01 -5.823413e-01 -6.340347e-01 -6.818193e-01 -7.254006e-01 -7.645099e-01 -7.989062e-01 -8.283774e-01 -8.527420e-01 -8.718498e-01 -8.855829e-01 -8.938568e-01 -8.966205e-01 
8.825626e-01 8.798421e-01 8.716971e-01 8.581779e-01 8.393678e-01 8.153827e-01 7.863702e-01 7.525091e-01 7.140082e-01 6.711045e-01 6.240625e-01 5.731722e-01 5.187472e-01 4.611230e-01 4.006548e-01 3.377155e-01 2.726932e-01 2.059887e-01 1.380135e-01 6.918679e-02 -6.706552e-05 -6.932095e-02 -1.381478e-01 -2.061231e-01 -2.728278e-01 -3.378505e-01 -4.007903e-01 -4.612593e-01 -5.188844e-01 -5.733107e-01 -6.242024e-01 -6.712460e-01 -7.141514e-01 -7.526542e-01 -7.865170e-01 -8.155313e-01 -8.395180e-01 -8.583295e-01 -8.718496e-01 -8.799952e-01 -8.827160e-01 
8.632176e-01 8.605566e-01 8.525902e-01 8.393673e-01 8.209694e-01 7.975099e-01 7.691333e-01 7.360144e-01 6.983572e-01 6.563939e-01 6.103830e-01 5.606081e-01 5.073759e-01 4.510147e-01 3.918719e-01 3.303121e-01 2.667150e-01 2.014726e-01 1.349874e-01 6.766921e-02 -6.669211e-05 -6.780262e-02 -1.351209e-01 -2.016063e-01 -2.668489e-01 -3.304465e-01 -3.920068e-01 -4.511503e-01 -5.075125e-01 -5.607458e-01 -6.105222e-01 -6.565347e-01 -6.984997e-01 -7.361586e-01 -7.692793e-01 -7.976577e-01 -8.211187e-01 -8.395178e-01 -8.527417e-01 -8.607088e-01 -8.633699e-01 
8.385503e-01 8.359654e-01 8.282265e-01 8.153815e-01 7.975093e-01 7.747201e-01 7.471543e-01 7.149817e-01 6.784005e-01 6.376362e-01 5.929400e-01 5.445873e-01 4.928762e-01 4.381255e-01 3.806727e-01 3.208720e-01 2.590921e-01 1.957141e-01 1.311286e-01 6.573411e-02 -6.623020e-05 -6.586660e-02 -1.312612e-01 -1.958468e-01 -2.592252e-01 -3.210055e-01 -3.808067e-01 -4.382603e-01 -4.930120e-01 -5.447243e-01 -5.930783e-01 -6.377761e-01 -6.785420e-01 -7.151249e-01 -7.472993e-01 -7.748667e-01 -7.976574e-01 -8.155309e-01 -8.283769e-01 -8.361163e-01 -8.387014e-01 
8.087128e-01 8.062199e-01 7.987564e-01 7.863683e-01 7.691320e-01 7.471536e-01 7.205685e-01 6.895405e-01 6.542609e-01 6.149469e-01 5.718410e-01 5.252087e-01 4.753375e-01 4.225348e-01 3.671262e-01 3.094533e-01 2.498716e-01 1.887486e-01 1.264611e-01 6.339341e-02 -6.569251e-05 -6.352483e-02 -1.265927e-01 -1.888803e-01 -2.500036e-01 -3.095857e-01 -3.672593e-01 -4.226687e-01 -4.754723e-01 -5.253447e-01 -5.719784e-01 -6.150858e-01 -6.544014e-01 -6.896827e-01 -7.207123e-01 -7.472990e-01 -7.692788e-01 -7.865164e-01 -7.989053e-01 -8.063694e-01 -8.088625e-01 
7.738890e-01 7.715034e-01 7.643612e-01 7.525065e-01 7.360123e-01 7.149802e-01 6.895398e-01 6.598478e-01 6.260872e-01 5.884660e-01 5.472161e-01 5.025916e-01 4.548678e-01 4.043387e-01 3.513159e-01 2.961263e-01 2.391101e-01 1.806190e-01 1.210136e-01 6.066153e-02 -6.509363e-05 -6.079175e-02 -1.211440e-01 -1.807496e-01 -2.392410e-01 -2.962577e-01 -3.514479e-01 -4.044715e-01 -4.550016e-01 -5.027266e-01 -5.473524e-01 -5.886038e-01 -6.262266e-01 -6.599888e-01 -6.896824e-01 -7.151244e-01 -7.361578e-01 -7.526532e-01 -7.645088e-01 -7.716515e-01 -7.740373e-01 
7.342934e-01 7.320298e-01 7.252531e-01 7.140048e-01 6.983545e-01 6.783983e-01 6.542594e-01 6.260864e-01 5.940530e-01 5.583565e-01 5.192170e-01 4.768756e-01 4.315933e-01 3.836494e-01 3.333393e-01 2.809732e-01 2.268741e-01 1.713755e-01 1.148197e-01 5.755529e-02 -6.444952e-05 -5.768423e-02 -1.149487e-01 -1.715048e-01 -2.270038e-01 -2.811034e-01 -3.334701e-01 -3.837811e-01 -4.317260e-01 -4.770094e-01 -5.193522e-01 -5.584932e-01 -5.941912e-01 -6.262263e-01 -6.544008e-01 -6.785412e-01 -6.984986e-01 -7.141501e-01 -7.253992e-01 -7.321764e-01 -7.344402e-01 
6.901701e-01 6.880425e-01 6.816729e-01 6.711005e-01 6.563905e-01 6.376334e-01 6.149448e-01 5.884646e-01 5.583558e-01 5.248041e-01 4.880162e-01 4.482189e-01 4.056575e-01 3.605942e-01 3.133071e-01 2.640875e-01 2.132390e-01 1.610750e-01 1.079174e-01 5.409383e-02 -6.377700e-05 -5.422143e-02 -1.080452e-01 -1.612031e-01 -2.133674e-01 -2.642165e-01 -3.134368e-01 -3.607248e-01 -4.057891e-01 -4.483517e-01 -4.881504e-01 -5.249397e-01 -5.584929e-01 -5.886032e-01 -6.150850e-01 -6.377749e-01 -6.565333e-01 -6.712444e-01 -6.818176e-01 -6.881877e-01 -6.903154e-01 
6.417910e-01 6.398126e-01 6.338894e-01 6.240580e-01 6.103790e-01 5.929366e-01 5.718383e-01 5.472141e-01 5.192157e-01 4.880156e-01 4.538063e-01 4.167984e-01 3.772201e-01 3.353155e-01 2.913428e-01 2.455731e-01 1.982887e-01 1.497811e-01 1.003494e-01 5.029847e-02 -6.309325e-05 -5.042472e-02 -1.004758e-01 -1.499078e-01 -1.984159e-01 -2.457009e-01 -2.914713e-01 -3.354449e-01 -3.773506e-01 -4.169301e-01 -4.539393e-01 -4.881501e-01 -5.193516e-01 -5.473515e-01 -5.719772e-01 -5.930769e-01 -6.105206e-01 -6.242006e-01 -6.340328e-01 -6.399564e-01 -6.419350e-01 
5.894544e-01 5.876373e-01 5.821971e-01 5.731673e-01 5.606037e-01 5.445835e-01 5.252055e-01 5.025892e-01 4.768738e-01 4.482178e-01 4.167979e-01 3.828076e-01 3.464566e-01 3.079689e-01 2.675818e-01 2.255443e-01 1.821155e-01 1.375633e-01 9.216234e-02 4.619261e-02 -6.241531e-05 -4.631751e-02 -9.228743e-02 -1.376887e-01 -1.822414e-01 -2.256708e-01 -2.677092e-01 -3.080972e-01 -3.465860e-01 -3.829383e-01 -4.169298e-01 -4.483512e-01 -4.770087e-01 -5.027256e-01 -5.253434e-01 -5.447227e-01 -5.607440e-01 -5.733087e-01 -5.823392e-01 -5.877798e-01 -5.895971e-01 
5.334828e-01 5.318382e-01 5.269145e-01 5.187421e-01 5.073713e-01 4.928722e-01 4.753340e-01 4.548650e-01 4.315911e-01 4.056559e-01 3.772192e-01 3.464562e-01 3.135566e-01 2.787232e-01 2.421707e-01 2.041244e-01 1.648191e-01 1.244969e-01 8.340662e-02 4.180154e-02 -6.175966e-05 -4.192513e-02 -8.353043e-02 -1.246211e-01 -1.649438e-01 -2.042498e-01 -2.422969e-01 -2.788504e-01 -3.136849e-01 -3.465858e-01 -3.773502e-01 -4.057884e-01 -4.317251e-01 -4.550004e-01 -4.754709e-01 -4.930103e-01 -5.075106e-01 -5.188824e-01 -5.270555e-01 -5.319796e-01 -5.336244e-01 
4.742212e-01 4.727593e-01 4.683825e-01 4.611178e-01 4.510100e-01 4.381213e-01 4.225312e-01 4.043357e-01 3.836469e-01 3.605924e-01 3.353142e-01 3.079682e-01 2.787228e-01 2.477584e-01 2.152659e-01 1.814456e-01 1.465060e-01 1.106625e-01 7.413624e-02 3.715232e-02 -6.114184e-05 -3.727469e-02 -7.425884e-02 -1.107855e-01 -1.466296e-01 -1.815699e-01 -2.153911e-01 -2.478847e-01 -2.788502e-01 -3.080969e-01 -3.354443e-01 -3.607240e-01 -3.837800e-01 -4.044702e-01 -4.226672e-01 -4.382586e-01 -4.511484e-01 -4.612572e-01 -4.685226e-01 -4.728998e-01 -4.743619e-01 
4.120351e-01 4.107649e-01 4.069620e-01 4.006498e-01 3.918673e-01 3.806686e-01 3.671226e-01 3.513128e-01 3.333368e-01 3.133051e-01 2.913413e-01 2.675809e-01 2.421701e-01 2.152657e-01 1.870335e-01 1.576476e-01 1.272892e-01 9.614543e-02 6.440833e-02 3.227361e-02 -6.057609e-05 -3.239485e-02 -6.452983e-02 -9.626736e-02 -1.274117e-01 -1.577709e-01 -1.871578e-01 -2.153910e-01 -2.422966e-01 -2.677087e-01 -2.914707e-01 -3.134359e-01 -3.334691e-01 -3.514466e-01 -3.672578e-01 -3.808051e-01 -3.920049e-01 -4.007884e-01 -4.071012e-01 -4.109046e-01 -4.121750e-01 
3.473078e-01 3.462371e-01 3.430315e-01 3.377108e-01 3.303078e-01 3.208681e-01 3.094498e-01 2.961233e-01 2.809708e-01 2.640855e-01 2.455716e-01 2.255432e-01 2.041237e-01 1.814452e-01 1.576475e-01 1.328772e-01 1.072871e-01 8.103508e-02 5.428287e-02 2.719548e-02 -6.007513e-05 -2.731572e-02 -5.440339e-02 -8.115606e-02 -1.074088e-01 -1.329996e-01 -1.577709e-01 -1.815697e-01 -2.042495e-01 -2.256704e-01 -2.457003e-01 -2.642157e-01 -2.811025e-01 -2.962565e-01 -3.095844e-01 -3.210040e-01 -3.304448e-01 -3.378488e-01 -3.431702e-01 -3.463762e-01 -3.474470e-01 
2.804385e-01 2.795739e-01 2.769854e-01 2.726890e-01 2.667111e-01 2.590886e-01 2.498684e-01 2.391074e-01 2.268718e-01 2.132371e-01 1.982873e-01 1.821144e-01 1.648183e-01 1.465055e-01 1.272889e-01 1.072870e-01 8.662314e-02 6.542465e-02 4.382227e-02 2.194922e-02 -5.964994e-05 -2.206861e-02 -4.394196e-02 -6.554482e-02 -8.674398e-02 -1.074087e-01 -1.274116e-01 -1.466294e-01 -1.649435e-01 -1.822410e-01 -1.984154e-01 -2.133667e-01 -2.270030e-01 -2.392401e-01 -2.500026e-01 -2.592240e-01 -2.668477e-01 -2.728264e-01 -2.771235e-01 -2.797124e-01 -2.805772e-01 
2.118394e-01 2.111862e-01 2.092308e-01 2.059852e-01 2.014693e-01 1.957111e-01 1.887459e-01 1.806167e-01 1.713735e-01 1.610734e-01 1.497798e-01 1.375623e-01 1.244962e-01 1.106621e-01 9.614513e-02 8.103492e-02 6.542459e-02 4.941038e-02 3.309103e-02 1.656717e-02 -5.930966e-05 -1.668589e-02 -3.321006e-02 -4.952991e-02 -6.554481e-02 -8.115602e-02 -9.626728e-02 -1.107854e-01 -1.246209e-01 -1.376885e-01 -1.499075e-01 -1.612027e-01 -1.715043e-01 -1.807490e-01 -1.888796e-01 -1.958461e-01 -2.016055e-01 -2.061223e-01 -2.093686e-01 -2.113244e-01 -2.119777e-01 
1.419335e-01 1.414958e-01 1.401855e-01 1.380107e-01 1.349847e-01 1.311262e-01 1.264590e-01 1.210117e-01 1.148181e-01 1.079161e-01 1.003484e-01 9.216153e-02 8.340602e-02 7.413582e-02 6.440806e-02 5.428271e-02 4.382219e-02 3.309100e-02 2.215530e-02 1.108252e-02 -5.906145e-05 -1.120075e-02 -2.227384e-02 -3.321006e-02 -4.394196e-02 -5.440338e-02 -6.452981e-02 -7.425880e-02 -8.353036e-02 -9.228734e-02 -1.004757e-01 -1.080450e-01 -1.149486e-01 -1.211438e-01 -1.265925e-01 -1.312610e-01 -1.351207e-01 -1.381476e-01 -1.403231e-01 -1.416338e-01 -1.420716e-01 
7.115187e-02 7.093240e-02 7.027534e-02 6.918473e-02 6.766729e-02 6.573236e-02 6.339185e-02 6.066016e-02 5.755413e-02 5.409287e-02 5.029770e-02 4.619201e-02 4.180110e-02 3.715201e-02 3.227340e-02 2.719534e-02 2.194914e-02 1.656714e-02 1.108251e-02 5.529082e-03 -5.891045e-05 -5.647010e-03 -1.120076e-02 -1.668591e-02 -2.206864e-02 -2.731575e-02 -3.239490e-02 -3.727476e-02 -4.192522e-02 -4.631763e-02 -5.042487e-02 -5.422163e-02 -5.768448e-02 -6.079205e-02 -6.352518e-02 -6.586701e-02 -6.780308e-02 -6.932144e-02 -7.041273e-02 -7.107021e-02 -7.128982e-02 
-6.895537e-05 -6.888456e-05 -6.867450e-05 -6.833222e-05 -6.786903e-05 -6.729994e-05 -6.664300e-05 -6.591837e-05 -6.514752e-05 -6.435228e-05 -6.355406e-05 -6.277315e-05 -6.202811e-05 -6.133546e-05 -6.070938e-05 -6.016167e-05 -5.970183e-05 -5.933719e-05 -5.907312e-05 -5.891329e-05 -5.885978e-05 -5.891329e-05 -5.907312e-05 -5.933719e-05 -5.970183e-05 -6.016167e-05 -6.070938e-05 -6.133546e-05 -6.202811e-05 -6.277315e-05 -6.355406e-05 -6.435228e-05 -6.514752e-05 -6.591837e-05 -6.664300e-05 -6.729994e-05 -6.786903e-05 -6.833222e-05 -6.867450e-05 -6.888456e-05 -6.895537e-05 
-7.128982e-02 -7.107021e-02 -7.041273e-02 -6.932144e-02 -6.780308e-02 -6.586701e-02 -6.352518e-02 -6.079205e-02 -5.768448e-02 -5.422163e-02 -5.042487e-02 -4.631763e-02 -4.192522e-02 -3.727476e-02 -3.239490e-02 -2.731575e-02 -2.206864e-02 -1.668591e-02 -1.120076e-02 -5.647010e-03 -5.891045e-05 5.529082e-03 1.108251e-02 1.656714e-02 2.194914e-02 2.719534e-02 3.227340e-02 3.715201e-02 4.180110e-02 4.619201e-02 5.029770e-02 5.409287e-02 5.755413e-02 6.066016e-02 6.339185e-02 6.573236e-02 6.766729e-02 6.918473e-02 7.027534e-02 7.093240e-02 7.115187e-02 
-1.420716e-01 -1.416338e-01 -1.403231e-01 -1.381476e-01 -1.351207e-01 -1.312610e-01 -1.265925e-01 -1.211438e-01 -1.149486e-01 -1.080450e-01 -1.004757e-01 -9.228734e-02 -8.353036e-02 -7.425880e-02 -6.452981e-02 -5.440338e-02 -4.394196e-02 -3.321006e-02 -2.227384e-02 -1.120075e-02 -5.906145e-05 1.108252e-02 2.215530e-02 3.309100e-02 4.382219e-02 5.428271e-02 6.440806e-02 7.413582e-02 8.340602e-02 9.216153e-02 1.003484e-01 1.079161e-01 1.148181e-01 1.210117e-01 1.264590e-01 1.311262e-01 1.349847e-01 1.380107e-01 1.401855e-01 1.414958e-01 1.419335e-01 
-2.119777e-01 -2.113244e-01 -2.093686e-01 -2.061223e-01 -2.016055e-01 -1.958461e-01 -1.888796e-01 -1.807490e-01 -1.715043e-01 -1.612027e-01 -1.499075e-01 -1.376885e-01 -1.246209e-01 -1.107854e-01 -9.626728e-02 -8.115602e-02 -6.554481e-02 -4.952991e-02 -3.321006e-02 -1.668589e-02 -5.930966e-05 1.656717e-02 3.309103e-02 4.941038e-02 6.542459e-02 8.103492e-02 9.614513e-02 1.106621e-01 1.244962e-01 1.375623e-01 1.497798e-01 1.610734e-01 1.713735e-01 1.806167e-01 1.887459e-01 1.957111e-01 2.014693e-01 2.059852e-01 2.092308e-01 2.111862e-01 2.118394e-01 
-2.805772e-01 -2.797124e-01 -2.771235e-01 -2.728264e-01 -2.668477e-01 -2.592240e-01 -2.500026e-01 -2.392401e-01 -2.270030e-01 -2.133667e-01 -1.984154e-01 -1.822410e-01 -1.649435e-01 -1.466294e-01 -1.274116e-01 -1.074087e-01 -8.674398e-02 -6.554482e-02 -4.394196e-02 -2.206861e-02 -5.964994e-05 2.194922e-02 4.382227e-02 6.542465e-02 8.662314e-02 1.072870e-01 1.272889e-01 1.465055e-01 1.648183e-01 1.821144e-01 1.982873e-01 2.132371e-01 2.268718e-01 2.391074e-01 2.498684e-01 2.590886e-01 2.667111e-01 2.726890e-01 2.769854e-01 2.795739e-01 2.804385e-01 
-3.474470e-01 -3.463762e-01 -3.431702e-01 -3.378488e-01 -3.304448e-01 -3.210040e-01 -3.095844e-01 -2.962565e-01 -2.811025e-01 -2.642157e-01 -2.457003e-01 -2.256704e-01 -2.042495e-01 -1.815697e-01 -1.577709e-01 -1.329996e-01 -1.074088e-01 -8.115606e-02 -5.440339e-02 -2.731572e-02 -6.007513e-05 2.719548e-02 5.428287e-02 8.103508e-02 1.072871e-01 1.328772e-01 1.576475e-01 1.814452e-01 2.041237e-01 2.255432e-01 2.455716e-01 2.640855e-01 2.809708e-01 2.961233e-01 3.094498e-01 3.208681e-01 3.303078e-01 3.377108e-01 3.430315e-01 3.462371e-01 3.473078e-01 
-4.121750e-01 -4.109046e-01 -4.071012e-01 -4.007884e-01 -3.920049e-01 -3.808051e-01 -3.672578e-01 -3.514466e-01 -3.334691e-01 -3.134359e-01 -2.914707e-01 -2.677087e-01 -2.422966e-01 -2.153910e-01 -1.871578e-01 -1.577709e-01 -1.274117e-01 -9.626736e-02 -6.452983e-02 -3.239485e-02 -6.057609e-05 3.227361e-02 6.440833e-02 9.614543e-02 1.272892e-01 1.576476e-01 1.870335e-01 2.152657e-01 2.421701e-01 2.675809e-01 2.913413e-01 3.133051e-01 3.333368e-01 3.513128e-01 3.671226e-01 3.806686e-01 3.918673e-01 4.006498e-01 4.069620e-01 4.107649e-01 4.120351e-01 
-4.743619e-01 -4.728998e-01 -4.685226e-01 -4.612572e-01 -4.511484e-01 -4.382586e-01 -4.226672e-01 -4.044702e-01 -3.837800e-01 -3.607240e-01 -3.354443e-01 -3.080969e-01 -2.788502e-01 -2.478847e-01 -2.153911e-01 -1.815699e-01 -1.466296e-01 -1.107855e-01 -7.425884e-02 -3.727469e-02 -6.114184e-05 3.715232e-02 7.413624e-02 1.106625e-01 1.465060e-01 1.814456e-01 2.152659e-01 2.477584e-01 2.787228e-01 3.079682e-01 3.353142e-01 3.605924e-01 3.836469e-01 4.043357e-01 4.225312e-01 4.381213e-01 4.510100e-01 4.611178e-01 4.683825e-01 4.727593e-01 4.742212e-01 
-5.336244e-01 -5.319796e-01 -5.270555e-01 -5.188824e-01 -5.075106e-01 -4.930103e-01 -4.754709e-01 -4.550004e-01 -4.317251e-01 -4.057884e-01 -3.773502e-01 -3.465858e-01 -3.136849e-01 -2.788504e-01 -2.422969e-01 -2.042498e-01 -1.649438e-01 -1.246211e-01 -8.353043e-02 -4.192513e-02 -6.175966e-05 4.180154e-02 8.340662e-02 1.244969e-01 1.648191e-01 2.041244e-01 2.421707e-01 2.787232e-01 3.135566e-01 3.464562e-01 3.772192e-01 4.056559e-01 4.315911e-01 4.548650e-01 4.753340e-01 4.928722e-01 5.073713e-01 5.187421e-01 5.269145e-01 5.318382e-01 5.334828e-01 
-5.895971e-01 -5.877798e-01 -5.823392e-01 -5.733087e-01 -5.607440e-01 -5.447227e-01 -5.253434e-01 -5.027256e-01 -4.770087e-01 -4.483512e-01 -4.169298e-01 -3.829383e-01 -3.465860e-01 -3.080972e-01 -2.677092e-01 -2.256708e-01 -1.822414e-01 -1.376887e-01 -9.228743e-02 -4.631751e-02 -6.241531e-05 4.619261e-02 9.216234e-02 1.375633e-01 1.821155e-01 2.255443e-01 2.675818e-01 3.079689e-01 3.464566e-01 3.828076e-01 4.167979e-01 4.482178e-01 4.768738e-01 5.025892e-01 5.252055e-01 5.445835e-01 5.606037e-01 5.731673e-01 5.821971e-01 5.876373e-01 5.894544e-01 
-6.419350e-01 -6.399564e-01 -6.340328e-01 -6.242006e-01 -6.105206e-01 -5.930769e-01 -5.719772e-01 -5.473515e-01 -5.193516e-01 -4.881501e-01 -4.539393e-01 -4.169301e-01 -3.773506e-01 -3.354449e-01 -2.914713e-01 -2.457009e-01 -1.984159e-01 -1.499078e-01 -1.004758e-01 -5.042472e-02 -6.309325e-05 5.029847e-02 1.003494e-01 1.497811e-01 1.982887e-01 2.455731e-01 2.913428e-01 3.353155e-01 3.772201e-01 4.167984e-01 4.538063e-01 4.880156e-01 5.192157e-01 5.472141e-01 5.718383e-01 5.929366e-01 6.103790e-01 6.240580e-01 6.338894e-01 6.398126e-01 6.417910e-01 
-6.903154e-01 -6.881877e-01 -6.818176e-01 -6.712444e-01 -6.565333e-01 -6.377749e-01 -6.150850e-01 -5.886032e-01 -5.584929e-01 -5.249397e-01 -4.881504e-01 -4.483517e-01 -4.057891e-01 -3.607248e-01 -3.134368e-01 -2.642165e-01 -2.133674e-01 -1.612031e-01 -1.080452e-01 -5.422143e-02 -6.377700e-05 5.409383e-02 1.079174e-01 1.610750e-01 2.132390e-01 2.640875e-01 3.133071e-01 3.605942e-01 4.056575e-01 4.482189e-01 4.880162e-01 5.248041e-01 5.583558e-01 5.884646e-01 6.149448e-01 6.376334e-01 6.563905e-01 6.711005e-01 6.816729e-01 6.880425e-01 6.901701e-01 
-7.344402e-01 -7.321764e-01 -7.253992e-01 -7.141501e-01 -6.984986e-01 -6.785412e-01 -6.544008e-01 -6.262263e-01 -5.941912e-01 -5.584932e-01 -5.193522e-01 -4.770094e-01 -4.317260e-01 -3.837811e-01 -3.334701e-01 -2.811034e-01 -2.270038e-01 -1.715048e-01 -1.149487e-01 -5.768423e-02 -6.444952e-05 5.755529e-02 1.148197e-01 1.713755e-01 2.268741e-01 2.809732e-01 3.333393e-01 3.836494e-01 4.315933e-01 4.768756e-01 5.192170e-01 5.583565e-01 5.940530e-01 6.260864e-01 6.542594e-01 6.783983e-01 6.983545e-01 7.140048e-01 7.252531e-01 7.320298e-01 7.342934e-01 
-7.740373e-01 -7.716515e-01 -7.645088e-01 -7.526532e-01 -7.361578e-01 -7.151244e-01 -6.896824e-01 -6.599888e-01 -6.262266e-01 -5.886038e-01 -5.473524e-01 -5.027266e-01 -4.550016e-01 -4.044715e-01 -3.514479e-01 -2.962577e-01 -2.392410e-01 -1.807496e-01 -1.211440e-01 -6.079175e-02 -6.509363e-05 6.066153e-02 1.210136e-01 1.806190e-01 2.391101e-01 2.961263e-01 3.513159e-01 4.043387e-01 4.548678e-01 5.025916e-01 5.472161e-01 5.884660e-01 6.260872e-01 6.598478e-01 6.895398e-01 7.149802e-01 7.360123e-01 7.525065e-01 7.643612e-01 7.715034e-01 7.738890e-01 
-8.088625e-01 -8.063694e-01 -7.989053e-01 -7.865164e-01 -7.692788e-01 -7.472990e-01 -7.207123e-01 -6.896827e-01 -6.544014e-01 -6.150858e-01 -5.719784e-01 -5.253447e-01 -4.754723e-01 -4.226687e-01 -3.672593e-01 -3.095857e-01 -2.500036e-01 -1.888803e-01 -1.265927e-01 -6.352483e-02 -6.569251e-05 6.339341e-02 1.264611e-01 1.887486e-01 2.498716e-01 3.094533e-01 3.671262e-01 4.225348e-01 4.753375e-01 5.252087e-01 5.718410e-01 6.149469e-01 6.542609e-01 6.895405e-01 7.205685e-01 7.471536e-01 7.691320e-01 7.863683e-01 7.987564e-01 8.062199e-01 8.087128e-01 
-8.387014e-01 -8.361163e-01 -8.283769e-01 -8.155309e-01 -7.976574e-01 -7.748667e-01 -7.472993e-01 -7.151249e-01 -6.785420e-01 -6.377761e-01 -5.930783e-01 -5.447243e-01 -4.930120e-01 -4.382603e-01 -3.808067e-01 -3.210055e-01 -2.592252e-01 -1.958468e-01 -1.312612e-01 -6.586660e-02 -6.623020e-05 6.573411e-02 1.311286e-01 1.957141e-01 2.590921e-01 3.208720e-01 3.806727e-01 4.381255e-01 4.928762e-01 5.445873e-01 5.929400e-01 6.376362e-01 6.784005e-01 7.149817e-01 7.471543e-01 7.747201e-01 7.975093e-01 8.153815e-01 8.282265e-01 8.359654e-01 8.385503e-01 
-8.633699e-01 -8.607088e-01 -8.527417e-01 -8.395178e-01 -8.211187e-01 -7.976577e-01 -7.692793e-01 -7.361586e-01 -6.984997e-01 -6.565347e-01 -6.105222e-01 -5.607458e-01 -5.075125e-01 -4.511503e-01 -3.920068e-01 -3.304465e-01 -2.668489e-01 -2.016063e-01 -1.351209e-01 -6.780262e-02 -6.669211e-05 6.766921e-02 1.349874e-01 2.014726e-01 2.667150e-01 3.303121e-01 3.918719e-01 4.510147e-01 5.073759e-01 5.606081e-01 6.103830e-01 6.563939e-01 6.983572e-01 7.360144e-01 7.691333e-01 7.975099e-01 8.209694e-01 8.393673e-01 8.525902e-01 8.605566e-01 8.632176e-01 
-8.827160e-01 -8.799952e-01 -8.718496e-01 -8.583295e-01 -8.395180e-01 -8.155313e-01 -7.865170e-01 -7.526542e-01 -7.141514e-01 -6.712460e-01 -6.242024e-01 -5.733107e-01 -5.188844e-01 -4.612593e-01 -4.007903e-01 -3.378505e-01 -2.728278e-01 -2.061231e-01 -1.381478e-01 -6.932095e-02 -6.706552e-05 6.918679e-02 1.380135e-01 2.059887e-01 2.726932e-01 3.377155e-01 4.006548e-01 4.611230e-01 5.187472e-01 5.731722e-01 6.240625e-01 6.711045e-01 7.140082e-01 7.525091e-01 7.863702e-01 8.153827e-01 8.393678e-01 8.581779e-01 8.716971e-01 8.798421e-01 8.825626e-01 
-8.966205e-01 -8.938568e-01 -8.855829e-01 -8.718498e-01 -8.527420e-01 -8.283774e-01 -7.989062e-01 -7.645099e-01 -7.254006e-01 -6.818193e-01 -6.340347e-01 -5.823413e-01 -5.270577e-01 -4.685247e-01 -4.071033e-01 -3.431720e-01 -2.771249e-01 -2.093694e-01 -1.403233e-01 -7.041220e-02 -6.734002e-05 7.027750e-02 1.401885e-01 2.092345e-01 2.769898e-01 3.430364e-01 4.069672e-01 4.683880e-01 5.269199e-01 5.822023e-01 6.338943e-01 6.816773e-01 7.252568e-01 7.643642e-01 7.987587e-01 8.282281e-01 8.525911e-01 8.716975e-01 8.854297e-01 8.937029e-01 8.964663e-01 
-9.049976e-01 -9.022081e-01 -8.938569e-01 -8.799955e-01 -8.607092e-01 -8.361169e-01 -8.063703e-01 -7.716526e-01 -7.321779e-01 -6.881895e-01 -6.399584e-01 -5.877820e-01 -5.319819e-01 -4.729020e-01 -4.109067e-01 -3.463780e-01 -2.797139e-01 -2.113253e-01 -1.416340e-01 -7.106966e-02 -6.750789e-05 7.093462e-02 1.414989e-01 2.111901e-01 2.795784e-01 3.462422e-01 4.107703e-01 4.727649e-01 5.318438e-01 5.876427e-01 6.398177e-01 6.880471e-01 7.320338e-01 7.715066e-01 8.062224e-01 8.359672e-01 8.605578e-01 8.798428e-01 8.937032e-01 9.020537e-01 9.048430e-01 
-9.077957e-01 -9.049976e-01 -8.966206e-01 -8.827163e-01 -8.633703e-01 -8.387021e-01 -8.088635e-01 -7.740385e-01 -7.344417e-01 -6.903172e-01 -6.419370e-01 -5.895993e-01 -5.336267e-01 -4.743641e-01 -4.121771e-01 -3.474489e-01 -2.805786e-01 -2.119786e-01 -1.420718e-01 -7.128927e-02 -6.756439e-05 7.115412e-02 1.419366e-01 2.118432e-01 2.804430e-01 3.473130e-01 4.120406e-01 4.742269e-01 5.334885e-01 5.894599e-01 6.417962e-01 6.901748e-01 7.342975e-01 7.738923e-01 8.087155e-01 8.385522e-01 8.632189e-01 8.825634e-01 8.964667e-01 9.048430e-01 9.076409e-01 
