2.478349e-03 2.380568e-03 2.377308e-03 2.264824e-03 2.010048e-03 1.792286e-03 1.349524e-03 9.250724e-04 4.138466e-04 1.139228e-04 6.818583e-04 1.278249e-03 1.907862e-03 2.541705e-03 3.150112e-03 3.723567e-03 4.121685e-03 4.438155e-03 4.672765e-03 4.659086e-03 4.831453e-03 
2.382188e-03 2.428440e-03 2.332410e-03 2.183229e-03 2.049123e-03 1.671658e-03 1.360494e-03 8.923973e-04 4.130807e-04 1.152340e-04 6.721429e-04 1.267861e-03 1.886051e-03 2.525396e-03 3.133636e-03 3.648578e-03 4.099813e-03 4.406045e-03 4.546181e-03 4.736074e-03 4.641227e-03 
2.381656e-03 2.335306e-03 2.228217e-03 2.145526e-03 1.822674e-03 1.635251e-03 1.223635e-03 8.460340e-04 3.901482e-04 1.093905e-04 6.515366e-04 1.230075e-03 1.849303e-03 2.451942e-03 3.036299e-03 3.544623e-03 3.960241e-03 4.230254e-03 4.459851e-03 4.501682e-03 4.598606e-03 
2.268027e-03 2.185656e-03 2.145749e-03 1.856985e-03 1.744290e-03 1.376096e-03 1.110014e-03 7.429835e-04 3.370323e-04 1.121797e-04 6.229162e-04 1.183021e-03 1.758969e-03 2.346168e-03 2.882154e-03 3.368770e-03 3.718444e-03 4.026170e-03 4.185416e-03 4.288551e-03 4.322798e-03 
2.002855e-03 2.041679e-03 1.815305e-03 1.738039e-03 1.406317e-03 1.204948e-03 9.117310e-04 5.903735e-04 2.646027e-04 1.476726e-04 6.001585e-04 1.111557e-03 1.644975e-03 2.187829e-03 2.681472e-03 3.102643e-03 3.464351e-03 3.697084e-03 3.846359e-03 3.974856e-03 3.944858e-03 
1.761502e-03 1.641604e-03 1.607271e-03 1.351732e-03 1.188171e-03 9.414336e-04 6.640637e-04 4.480602e-04 1.123156e-04 1.947573e-04 5.994301e-04 1.021970e-03 1.516782e-03 1.969458e-03 2.435436e-03 2.812835e-03 3.109993e-03 3.318525e-03 3.473313e-03 3.489236e-03 3.577894e-03 
1.283312e-03 1.295003e-03 1.161114e-03 1.051988e-03 8.630012e-04 6.329930e-04 4.739827e-04 1.773353e-04 7.197559e-07 3.106635e-04 5.868340e-04 9.681701e-04 1.323808e-03 1.761603e-03 2.128181e-03 2.466954e-03 2.728558e-03 2.889023e-03 2.981534e-03 3.043583e-03 3.021351e-03 
8.168232e-04 7.850488e-04 7.384258e-04 6.389913e-04 4.940984e-04 3.712179e-04 1.322874e-04 1.998114e-05 2.311286e-04 3.812085e-04 6.372758e-04 8.611775e-04 1.191144e-03 1.486049e-03 1.807166e-03 2.095722e-03 2.270729e-03 2.435264e-03 2.460362e-03 2.505796e-03 2.493133e-03 
2.700568e-04 2.660630e-04 2.388738e-04 1.815164e-04 1.153588e-04 1.987832e-05 9.786660e-05 2.815802e-04 3.583914e-04 5.245524e-04 6.343909e-04 8.260406e-04 1.001957e-03 1.238542e-03 1.477420e-03 1.646777e-03 1.843610e-03 1.875513e-03 1.965910e-03 1.923093e-03 1.964260e-03 
2.775036e-04 2.836942e-04 2.918357e-04 3.066495e-04 3.453136e-04 3.751893e-04 4.546747e-04 4.758995e-04 5.648170e-04 5.938580e-04 6.770255e-04 7.446735e-04 8.608299e-04 9.885990e-04 1.101328e-03 1.257114e-03 1.295537e-03 1.397030e-03 1.367004e-03 1.408227e-03 1.372190e-03 
8.342756e-04 8.355711e-04 8.372517e-04 8.326707e-04 8.221535e-04 8.059671e-04 7.597144e-04 7.506977e-04 6.943613e-04 6.921912e-04 6.732638e-04 6.859660e-04 7.090114e-04 7.271539e-04 7.883306e-04 7.778878e-04 8.459140e-04 8.150779e-04 8.479437e-04 8.305172e-04 8.371671e-04 
1.391344e-03 1.389291e-03 1.385886e-03 1.376835e-03 1.318975e-03 1.230296e-03 1.127384e-03 9.698265e-04 8.689716e-04 7.455580e-04 6.694730e-04 6.089840e-04 5.391834e-04 5.120447e-04 4.135608e-04 4.133392e-04 3.160538e-04 3.235923e-04 2.887069e-04 2.752556e-04 2.905145e-04 
1.941855e-03 1.945078e-03 1.944989e-03 1.895939e-03 1.821295e-03 1.671841e-03 1.454817e-03 1.250548e-03 1.003124e-03 8.154956e-04 6.519309e-04 4.967990e-04 4.007856e-04 2.253991e-04 1.595715e-04 3.510489e-05 7.699440e-05 1.998039e-04 2.384280e-04 2.542623e-04 2.862688e-04 
2.504584e-03 2.493837e-03 2.472822e-03 2.422985e-03 2.283809e-03 2.081662e-03 1.816288e-03 1.489869e-03 1.174455e-03 8.840614e-04 6.094264e-04 4.213260e-04 1.726794e-04 5.396965e-05 2.109416e-04 3.026806e-04 5.398914e-04 6.186520e-04 7.408947e-04 7.906837e-04 8.092205e-04 
3.024240e-03 3.040395e-03 2.985625e-03 2.884687e-03 2.730743e-03 2.466130e-03 2.135526e-03 1.740460e-03 1.354992e-03 9.362492e-04 6.200012e-04 2.649852e-04 6.595075e-05 2.569990e-04 3.915307e-04 7.047906e-04 8.144478e-04 1.073914e-03 1.156194e-03 1.295351e-03 1.282810e-03 
3.566872e-03 3.503178e-03 3.454526e-03 3.336308e-03 3.100310e-03 2.817494e-03 2.423188e-03 1.996650e-03 1.481478e-03 1.054673e-03 5.679136e-04 2.372575e-04 1.720391e-04 3.773047e-04 7.359983e-04 8.780606e-04 1.231389e-03 1.334081e-03 1.608241e-03 1.643698e-03 1.760637e-03 
3.956286e-03 3.959276e-03 3.867049e-03 3.682367e-03 3.464224e-03 3.109362e-03 2.685596e-03 2.166292e-03 1.674927e-03 1.084005e-03 6.260787e-04 1.140454e-04 2.192730e-04 6.423126e-04 8.596937e-04 1.249694e-03 1.380174e-03 1.740147e-03 1.827466e-03 2.029352e-03 2.012585e-03 
4.318072e-03 4.296245e-03 4.176347e-03 4.024836e-03 3.735503e-03 3.348630e-03 2.887532e-03 2.359980e-03 1.735632e-03 1.205094e-03 6.040599e-04 1.328152e-04 3.628707e-04 7.129874e-04 1.140486e-03 1.353326e-03 1.748222e-03 1.874470e-03 2.118081e-03 2.210917e-03 2.246023e-03 
4.589581e-03 4.508436e-03 4.453883e-03 4.243993e-03 3.936427e-03 3.567841e-03 3.027306e-03 2.442685e-03 1.869235e-03 1.211291e-03 6.621381e-04 1.055851e-04 3.862271e-04 8.560766e-04 1.209330e-03 1.643133e-03 1.831751e-03 2.118713e-03 2.264792e-03 2.296935e-03 2.419547e-03 
4.665962e-03 4.714991e-03 4.561736e-03 4.390629e-03 4.118685e-03 3.630165e-03 3.142707e-03 2.532119e-03 1.867308e-03 1.285094e-03 6.690621e-04 1.032968e-04 3.983561e-04 8.965513e-04 1.366453e-03 1.668266e-03 2.039845e-03 2.207314e-03 2.294163e-03 2.478338e-03 2.327570e-03 
4.799550e-03 4.686234e-03 4.654350e-03 4.452143e-03 4.106923e-03 3.738889e-03 3.141226e-03 2.536030e-03 1.926270e-03 1.261484e-03 6.818309e-04 1.324040e-04 4.360433e-04 9.157048e-04 1.345873e-03 1.795625e-03 2.017049e-03 2.244018e-03 2.415194e-03 2.325705e-03 2.540611e-03 
