9.023591e-01 8.913168e-01 8.581742e-01 8.039512e-01 7.300188e-01 6.380244e-01 5.305006e-01 4.098625e-01 2.791963e-01 1.416617e-01 6.818583e-04 -1.402695e-01 -2.777023e-01 -4.082459e-01 -5.287000e-01 -6.360931e-01 -7.279072e-01 -8.017779e-01 -8.558788e-01 -8.890383e-01 -9.000060e-01 
8.913152e-01 8.802660e-01 8.476243e-01 7.941070e-01 7.209672e-01 6.302678e-01 5.239416e-01 4.048377e-01 2.757546e-01 1.399203e-01 6.721429e-04 -1.385372e-01 -2.742816e-01 -4.032047e-01 -5.221685e-01 -6.282909e-01 -7.189165e-01 -7.918841e-01 -8.454105e-01 -8.779584e-01 -8.890561e-01 
8.581699e-01 8.476214e-01 8.162049e-01 7.646115e-01 6.943781e-01 6.068666e-01 5.045959e-01 3.898362e-01 2.655349e-01 1.347293e-01 6.515366e-04 -1.333898e-01 -2.640757e-01 -3.882303e-01 -5.027832e-01 -6.049572e-01 -6.922406e-01 -7.625268e-01 -8.139733e-01 -8.454550e-01 -8.559529e-01 
8.039480e-01 7.941045e-01 7.646113e-01 7.164868e-01 6.504982e-01 5.687047e-01 4.727719e-01 3.652714e-01 2.487974e-01 1.262322e-01 6.229162e-04 -1.249370e-01 -2.473755e-01 -3.636683e-01 -4.709997e-01 -5.667121e-01 -6.485240e-01 -7.143176e-01 -7.625716e-01 -7.920016e-01 -8.018932e-01 
7.300260e-01 7.209747e-01 6.943855e-01 6.505044e-01 5.908175e-01 5.164176e-01 4.293640e-01 3.317438e-01 2.259448e-01 1.146622e-01 6.001585e-04 -1.134030e-01 -2.245644e-01 -3.301463e-01 -4.275943e-01 -5.145199e-01 -5.887594e-01 -6.485454e-01 -6.923544e-01 -7.190415e-01 -7.280840e-01 
6.380552e-01 6.302979e-01 6.068945e-01 5.687291e-01 5.164344e-01 4.514773e-01 3.754107e-01 2.900226e-01 1.976019e-01 1.002841e-01 5.994301e-04 -9.906741e-02 -1.961974e-01 -2.885012e-01 -3.736394e-01 -4.496059e-01 -5.145126e-01 -5.667623e-01 -6.050285e-01 -6.284502e-01 -6.362388e-01 
5.305668e-01 5.240071e-01 5.046584e-01 4.728299e-01 4.294128e-01 3.754418e-01 3.121397e-01 2.412776e-01 1.643514e-01 8.351035e-02 5.868340e-04 -8.223151e-02 -1.630269e-01 -2.396933e-01 -3.104855e-01 -3.736079e-01 -4.275472e-01 -4.709929e-01 -5.028380e-01 -5.222585e-01 -5.288287e-01 
4.099708e-01 4.049451e-01 3.899438e-01 3.653754e-01 3.318400e-01 2.900995e-01 2.413226e-01 1.864737e-01 1.271715e-01 6.464255e-02 6.372758e-04 -6.340016e-02 -1.257492e-01 -1.850076e-01 -2.396477e-01 -2.883750e-01 -3.300634e-01 -3.635792e-01 -3.882219e-01 -4.032243e-01 -4.082945e-01 
2.793401e-01 2.759016e-01 2.656862e-01 2.489529e-01 2.260940e-01 1.977341e-01 1.644486e-01 1.272219e-01 8.676268e-02 4.426521e-02 6.343909e-04 -4.291462e-02 -8.540233e-02 -1.257018e-01 -1.628733e-01 -1.960674e-01 -2.243657e-01 -2.472589e-01 -2.639591e-01 -2.742446e-01 -2.776459e-01 
1.418253e-01 1.400888e-01 1.349118e-01 1.264266e-01 1.148599e-01 1.004646e-01 8.365436e-02 6.473724e-02 4.430548e-02 2.273681e-02 6.770255e-04 -2.139827e-02 -4.287983e-02 -6.327274e-02 -8.209836e-02 -9.883227e-02 -1.132190e-01 -1.247229e-01 -1.332529e-01 -1.383968e-01 -1.401756e-01 
8.342756e-04 8.355711e-04 8.372517e-04 8.326707e-04 8.221535e-04 8.059671e-04 7.597144e-04 7.506977e-04 6.943613e-04 6.921912e-04 6.732638e-04 6.859660e-04 7.090114e-04 7.271539e-04 7.883306e-04 7.778878e-04 8.459140e-04 8.150779e-04 8.479437e-04 8.305172e-04 8.371671e-04 
-1.401564e-01 -1.384158e-01 -1.332340e-01 -1.247431e-01 -1.131956e-01 -9.885908e-02 -8.207230e-02 -6.329151e-02 -4.287169e-02 -2.139739e-02 6.694730e-04 2.275193e-02 4.427985e-02 6.477338e-02 8.361325e-02 1.005027e-01 1.148306e-01 1.264436e-01 1.349086e-01 1.400803e-01 1.418383e-01 
-2.776683e-01 -2.742226e-01 -2.639801e-01 -2.472385e-01 -2.243881e-01 -1.960424e-01 -1.628959e-01 -1.256898e-01 -8.540116e-02 -4.292517e-02 6.519309e-04 4.423746e-02 8.680507e-02 1.271657e-01 1.645103e-01 1.976791e-01 2.261324e-01 2.489347e-01 2.656866e-01 2.759134e-01 2.793239e-01 
-4.082830e-01 -4.032363e-01 -3.882094e-01 -3.635914e-01 -3.300503e-01 -2.883890e-01 -2.396386e-01 -1.850038e-01 -1.257659e-01 -6.337728e-02 6.094264e-04 6.468266e-02 1.271130e-01 1.865476e-01 2.412439e-01 2.901680e-01 3.317943e-01 3.653958e-01 3.899413e-01 4.049394e-01 4.099784e-01 
-5.288258e-01 -5.222617e-01 -5.028339e-01 -4.709972e-01 -4.275450e-01 -3.736087e-01 -3.104781e-01 -2.397144e-01 -1.629957e-01 -8.226344e-02 6.200012e-04 8.346467e-02 1.644167e-01 2.411979e-01 3.122221e-01 3.753700e-01 4.294613e-01 4.728080e-01 5.046633e-01 5.240068e-01 5.305673e-01 
-6.362498e-01 -6.284363e-01 -6.050473e-01 -5.667445e-01 -5.145223e-01 -4.496012e-01 -3.736516e-01 -2.884740e-01 -1.962327e-01 -9.903471e-02 5.679136e-04 1.003266e-01 1.975422e-01 2.900934e-01 3.753388e-01 4.515406e-01 5.163912e-01 5.687467e-01 6.068936e-01 6.302958e-01 6.380560e-01 
-7.280726e-01 -7.190571e-01 -6.923338e-01 -6.485601e-01 -5.887596e-01 -5.145132e-01 -4.275902e-01 -3.301679e-01 -2.245344e-01 -1.134305e-01 6.260787e-04 1.146286e-01 2.259901e-01 3.316918e-01 4.294161e-01 5.163729e-01 5.908436e-01 6.505023e-01 6.943733e-01 7.209870e-01 7.300163e-01 
-8.018980e-01 -7.919939e-01 -7.625807e-01 -7.143189e-01 -6.485070e-01 -5.667322e-01 -4.709944e-01 -3.636544e-01 -2.473988e-01 -1.249149e-01 6.040599e-04 1.262528e-01 2.487716e-01 3.653014e-01 4.727414e-01 5.687275e-01 6.504943e-01 7.164693e-01 7.646389e-01 7.940793e-01 8.039700e-01 
-8.559619e-01 -8.454483e-01 -8.139793e-01 -7.625130e-01 -6.922644e-01 -6.049340e-01 -5.027922e-01 -3.882395e-01 -2.640558e-01 -1.334086e-01 6.621381e-04 1.347255e-01 2.655388e-01 3.898261e-01 5.046102e-01 6.068587e-01 6.943691e-01 7.646383e-01 8.161683e-01 8.476598e-01 8.581320e-01 
-8.890314e-01 -8.779795e-01 -8.453950e-01 -7.918996e-01 -7.188977e-01 -6.283093e-01 -5.221594e-01 -4.031980e-01 -2.743004e-01 -1.385200e-01 6.690621e-04 1.399084e-01 2.757693e-01 4.048336e-01 5.239357e-01 6.302712e-01 7.209765e-01 7.940829e-01 8.476625e-01 8.802161e-01 8.913698e-01 
-9.000379e-01 -8.890111e-01 -8.558972e-01 -8.017639e-01 -7.279219e-01 -6.360778e-01 -5.287089e-01 -4.082516e-01 -2.776839e-01 -1.402863e-01 6.818309e-04 1.416802e-01 2.791741e-01 4.098719e-01 5.305042e-01 6.380210e-01 7.300118e-01 8.039720e-01 8.581363e-01 8.913717e-01 9.022968e-01 
