-4.758757e+44 1.021325e+46 -5.461654e+48 2.588761e+51 -3.848386e+53 9.105929e+54 -8.317241e+54 5.904315e+52 -2.277816e+48 -1.717535e+36 7.771714e+47 -6.183472e+50 1.399867e+52 -2.621917e+51 1.322707e+48 -3.124757e+40 -2.594082e+43 4.816387e+43 -2.317904e+40 -7.270958e+35 4.966772e+34 -8.829465e+36 3.046557e+41 -5.960686e+43 3.222017e+42 8.885350e+42 -9.802524e+48 9.801020e+51 -2.743417e+52 8.543857e+50 -3.018799e+48 1.181771e+45 1.463465e+43 -2.186743e+48 6.797299e+50 -3.806868e+51 3.118696e+51 -6.692139e+50 2.350259e+49 -3.007658e+47 3.408366e+46 
1.092639e+48 -8.442685e+48 7.464365e+50 -7.598480e+52 4.312931e+54 -7.002333e+55 5.680739e+55 -3.424345e+53 9.849391e+48 -2.310351e+40 -6.589810e+47 4.806256e+50 -1.007119e+52 1.844588e+51 -9.607553e+47 9.654408e+40 1.731888e+43 -3.149927e+43 1.442406e+40 1.470844e+38 -1.653153e+35 5.614825e+36 -2.023449e+41 4.214734e+43 -2.667573e+42 -5.626697e+42 6.507061e+48 -6.553496e+51 1.891708e+52 -6.431032e+50 2.537283e+48 -8.059925e+44 -1.091349e+46 1.107697e+51 -5.333926e+53 2.365373e+54 -7.049372e+53 6.000760e+52 -1.669526e+51 3.174218e+49 -4.802501e+48 
-2.677918e+50 1.669998e+51 -8.502024e+52 3.537942e+54 -7.016728e+55 5.530228e+56 -3.360178e+56 2.002055e+54 -8.831831e+49 3.100106e+44 3.638314e+47 -2.147426e+50 3.536659e+51 -5.990870e+50 3.562528e+47 -4.002229e+42 -4.437988e+42 7.466219e+42 7.872526e+39 -2.006914e+39 3.400799e+35 5.173983e+36 5.142847e+40 -1.377506e+43 1.355237e+42 1.379455e+42 -1.664394e+48 1.727403e+51 -5.670019e+51 2.622634e+50 -1.393793e+48 2.297216e+44 5.799961e+47 -6.026578e+52 4.932598e+55 -3.083463e+56 9.039736e+55 -6.376600e+54 1.675392e+53 -3.292886e+51 5.224120e+50 
8.767406e+51 -5.404437e+52 2.451923e+54 -6.339946e+55 5.136096e+56 -1.821449e+57 7.975789e+56 -4.954241e+54 4.623632e+50 -8.292688e+46 -9.793134e+46 4.519631e+49 -4.893708e+50 7.170510e+49 -6.432672e+46 5.103306e+43 -1.482941e+43 1.027139e+42 -1.009108e+41 4.972645e+39 -2.874926e+35 -8.988212e+38 6.121023e+40 2.330207e+41 1.373241e+43 -2.346717e+43 1.033985e+47 -1.132528e+50 5.408007e+50 -4.849632e+49 4.000188e+47 -2.589788e+42 -4.758686e+48 4.562897e+53 -5.862000e+56 5.993761e+57 -2.606571e+57 2.253820e+56 -6.223694e+54 1.128482e+53 -1.705892e+52 
-5.546587e+52 3.470955e+53 -1.547651e+55 3.235536e+56 -1.522506e+57 2.821997e+57 -8.903895e+56 5.833218e+54 -1.093507e+51 1.314917e+48 -2.612438e+47 -1.897642e+48 1.633521e+49 -2.325680e+48 6.261270e+45 -1.600384e+44 1.200299e+44 -7.154130e+42 2.114589e+41 -4.731735e+39 -2.314963e+37 8.840257e+39 -6.150203e+41 2.075950e+43 -2.581537e+44 1.804620e+44 -1.783047e+45 1.291212e+48 -1.063261e+49 2.393179e+48 -3.531823e+46 -5.670368e+44 1.232876e+49 -1.046324e+54 1.802818e+57 -2.717565e+58 1.722749e+58 -1.979723e+57 6.169722e+55 -1.108604e+54 1.604775e+53 
1.144252e+53 -7.202453e+53 3.180805e+55 -6.016823e+56 2.056869e+57 -2.198155e+57 4.762433e+56 -3.332340e+54 1.234674e+51 -3.697912e+48 1.387265e+48 -4.773456e+48 1.367408e+48 9.552194e+45 -3.200458e+44 2.030248e+44 -2.519253e+44 1.167333e+43 -1.719712e+41 1.594512e+39 4.012728e+38 -1.978762e+40 1.297756e+42 -5.344779e+43 6.987902e+44 -3.503414e+44 3.878774e+43 5.070396e+45 -2.262811e+48 2.227390e+48 -2.249190e+46 2.592355e+45 -1.416819e+49 1.039441e+54 -2.293729e+57 4.634604e+58 -3.783146e+58 5.325667e+57 -1.886994e+56 3.595336e+54 -5.220399e+53 
-1.021879e+53 6.443534e+53 -2.815289e+55 4.948282e+56 -1.315581e+57 8.167356e+56 -1.058411e+56 8.098728e+53 -6.553221e+50 3.978414e+48 -2.106518e+48 8.755231e+48 -2.958340e+48 5.711884e+45 4.161927e+42 -1.130857e+44 2.170887e+44 -7.577703e+42 4.983352e+40 2.812368e+39 -1.089027e+39 1.748891e+40 -1.060835e+42 5.194991e+43 -7.121298e+44 2.665881e+44 1.255683e+43 -5.740142e+46 8.781417e+48 -6.872508e+48 5.955726e+46 -3.939464e+45 7.573601e+48 -4.527324e+53 1.303924e+57 -3.540179e+58 3.635895e+58 -6.100595e+57 2.443569e+56 -5.039302e+54 7.512043e+53 
3.794882e+52 -2.383767e+53 1.022495e+55 -1.671301e+56 3.457191e+56 -1.181525e+56 7.772670e+54 -6.353822e+52 1.315315e+50 -1.620268e+48 4.358590e+47 -6.058952e+48 2.363942e+48 -5.360230e+45 -3.878408e+41 2.345136e+43 -7.412486e+43 1.587664e+42 8.064518e+38 -1.052580e+40 1.124284e+39 -5.625970e+39 2.255622e+41 -1.800339e+43 2.717116e+44 -5.673363e+43 -2.492489e+44 1.204017e+47 -1.187847e+49 7.823236e+48 -5.857125e+46 2.408449e+45 -1.614811e+48 6.639306e+52 -2.766029e+56 1.117703e+58 -1.499805e+58 3.058186e+57 -1.425186e+56 3.296396e+54 -5.167358e+53 
-3.653474e+51 2.219737e+52 -8.938316e+53 1.345411e+55 -2.261730e+55 4.949269e+54 -1.847041e+53 1.345703e+51 -5.240792e+48 -3.798133e+48 8.769383e+49 -2.753419e+48 -6.173140e+47 1.227589e+45 2.902374e+43 -3.111658e+42 5.970523e+42 -3.472241e+40 -7.568075e+39 1.394209e+40 -4.469044e+38 -4.603455e+39 1.742313e+42 -2.981434e+43 1.393845e+44 -3.280708e+44 9.084827e+44 -1.039238e+47 6.411407e+48 -3.460579e+48 2.113977e+46 -4.107922e+44 1.020675e+47 -2.610372e+51 1.467881e+55 -9.416171e+56 1.817802e+57 -5.056326e+56 3.109595e+55 -8.928065e+53 1.547830e+53 
3.160460e+49 -1.989301e+50 6.830385e+51 -9.677335e+52 1.760001e+53 -4.606234e+52 2.015059e+51 -8.709701e+48 1.320775e+46 1.816898e+49 -5.426320e+50 3.361064e+49 -2.928743e+47 5.335523e+45 -1.634388e+44 2.425602e+42 -9.150663e+40 -2.374605e+37 9.488826e+39 -7.601038e+39 3.144089e+37 1.863124e+40 -6.275037e+42 1.387611e+44 -7.868827e+44 1.275017e+45 -1.306000e+45 3.539401e+46 -9.521488e+47 3.095731e+47 5.233612e+45 -3.422032e+44 -1.367229e+45 3.909927e+49 -1.782755e+53 1.244479e+55 -3.219229e+55 1.369313e+55 -1.456042e+54 6.755172e+52 -1.468134e+52 
3.401200e+50 -2.500841e+50 4.728152e+49 1.582289e+49 -7.586150e+49 1.087153e+50 -6.818627e+49 5.551458e+47 2.408320e+42 -2.733835e+49 9.762077e+50 -7.034246e+49 7.042793e+47 -1.197080e+46 2.798101e+44 -1.799832e+42 6.618160e+38 7.323159e+37 -5.019412e+39 1.274000e+39 -1.267117e+34 -2.647814e+40 8.730429e+42 -2.250424e+44 1.351818e+45 -1.847527e+45 8.460574e+44 -2.655975e+45 1.077846e+46 7.522283e+43 -1.902640e+46 6.791579e+44 2.588735e+42 -1.454054e+48 1.100169e+51 -2.353624e+52 4.810893e+52 -3.216800e+52 8.245521e+51 -9.245063e+50 2.925281e+50 
-2.054690e+51 1.290705e+51 -1.901277e+50 1.085537e+48 1.110449e+45 -5.366840e+47 3.926449e+49 -1.019862e+48 -1.175018e+42 1.647658e+49 -7.142129e+50 5.974688e+49 -6.584352e+47 1.064713e+46 -1.943622e+44 6.111568e+41 -4.062772e+36 -7.981266e+37 8.806064e+38 -3.417791e+37 -3.731729e+34 1.631563e+40 -5.416593e+42 1.614395e+44 -1.009098e+45 1.164989e+45 -2.217724e+44 2.185489e+43 3.932180e+41 -1.306027e+45 2.287565e+46 -5.312582e+44 -1.295524e+42 7.528112e+47 -4.144046e+49 3.059149e+49 -8.981560e+48 6.110458e+48 -3.792690e+48 1.381510e+48 -6.695177e+47 
3.750056e+51 -2.168600e+51 2.756101e+50 -1.650752e+48 3.024328e+43 4.785728e+46 -2.092104e+49 9.320188e+47 1.706795e+40 -3.084211e+48 1.900879e+50 -1.981050e+49 2.451773e+47 -3.670849e+45 4.718200e+43 -5.214040e+40 -1.680101e+35 4.116243e+37 -4.099385e+37 1.216373e+35 2.356823e+34 -3.828489e+39 1.353711e+42 -4.836607e+43 3.089646e+44 -2.779919e+44 1.813453e+43 -1.445631e+40 -4.132857e+42 1.318575e+45 -1.259104e+46 1.647227e+44 1.512312e+42 -3.894076e+47 7.637829e+48 -3.819581e+47 2.358885e+45 -8.390764e+43 -1.759400e+44 1.126823e+46 -5.808989e+46 
-2.813340e+51 1.508939e+51 -1.683495e+50 1.096629e+48 -1.238006e+44 -4.880072e+45 4.715805e+48 -3.501529e+47 6.333030e+39 7.852639e+46 -9.567584e+48 1.492039e+48 -2.181565e+46 2.615309e+44 -1.764060e+42 3.652944e+38 1.523257e+35 -8.506596e+36 6.956270e+35 -5.583561e+31 -9.842705e+33 3.130528e+38 -1.309906e+41 5.334780e+42 -3.104202e+43 1.856143e+43 -4.020356e+41 -2.231447e+39 1.404734e+43 -1.239578e+45 4.686936e+45 -1.375009e+44 7.690597e+41 8.754124e+46 -8.425423e+47 1.321747e+46 1.996505e+43 -1.921067e+42 2.052450e+44 -1.237992e+46 6.500140e+46 
7.743522e+50 -3.743371e+50 3.505330e+49 -2.781192e+47 2.038598e+44 1.308737e+42 -1.928090e+47 2.854387e+46 6.013922e+40 -6.603813e+44 1.097381e+47 -2.553455e+46 3.921204e+44 -2.644169e+42 5.546366e+39 -3.068324e+34 6.112796e+34 3.875719e+35 -3.528901e+33 -2.013695e+33 1.627983e+35 -2.956931e+37 8.345647e+39 -3.224423e+41 1.453550e+42 -4.483406e+41 1.768194e+39 4.525280e+39 -2.530862e+43 1.555473e+45 -4.658168e+45 5.508821e+44 -3.333695e+43 -3.508180e+45 1.513625e+46 2.252838e+45 -3.278896e+44 3.827930e+42 -8.582597e+43 5.175424e+45 -2.789457e+46 
-3.222997e+49 1.343821e+49 -1.074317e+48 1.581562e+46 -1.593096e+44 2.457897e+44 1.690244e+44 -9.607185e+43 -1.281637e+41 3.099924e+43 -1.265806e+45 2.563787e+44 -2.595802e+42 5.209891e+39 -1.208657e+36 3.685622e+34 -6.224627e+35 1.064227e+35 -7.730569e+33 3.774794e+34 -1.978177e+36 5.621646e+37 -1.335212e+39 2.761188e+40 -1.252919e+41 5.751941e+40 -9.308750e+38 -3.545481e+39 2.257752e+43 -1.440781e+45 4.673965e+45 -9.286947e+44 1.137990e+44 -2.726049e+44 3.361282e+45 -9.669050e+45 1.186316e+45 -5.693358e+42 7.201196e+42 -4.062475e+44 2.335843e+45 
3.648947e+46 -1.345792e+46 1.247874e+45 -9.345173e+43 5.925614e+43 -3.035120e+44 6.800608e+43 -1.322838e+42 9.451341e+40 -2.187307e+42 1.264138e+43 -1.187709e+42 4.184186e+39 -6.922995e+35 1.259405e+31 -6.883986e+34 1.077584e+36 -1.959455e+35 2.364698e+34 -1.562975e+35 6.648042e+36 -1.368968e+38 1.376339e+39 -1.334450e+40 8.560136e+40 -1.176508e+41 6.835344e+39 9.682706e+38 -9.066275e+42 6.895068e+44 -2.487698e+45 7.019505e+44 -1.458366e+44 4.546444e+44 -5.533913e+45 1.457042e+46 -1.763197e+45 6.594859e+42 -4.447676e+40 1.190126e+42 -7.258127e+42 
5.715811e+43 -1.714644e+43 8.043165e+40 1.549088e+40 -1.115101e+43 1.548040e+44 -3.627805e+43 6.175841e+41 -1.909060e+40 2.650915e+40 -1.663158e+40 1.912991e+38 5.623047e+36 -1.073933e+35 -1.989617e+23 5.135372e+34 -7.728062e+35 1.746620e+35 -4.236692e+34 2.615970e+35 -9.071049e+36 1.629367e+38 -1.398494e+39 1.151764e+40 -8.166798e+40 1.568700e+41 -1.503125e+40 -2.184682e+37 1.115677e+42 -1.277661e+44 5.387132e+44 -2.176120e+44 7.802090e+43 -3.107473e+44 3.767639e+45 -9.460623e+45 1.221472e+45 -5.254806e+42 4.914722e+37 1.985719e+38 -1.224564e+40 
-2.465985e+43 6.913854e+42 -3.065313e+40 -6.912078e+39 1.875059e+42 -2.383248e+43 4.819945e+42 -4.563741e+40 -8.056605e+39 4.230249e+39 -4.126008e+38 3.346651e+37 -3.916523e+36 4.680898e+34 3.016420e+27 -1.429693e+34 3.055722e+35 -4.425557e+35 1.466424e+35 -2.155047e+35 5.480791e+36 -8.939910e+37 7.512806e+38 -6.224879e+39 4.700144e+40 -1.068191e+41 1.437101e+40 -3.703657e+36 -2.017576e+40 5.409588e+42 -2.940158e+43 1.799631e+43 -1.315850e+43 7.537457e+43 -9.204912e+44 2.294669e+45 -3.651589e+44 2.466088e+42 -5.740515e+37 -1.089746e+38 7.050962e+39 
1.640804e+42 -3.651739e+41 6.397290e+38 8.041078e+39 -3.122066e+41 6.645987e+41 -3.090364e+40 -2.728829e+39 1.001141e+40 -3.581688e+39 2.490273e+38 -1.194237e+37 7.378801e+35 -1.647347e+33 -6.563403e+33 2.355760e+35 -6.352256e+36 1.606078e+37 -2.419074e+36 1.014954e+35 -1.220731e+36 1.777800e+37 -1.595437e+38 1.490779e+39 -1.276909e+40 3.391045e+40 -6.142149e+39 3.188549e+36 2.464820e+37 -3.490860e+40 2.904536e+41 -2.979898e+41 4.126994e+41 -3.264851e+42 4.252809e+43 -1.321473e+44 3.664854e+43 -5.626183e+41 5.866682e+37 9.601793e+36 -9.381035e+38 
1.935798e+39 -7.007296e+38 2.015782e+37 -3.531468e+39 2.414936e+40 1.493454e+40 -4.059942e+40 3.356678e+39 -4.694243e+39 -8.203904e+38 1.154542e+40 -3.110291e+39 3.535550e+38 -5.872843e+37 2.577972e+37 -5.254020e+37 2.506787e+38 -3.611019e+38 3.935592e+37 -8.400116e+34 5.359035e+34 -5.819184e+35 6.376183e+36 -8.921111e+37 1.210115e+39 -4.744572e+39 1.063512e+39 -1.008722e+36 -7.542780e+36 9.091909e+38 -1.316878e+39 1.547353e+39 -8.407221e+38 -1.040118e+41 -1.150031e+41 1.230682e+42 -9.104367e+41 4.384937e+40 -2.572025e+37 1.230483e+37 -7.373106e+37 
-2.292294e+42 8.841447e+41 -2.279771e+40 2.563781e+38 5.447515e+39 -2.848351e+42 6.221012e+42 -3.453609e+40 4.254404e+38 1.529589e+41 -1.628200e+42 7.771596e+41 -1.473029e+41 2.939967e+40 -7.579770e+39 3.979571e+39 -5.025502e+39 4.035982e+39 -3.782843e+38 5.819138e+35 -1.872760e+32 -7.887211e+33 -6.809834e+33 1.237570e+36 -2.101247e+38 1.533502e+39 -1.879892e+38 5.702794e+34 4.773631e+38 -2.233726e+40 2.016681e+39 -8.696150e+36 -1.331894e+41 7.351465e+42 -5.482335e+42 2.441697e+41 1.892139e+39 -6.274995e+38 3.728189e+36 -8.295543e+38 5.755468e+39 
2.849004e+43 -1.260249e+43 3.953551e+41 -2.463104e+35 -2.787725e+41 1.364652e+44 -2.641188e+44 1.339152e+42 -1.458800e+35 -3.119863e+42 5.229532e+43 -3.616360e+43 8.889963e+42 -1.841320e+42 3.726618e+41 -1.047792e+41 5.670528e+40 -2.651415e+40 2.229938e+39 -6.820514e+36 1.154361e+33 8.222029e+33 1.041683e+36 -2.184886e+38 3.423913e+39 -4.162802e+39 1.132264e+38 8.659554e+35 -3.056931e+40 7.447905e+41 -6.439743e+40 4.612201e+34 1.353557e+42 -1.001655e+44 1.059827e+44 -7.883409e+42 5.182212e+40 -7.128675e+35 -2.060890e+36 5.162840e+39 -3.379112e+40 
-6.167862e+43 2.892069e+43 -9.249694e+41 -8.490818e+39 1.144148e+43 -1.281928e+45 1.595359e+45 -5.935960e+42 -2.437464e+38 3.236647e+43 -5.038062e+44 4.040573e+44 -1.143680e+44 2.282279e+43 -3.891690e+42 8.362444e+41 -3.114848e+41 1.028703e+41 -7.941260e+39 4.549212e+37 -1.049936e+35 2.991840e+35 -8.875759e+37 5.805529e+39 -2.905414e+40 9.508469e+39 -6.956354e+37 -1.474992e+39 1.862198e+42 -2.571156e+43 5.064427e+42 -7.666591e+38 -3.182260e+42 3.564101e+44 -6.527633e+44 9.868056e+43 -1.212034e+42 2.701834e+38 2.857695e+36 -8.842618e+39 5.553383e+40 
-4.096264e+46 1.512384e+46 -1.153511e+45 1.105858e+44 -1.448111e+44 3.116756e+45 -2.848434e+45 8.016251e+42 6.473430e+42 -2.363126e+44 1.730056e+45 -1.365444e+45 4.123756e+44 -7.774049e+43 1.145843e+43 -2.166991e+42 7.197854e+41 -2.071326e+41 1.524534e+40 -1.194680e+38 5.519842e+35 -1.941668e+36 5.027079e+38 -2.725284e+40 9.215137e+40 -1.206071e+40 2.198855e+37 2.171551e+41 -4.775375e+43 4.182573e+44 -1.668478e+44 1.685550e+42 2.960968e+42 -4.941613e+44 1.425733e+45 -4.113684e+44 1.150490e+43 -5.256506e+40 2.595664e+40 -1.065371e+42 7.491269e+42 
3.354820e+49 -1.400916e+49 1.035189e+48 -1.909410e+46 5.132053e+44 -3.075221e+45 1.836220e+45 1.864889e+46 -5.857934e+45 1.248736e+45 -2.620270e+45 1.906663e+45 -5.952603e+44 1.064210e+44 -1.385385e+43 2.397854e+42 -7.659706e+41 2.108957e+41 -1.520127e+40 1.392608e+38 -8.613296e+35 3.220567e+36 -8.316593e+38 4.429251e+40 -1.278699e+41 7.984825e+39 7.938207e+38 -5.583527e+42 3.925893e+44 -2.436029e+45 1.600315e+45 -1.369655e+44 8.832214e+41 2.929915e+44 -1.374392e+45 7.064927e+44 -4.873892e+43 3.158337e+42 -1.278897e+43 4.526780e+44 -2.549311e+45 
-7.964567e+50 3.752889e+50 -3.468844e+49 3.455123e+47 -7.417306e+44 1.185896e+45 5.295290e+47 -6.006367e+48 3.254910e+47 -3.778947e+45 1.895972e+45 -1.193861e+45 3.802794e+44 -6.371265e+43 7.157725e+42 -1.134538e+42 3.626095e+41 -1.014941e+41 7.329327e+39 -7.195289e+37 5.128422e+35 -1.776131e+36 5.366420e+38 -3.035982e+40 8.188417e+40 -2.406011e+39 -9.293032e+40 4.608584e+43 -1.300770e+45 6.080131e+45 -5.612632e+45 1.527850e+45 -1.342997e+44 -5.794976e+43 5.645841e+44 -5.696525e+44 1.072909e+44 -3.728414e+43 2.359710e+44 -6.216502e+45 3.038166e+46 
2.912132e+51 -1.512134e+51 1.736330e+50 -1.499897e+48 4.884231e+44 9.187659e+44 -1.080751e+49 8.261087e+49 -2.206722e+48 5.677194e+45 -5.971409e+44 2.824259e+44 -9.065173e+43 1.346632e+43 -3.911794e+41 -1.362069e+42 9.293608e+40 1.666306e+40 -1.308962e+39 1.228320e+37 1.755254e+34 -7.667398e+36 -1.031760e+38 7.515974e+39 -2.063802e+40 -1.320399e+39 2.282176e+42 -1.932047e+44 2.302243e+45 -7.917207e+45 9.224757e+45 -4.564561e+45 7.603077e+44 -6.368378e+42 -6.347482e+43 2.049340e+44 -1.269423e+44 1.018229e+44 -6.730237e+44 1.541931e+46 -7.091845e+46 
-3.924949e+51 2.197439e+51 -2.964580e+50 2.529598e+48 -1.329894e+44 -3.933228e+45 3.399504e+49 -2.217736e+50 4.361465e+48 -4.178704e+45 5.512693e+43 -1.135661e+42 -3.932470e+41 4.563899e+42 -3.012007e+43 4.655799e+43 -4.448404e+42 1.866887e+40 3.531073e+37 -2.365620e+35 -2.846675e+35 2.181943e+37 -7.549571e+36 -2.724796e+38 1.043050e+39 1.747617e+40 -1.442557e+43 5.125500e+44 -2.732761e+45 6.076796e+45 -7.864386e+45 5.627949e+45 -1.298487e+45 1.969781e+43 6.251158e+41 -2.538166e+43 7.792570e+43 -1.073823e+44 7.090812e+44 -1.463543e+46 6.400370e+46 
2.196212e+51 -1.341832e+51 2.165115e+50 -1.940150e+48 1.294277e+43 6.329641e+45 -4.064867e+49 2.340349e+50 -3.573016e+48 1.321764e+45 5.409051e+42 -6.421004e+43 1.932545e+43 -2.296771e+43 1.475174e+44 -2.408658e+44 2.414286e+43 -1.011914e+41 6.053459e+36 -5.988097e+32 2.063747e+34 4.745672e+37 -6.219228e+39 3.900520e+40 -2.969976e+39 -3.763923e+40 3.041531e+43 -8.494282e+44 2.773558e+45 -3.260246e+45 3.463953e+45 -3.036236e+45 8.933445e+44 -2.140377e+43 5.018265e+44 -3.369554e+46 1.457275e+47 -1.526449e+47 3.965011e+46 9.449701e+44 -2.006260e+46 
-3.879803e+50 2.804519e+50 -6.082859e+49 5.728908e+47 3.872369e+48 -3.884884e+48 2.130733e+49 -9.968215e+49 1.132252e+48 -1.027070e+44 -1.230816e+43 9.827377e+43 -2.685603e+43 3.364277e+43 -2.409106e+44 4.727529e+44 -5.826911e+43 2.962501e+41 -1.178217e+37 -8.274292e+33 4.544933e+38 -1.191635e+41 5.521391e+42 -3.400318e+43 1.308521e+43 -4.391269e+40 -2.770741e+43 8.094797e+44 -2.476718e+45 1.586677e+45 -7.295155e+44 5.606171e+44 -2.097378e+44 3.440870e+45 -2.295288e+49 2.116668e+51 -4.848557e+51 8.086282e+50 -1.662730e+49 2.470295e+47 -4.073554e+46 
1.048582e+49 -1.025342e+49 3.304590e+48 1.563931e+51 -7.016590e+52 8.377612e+52 -6.674655e+51 9.742700e+49 -5.177622e+47 8.674178e+45 -2.507011e+45 2.645515e+45 -2.828285e+44 -1.901438e+43 1.642708e+44 -4.887607e+44 1.360636e+44 -2.395696e+42 8.068499e+38 4.352458e+34 -1.453890e+40 4.999838e+42 -2.090086e+44 1.396801e+45 -1.107398e+45 7.272568e+43 1.024744e+43 -3.987229e+44 1.523895e+45 -6.912025e+44 6.620428e+43 -1.652065e+43 2.179281e+45 -5.800389e+49 1.334251e+53 -5.689841e+54 5.695642e+54 -2.521314e+53 6.898256e+50 -1.669027e+48 1.607907e+47 
-3.865336e+46 4.244554e+46 8.020402e+49 -3.882774e+53 2.611113e+55 -6.158831e+55 9.410287e+54 -1.120863e+53 2.695433e+50 -2.163962e+48 3.184419e+47 -1.931808e+47 1.285568e+46 2.510256e+41 -4.042137e+43 5.315839e+44 -9.698754e+44 6.121435e+43 -1.286966e+41 -5.984026e+34 6.600548e+40 -3.104585e+43 1.265814e+45 -9.015016e+45 1.096162e+46 -2.162333e+45 7.022749e+43 7.878164e+43 -4.866908e+44 1.958435e+44 -2.531845e+42 1.393306e+44 -4.735073e+48 6.734408e+52 -5.209439e+55 8.512375e+56 -4.172195e+56 8.446011e+54 -6.872580e+51 4.005276e+48 -2.328071e+47 
-1.920391e+44 7.449112e+46 -1.906264e+51 7.543432e+54 -6.681769e+56 2.872926e+57 -8.681524e+56 1.206617e+55 -1.449095e+52 3.649748e+49 -2.442800e+48 9.837959e+47 -5.026521e+46 8.073060e+42 2.241211e+42 -1.825989e+45 6.264625e+45 -6.194166e+44 3.341132e+42 -6.792840e+37 -1.025203e+41 6.237784e+43 -2.555974e+45 1.901654e+46 -2.974375e+46 1.069963e+46 -1.076435e+45 4.385562e+43 4.831317e+43 -2.334440e+43 1.170543e+41 -1.049804e+46 5.127526e+50 -5.355218e+54 1.786878e+57 -1.360538e+58 4.019511e+57 -5.524433e+55 2.698266e+52 -5.437349e+48 1.574786e+47 
1.542450e+46 -1.289891e+48 1.065332e+52 -3.085909e+55 3.154685e+57 -2.094718e+58 1.058254e+58 -1.859487e+56 1.506675e+53 -1.430695e+50 5.023104e+48 -1.554161e+48 6.748865e+46 -8.828333e+42 -4.439603e+42 4.665048e+45 -1.583441e+46 1.943791e+45 -1.831470e+43 3.603221e+39 6.594295e+40 -5.433548e+43 2.271121e+45 -1.763210e+46 3.415680e+46 -1.870303e+46 3.470511e+45 -4.115425e+44 5.213686e+43 3.596257e+40 -4.106742e+40 1.440705e+47 -7.503326e+51 5.373735e+55 -1.021179e+58 4.862529e+58 -1.072607e+58 1.246276e+56 -5.408132e+52 7.618572e+48 -1.104024e+47 
-1.303022e+47 5.868650e+48 -2.259342e+52 4.919704e+55 -5.477745e+57 4.881737e+58 -3.451444e+58 7.567967e+56 -5.505554e+53 2.461113e+50 -4.248369e+48 9.708230e+47 -3.544626e+46 3.540597e+42 1.277268e+43 -5.594910e+45 1.779632e+46 -2.552486e+45 3.486006e+43 -1.970272e+40 -1.444384e+40 1.978023e+43 -8.658381e+44 7.098946e+45 -1.742428e+46 1.440561e+46 -4.643315e+45 1.348830e+45 -4.256993e+44 3.956459e+42 5.826827e+40 -7.408235e+47 2.844847e+52 -1.419206e+56 1.929494e+58 -6.820539e+58 1.213889e+58 -1.278320e+56 6.136949e+52 -1.569918e+49 4.265375e+47 
2.896316e+47 -1.001168e+49 2.244744e+52 -3.594622e+55 4.294112e+57 -5.052821e+58 4.736133e+58 -1.271086e+57 9.761466e+53 -2.377215e+50 1.425871e+48 -1.871990e+47 4.685718e+45 7.353248e+42 -1.638290e+43 3.025104e+45 -8.883977e+45 1.494572e+45 -2.908268e+43 3.363339e+40 4.086690e+38 -1.989992e+42 1.011389e+44 -9.117531e+44 3.160431e+45 -4.602763e+45 3.412313e+45 -7.555474e+45 4.060815e+45 -1.384163e+43 -4.874824e+41 1.899661e+48 -4.392639e+52 1.556699e+56 -1.571381e+58 4.207690e+58 -6.092165e+57 6.103450e+55 -4.027602e+52 2.410647e+49 -1.036760e+48 
-2.630663e+47 7.567801e+48 -1.051178e+52 1.135874e+55 -1.458962e+57 2.391753e+58 -3.024968e+58 1.024845e+57 -9.575160e+53 1.667585e+50 -1.218911e+47 3.312023e+45 6.860408e+44 -6.957166e+44 1.599796e+43 -5.694237e+44 1.479817e+45 -3.198681e+44 9.991975e+42 -2.348122e+40 1.477464e+36 2.942015e+40 -2.264753e+42 2.429699e+43 -1.343732e+44 4.808170e+44 -1.644052e+46 3.307022e+47 -8.868110e+46 4.790369e+43 2.387756e+42 -2.704523e+48 3.144035e+52 -7.304574e+55 5.173944e+57 -9.673190e+57 1.080844e+57 -1.158856e+55 1.461808e+52 -2.006486e+49 1.147768e+48 
9.377416e+46 -2.293885e+48 1.949222e+51 -1.276413e+54 1.743371e+56 -4.365225e+57 8.189541e+57 -3.904340e+56 5.527419e+53 -1.203436e+50 5.116756e+45 -2.658927e+41 -1.114262e+46 1.189349e+46 -6.751778e+43 1.757521e+43 -3.800501e+43 1.275317e+43 -8.511384e+41 5.769645e+39 -1.956738e+36 4.605972e+37 2.947422e+39 -8.325286e+40 1.054829e+42 -2.985754e+44 2.567828e+47 -5.932970e+48 1.025704e+48 -2.063108e+44 -5.293502e+42 2.256795e+48 -9.652445e+51 1.058005e+55 -4.144168e+56 4.953190e+56 -4.728653e+55 7.576446e+53 -2.577857e+51 7.928063e+48 -5.669823e+47 
-6.406619e+45 1.541915e+47 -1.071692e+50 5.403346e+52 -8.139024e+54 2.819393e+56 -7.921441e+56 6.500208e+55 -2.114450e+53 9.767484e+49 -1.424765e+45 -2.819869e+42 4.214214e+46 -4.691232e+46 2.363752e+44 -4.664966e+40 4.199471e+40 -1.950995e+40 6.283340e+39 -1.975213e+38 1.097672e+36 -2.628205e+38 9.413269e+39 -6.353075e+38 -3.372702e+39 9.786471e+44 -1.027085e+48 2.402127e+49 -3.684393e+48 5.577622e+44 6.795478e+42 -1.202436e+48 9.590587e+50 -2.487348e+53 4.141242e+54 -3.673689e+54 4.747766e+53 -1.816389e+52 1.806157e+50 -1.111092e+48 9.495583e+46 
2.895566e+43 -1.639359e+45 3.145415e+48 -2.763216e+51 5.472377e+53 -2.085628e+55 7.435312e+55 -1.200699e+55 1.066928e+53 -8.918706e+49 1.215675e+45 4.260955e+42 -6.295671e+46 7.078675e+46 -3.512520e+44 5.310602e+38 9.946247e+38 -1.153144e+40 1.107331e+38 3.032424e+35 -4.454302e+35 3.969963e+38 -1.466682e+40 1.006217e+39 8.803256e+38 -1.443734e+45 1.556007e+48 -3.646730e+49 5.449357e+48 -7.750974e+44 -6.870487e+42 7.178487e+47 -5.781298e+49 1.233913e+51 -6.086974e+51 6.179108e+51 -2.641968e+51 4.356284e+50 -1.078392e+49 8.622899e+46 -6.731504e+45 
