9.048374e-01 8.936974e-01 8.605515e-01 8.062160e-01 7.320288e-01 6.398167e-01 5.318501e-01 4.107876e-01 2.796101e-01 1.415477e-01 -3.955170e-08 -1.415478e-01 -2.796102e-01 -4.107876e-01 -5.318501e-01 -6.398167e-01 -7.320289e-01 -8.062161e-01 -8.605515e-01 -8.936974e-01 -9.048374e-01 
8.936974e-01 8.826945e-01 8.499567e-01 7.962902e-01 7.230163e-01 6.319395e-01 5.253021e-01 4.057301e-01 2.761676e-01 1.398050e-01 -3.906475e-08 -1.398051e-01 -2.761677e-01 -4.057302e-01 -5.253022e-01 -6.319395e-01 -7.230164e-01 -7.962902e-01 -8.499567e-01 -8.826945e-01 -8.936974e-01 
8.605515e-01 8.499567e-01 8.184331e-01 7.667570e-01 6.962008e-01 6.085018e-01 5.058195e-01 3.906822e-01 2.659250e-01 1.346199e-01 -3.761590e-08 -1.346200e-01 -2.659251e-01 -3.906823e-01 -5.058195e-01 -6.085019e-01 -6.962008e-01 -7.667570e-01 -8.184332e-01 -8.499567e-01 -8.605515e-01 
8.062160e-01 7.962902e-01 7.667570e-01 7.183437e-01 6.522425e-01 5.700808e-01 4.738819e-01 3.660144e-01 2.491344e-01 1.261199e-01 -3.524082e-08 -1.261200e-01 -2.491345e-01 -3.660145e-01 -4.738819e-01 -5.700809e-01 -6.522425e-01 -7.183438e-01 -7.667570e-01 -7.962902e-01 -8.062160e-01 
7.320288e-01 7.230163e-01 6.962008e-01 6.522425e-01 5.922238e-01 5.176225e-01 4.302757e-01 3.323341e-01 2.262093e-01 1.145145e-01 -3.199800e-08 -1.145146e-01 -2.262094e-01 -3.323342e-01 -4.302758e-01 -5.176226e-01 -5.922238e-01 -6.522425e-01 -6.962008e-01 -7.230164e-01 -7.320288e-01 
6.398167e-01 6.319395e-01 6.085018e-01 5.700808e-01 5.176225e-01 4.524187e-01 3.760748e-01 2.904707e-01 1.977142e-01 1.000894e-01 -2.796728e-08 -1.000894e-01 -1.977143e-01 -2.904707e-01 -3.760748e-01 -4.524187e-01 -5.176226e-01 -5.700808e-01 -6.085018e-01 -6.319395e-01 -6.398167e-01 
5.318501e-01 5.253021e-01 5.058195e-01 4.738819e-01 4.302757e-01 3.760748e-01 3.126136e-01 2.414549e-01 1.643507e-01 8.319966e-02 -2.324791e-08 -8.319971e-02 -1.643507e-01 -2.414549e-01 -3.126137e-01 -3.760748e-01 -4.302758e-01 -4.738819e-01 -5.058195e-01 -5.253021e-01 -5.318501e-01 
4.107876e-01 4.057301e-01 3.906822e-01 3.660144e-01 3.323341e-01 2.904707e-01 2.414549e-01 1.864936e-01 1.269403e-01 6.426132e-02 -1.795610e-08 -6.426135e-02 -1.269404e-01 -1.864937e-01 -2.414549e-01 -2.904707e-01 -3.323341e-01 -3.660144e-01 -3.906822e-01 -4.057301e-01 -4.107876e-01 
2.796101e-01 2.761676e-01 2.659250e-01 2.491344e-01 2.262093e-01 1.977142e-01 1.643507e-01 1.269403e-01 8.640427e-02 4.374065e-02 -1.222215e-08 -4.374067e-02 -8.640429e-02 -1.269403e-01 -1.643507e-01 -1.977142e-01 -2.262093e-01 -2.491344e-01 -2.659250e-01 -2.761676e-01 -2.796101e-01 
1.415477e-01 1.398050e-01 1.346199e-01 1.261199e-01 1.145145e-01 1.000894e-01 8.319966e-02 6.426132e-02 4.374065e-02 2.214294e-02 -6.187248e-09 -2.214295e-02 -4.374066e-02 -6.426133e-02 -8.319967e-02 -1.000894e-01 -1.145145e-01 -1.261199e-01 -1.346199e-01 -1.398050e-01 -1.415477e-01 
-3.955170e-08 -3.906475e-08 -3.761590e-08 -3.524082e-08 -3.199800e-08 -2.796728e-08 -2.324791e-08 -1.795610e-08 -1.222215e-08 -6.187248e-09 1.728860e-15 6.187251e-09 1.222215e-08 1.795610e-08 2.324791e-08 2.796728e-08 3.199800e-08 3.524083e-08 3.761590e-08 3.906475e-08 3.955170e-08 
-1.415478e-01 -1.398051e-01 -1.346200e-01 -1.261200e-01 -1.145146e-01 -1.000894e-01 -8.319971e-02 -6.426135e-02 -4.374067e-02 -2.214295e-02 6.187251e-09 2.214296e-02 4.374068e-02 6.426136e-02 8.319972e-02 1.000894e-01 1.145146e-01 1.261200e-01 1.346200e-01 1.398051e-01 1.415478e-01 
-2.796102e-01 -2.761677e-01 -2.659251e-01 -2.491345e-01 -2.262094e-01 -1.977143e-01 -1.643507e-01 -1.269404e-01 -8.640429e-02 -4.374066e-02 1.222215e-08 4.374068e-02 8.640431e-02 1.269404e-01 1.643508e-01 1.977143e-01 2.262094e-01 2.491345e-01 2.659251e-01 2.761677e-01 2.796102e-01 
-4.107876e-01 -4.057302e-01 -3.906823e-01 -3.660145e-01 -3.323342e-01 -2.904707e-01 -2.414549e-01 -1.864937e-01 -1.269403e-01 -6.426133e-02 1.795610e-08 6.426136e-02 1.269404e-01 1.864937e-01 2.414549e-01 2.904707e-01 3.323342e-01 3.660145e-01 3.906823e-01 4.057302e-01 4.107876e-01 
-5.318501e-01 -5.253022e-01 -5.058195e-01 -4.738819e-01 -4.302758e-01 -3.760748e-01 -3.126137e-01 -2.414549e-01 -1.643507e-01 -8.319967e-02 2.324791e-08 8.319972e-02 1.643508e-01 2.414549e-01 3.126137e-01 3.760749e-01 4.302758e-01 4.738820e-01 5.058195e-01 5.253022e-01 5.318501e-01 
-6.398167e-01 -6.319395e-01 -6.085019e-01 -5.700809e-01 -5.176226e-01 -4.524187e-01 -3.760748e-01 -2.904707e-01 -1.977142e-01 -1.000894e-01 2.796728e-08 1.000894e-01 1.977143e-01 2.904707e-01 3.760749e-01 4.524188e-01 5.176226e-01 5.700809e-01 6.085019e-01 6.319395e-01 6.398167e-01 
-7.320289e-01 -7.230164e-01 -6.962008e-01 -6.522425e-01 -5.922238e-01 -5.176226e-01 -4.302758e-01 -3.323341e-01 -2.262093e-01 -1.145145e-01 3.199800e-08 1.145146e-01 2.262094e-01 3.323342e-01 4.302758e-01 5.176226e-01 5.922238e-01 6.522425e-01 6.962009e-01 7.230164e-01 7.320289e-01 
-8.062161e-01 -7.962902e-01 -7.667570e-01 -7.183438e-01 -6.522425e-01 -5.700808e-01 -4.738819e-01 -3.660144e-01 -2.491344e-01 -1.261199e-01 3.524083e-08 1.261200e-01 2.491345e-01 3.660145e-01 4.738820e-01 5.700809e-01 6.522425e-01 7.183438e-01 7.667571e-01 7.962902e-01 8.062161e-01 
-8.605515e-01 -8.499567e-01 -8.184332e-01 -7.667570e-01 -6.962008e-01 -6.085018e-01 -5.058195e-01 -3.906822e-01 -2.659250e-01 -1.346199e-01 3.761590e-08 1.346200e-01 2.659251e-01 3.906823e-01 5.058195e-01 6.085019e-01 6.962009e-01 7.667571e-01 8.184332e-01 8.499567e-01 8.605515e-01 
-8.936974e-01 -8.826945e-01 -8.499567e-01 -7.962902e-01 -7.230164e-01 -6.319395e-01 -5.253021e-01 -4.057301e-01 -2.761676e-01 -1.398050e-01 3.906475e-08 1.398051e-01 2.761677e-01 4.057302e-01 5.253022e-01 6.319395e-01 7.230164e-01 7.962902e-01 8.499567e-01 8.826945e-01 8.936974e-01 
-9.048374e-01 -8.936974e-01 -8.605515e-01 -8.062160e-01 -7.320288e-01 -6.398167e-01 -5.318501e-01 -4.107876e-01 -2.796101e-01 -1.415477e-01 3.955170e-08 1.415478e-01 2.796102e-01 4.107876e-01 5.318501e-01 6.398167e-01 7.320289e-01 8.062161e-01 8.605515e-01 8.936974e-01 9.048374e-01 
