9.065532e-01 8.953906e-01 8.621774e-01 8.077301e-01 7.333875e-01 6.409778e-01 5.327735e-01 4.114358e-01 2.799494e-01 1.415492e-01 -3.591795e-04 -1.422832e-01 -2.807292e-01 -4.122879e-01 -5.337187e-01 -6.420289e-01 -7.345472e-01 -8.089903e-01 -8.635191e-01 -8.967856e-01 -9.079667e-01 
8.953889e-01 8.843637e-01 8.515594e-01 7.977825e-01 7.243552e-01 6.330832e-01 5.262111e-01 4.063673e-01 2.764997e-01 1.398034e-01 -3.578923e-04 -1.405346e-01 -2.772761e-01 -4.072150e-01 -5.271507e-01 -6.341271e-01 -7.255062e-01 -7.990324e-01 -8.528896e-01 -8.857464e-01 -8.967897e-01 
8.621705e-01 8.515543e-01 8.199667e-01 7.681843e-01 6.974804e-01 6.095937e-01 5.066853e-01 3.912863e-01 2.662353e-01 1.346088e-01 -3.541526e-04 -1.353320e-01 -2.670018e-01 -3.921214e-01 -5.076085e-01 -6.106168e-01 -6.986060e-01 -7.694045e-01 -8.212635e-01 -8.529010e-01 -8.635346e-01 
8.077151e-01 7.977692e-01 7.681762e-01 7.196636e-01 6.534242e-01 5.710868e-01 4.746763e-01 3.665638e-01 2.494086e-01 1.260931e-01 -3.483162e-04 -1.268037e-01 -2.501598e-01 -3.673792e-01 -4.755740e-01 -5.720777e-01 -6.545103e-01 -7.208374e-01 -7.694210e-01 -7.990602e-01 -8.090221e-01 
7.333619e-01 7.243314e-01 6.974618e-01 6.534137e-01 5.932701e-01 5.185099e-01 4.309715e-01 3.328078e-01 2.264334e-01 1.144655e-01 -3.409414e-04 -1.151601e-01 -2.271653e-01 -3.335982e-01 -4.318369e-01 -5.194599e-01 -5.943064e-01 -6.545292e-01 -6.986413e-01 -7.255525e-01 -7.345974e-01 
6.409399e-01 6.330471e-01 6.095628e-01 5.710642e-01 5.184978e-01 4.531562e-01 3.766459e-01 2.908487e-01 1.978748e-01 1.000116e-01 -3.327397e-04 -1.006886e-01 -1.985851e-01 -2.916113e-01 -3.774754e-01 -4.540608e-01 -5.194789e-01 -5.721153e-01 -6.106702e-01 -6.341910e-01 -6.420964e-01 
5.327225e-01 5.261619e-01 5.066414e-01 4.746409e-01 4.309468e-01 3.766334e-01 3.130361e-01 2.417186e-01 1.644352e-01 8.308688e-02 -3.245097e-04 -8.374600e-02 -1.651237e-01 -2.424533e-01 -3.138294e-01 -3.774926e-01 -4.318727e-01 -4.756276e-01 -5.076769e-01 -5.272290e-01 -5.338005e-01 
4.113719e-01 4.063052e-01 3.912298e-01 3.665160e-01 3.327710e-01 2.908244e-01 2.417069e-01 1.866263e-01 1.269370e-01 6.410727e-02 -3.170605e-04 -6.475028e-02 -1.276059e-01 -1.873357e-01 -2.424676e-01 -2.916424e-01 -3.336470e-01 -3.674447e-01 -3.922006e-01 -4.073033e-01 -4.123793e-01 
2.798737e-01 2.764259e-01 2.661674e-01 2.493498e-01 2.263861e-01 1.978404e-01 1.644137e-01 1.269274e-01 8.630308e-02 4.353956e-02 -3.111311e-04 -4.416973e-02 -8.695626e-02 -1.276166e-01 -1.651483e-01 -1.986257e-01 -2.272225e-01 -2.502325e-01 -2.670871e-01 -2.773695e-01 -2.808254e-01 
1.414636e-01 1.397200e-01 1.345316e-01 1.260255e-01 1.144100e-01 9.996972e-02 8.305849e-02 6.409114e-02 4.353321e-02 2.188969e-02 -3.073140e-04 -2.251161e-02 -4.417629e-02 -6.476726e-02 -8.377638e-02 -1.007341e-01 -1.152210e-01 -1.268788e-01 -1.354185e-01 -1.406285e-01 -1.423797e-01 
-4.519467e-04 -4.483353e-04 -4.378669e-04 -4.215978e-04 -4.011584e-04 -3.785780e-04 -3.560743e-04 -3.358347e-04 -3.198097e-04 -3.095350e-04 -3.059924e-04 -3.095197e-04 -3.197795e-04 -3.357904e-04 -3.560169e-04 -3.785089e-04 -4.010793e-04 -4.215105e-04 -4.377735e-04 -4.482383e-04 -4.518494e-04 
-1.423798e-01 -1.406286e-01 -1.354186e-01 -1.268789e-01 -1.152211e-01 -1.007341e-01 -8.377642e-02 -6.476729e-02 -4.417631e-02 -2.251161e-02 -3.072992e-04 2.188972e-02 4.353325e-02 6.409120e-02 8.305856e-02 9.996980e-02 1.144101e-01 1.260256e-01 1.345317e-01 1.397201e-01 1.414637e-01 
-2.808255e-01 -2.773695e-01 -2.670871e-01 -2.502326e-01 -2.272226e-01 -1.986258e-01 -1.651483e-01 -1.276166e-01 -8.695626e-02 -4.416972e-02 -3.111019e-04 4.353960e-02 8.630314e-02 1.269275e-01 1.644138e-01 1.978404e-01 2.263862e-01 2.493499e-01 2.661675e-01 2.764261e-01 2.798738e-01 
-4.123794e-01 -4.073033e-01 -3.922007e-01 -3.674447e-01 -3.336471e-01 -2.916425e-01 -2.424676e-01 -1.873357e-01 -1.276059e-01 -6.475025e-02 -3.170176e-04 6.410733e-02 1.269371e-01 1.866264e-01 2.417070e-01 2.908245e-01 3.327712e-01 3.665161e-01 3.912299e-01 4.063053e-01 4.113720e-01 
-5.338005e-01 -5.272290e-01 -5.076770e-01 -4.756276e-01 -4.318727e-01 -3.774926e-01 -3.138294e-01 -2.424533e-01 -1.651237e-01 -8.374596e-02 -3.244542e-04 8.308695e-02 1.644352e-01 2.417187e-01 3.130362e-01 3.766335e-01 4.309469e-01 4.746410e-01 5.066416e-01 5.261620e-01 5.327226e-01 
-6.420965e-01 -6.341910e-01 -6.106702e-01 -5.721153e-01 -5.194789e-01 -4.540608e-01 -3.774754e-01 -2.916113e-01 -1.985850e-01 -1.006885e-01 -3.326729e-04 1.000117e-01 1.978749e-01 2.908488e-01 3.766460e-01 4.531563e-01 5.184980e-01 5.710643e-01 6.095629e-01 6.330473e-01 6.409401e-01 
-7.345974e-01 -7.255525e-01 -6.986413e-01 -6.545293e-01 -5.943064e-01 -5.194599e-01 -4.318369e-01 -3.335982e-01 -2.271652e-01 -1.151600e-01 -3.408650e-04 1.144656e-01 2.264335e-01 3.328079e-01 4.309716e-01 5.185100e-01 5.932702e-01 6.534138e-01 6.974619e-01 7.243315e-01 7.333621e-01 
-8.090222e-01 -7.990603e-01 -7.694210e-01 -7.208374e-01 -6.545103e-01 -5.720776e-01 -4.755740e-01 -3.673791e-01 -2.501598e-01 -1.268036e-01 -3.482320e-04 1.260932e-01 2.494087e-01 3.665639e-01 4.746764e-01 5.710869e-01 6.534243e-01 7.196637e-01 7.681763e-01 7.977694e-01 8.077152e-01 
-8.635346e-01 -8.529011e-01 -8.212635e-01 -7.694045e-01 -6.986060e-01 -6.106168e-01 -5.076085e-01 -3.921214e-01 -2.670018e-01 -1.353319e-01 -3.540619e-04 1.346089e-01 2.662354e-01 3.912864e-01 5.066854e-01 6.095938e-01 6.974806e-01 7.681844e-01 8.199668e-01 8.515544e-01 8.621707e-01 
-8.967897e-01 -8.857464e-01 -8.528897e-01 -7.990324e-01 -7.255062e-01 -6.341271e-01 -5.271506e-01 -4.072150e-01 -2.772760e-01 -1.405346e-01 -3.578042e-04 1.398035e-01 2.764998e-01 4.063674e-01 5.262112e-01 6.330834e-01 7.243554e-01 7.977826e-01 8.515595e-01 8.843639e-01 8.953890e-01 
-9.079667e-01 -8.967856e-01 -8.635191e-01 -8.089902e-01 -7.345472e-01 -6.420288e-01 -5.337187e-01 -4.122878e-01 -2.807291e-01 -1.422831e-01 -3.590772e-04 1.415493e-01 2.799495e-01 4.114359e-01 5.327736e-01 6.409780e-01 7.333877e-01 8.077302e-01 8.621775e-01 8.953908e-01 9.065533e-01 
