9.051609e-01 9.023705e-01 8.940164e-01 8.801501e-01 8.608570e-01 8.362560e-01 8.064987e-01 7.717685e-01 7.322793e-01 6.882744e-01 6.400251e-01 5.878286e-01 5.320066e-01 4.729031e-01 4.108823e-01 3.463265e-01 2.796335e-01 2.112144e-01 1.414910e-01 7.089302e-02 -1.443673e-04 -7.118320e-02 -1.417855e-01 -2.115160e-01 -2.799448e-01 -3.466498e-01 -4.112198e-01 -4.732566e-01 -5.323774e-01 -5.882178e-01 -6.404332e-01 -6.887016e-01 -7.327250e-01 -7.722320e-01 -8.069787e-01 -8.367507e-01 -8.613643e-01 -8.806676e-01 -8.945414e-01 -9.029001e-01 -9.056920e-01 
9.023704e-01 8.995886e-01 8.912602e-01 8.774366e-01 8.582030e-01 8.336779e-01 8.040124e-01 7.693892e-01 7.300217e-01 6.861525e-01 6.380519e-01 5.860163e-01 5.303664e-01 4.714450e-01 4.096154e-01 3.452586e-01 2.787712e-01 2.105631e-01 1.410546e-01 7.067421e-02 -1.441870e-04 -7.096403e-02 -1.413487e-01 -2.108642e-01 -2.790820e-01 -3.455815e-01 -4.099524e-01 -4.717979e-01 -5.307365e-01 -5.864048e-01 -6.384592e-01 -6.865787e-01 -7.304665e-01 -7.698516e-01 -8.044912e-01 -8.341715e-01 -8.587092e-01 -8.779529e-01 -8.917839e-01 -9.001169e-01 -9.029002e-01 
8.940160e-01 8.912599e-01 8.830087e-01 8.693131e-01 8.502575e-01 8.259594e-01 7.965685e-01 7.622658e-01 7.232628e-01 6.797997e-01 6.321444e-01 5.805905e-01 5.254557e-01 4.670799e-01 4.058226e-01 3.420616e-01 2.761897e-01 2.086130e-01 1.397480e-01 7.001915e-02 -1.436506e-04 -7.030787e-02 -1.400410e-01 -2.089129e-01 -2.764992e-01 -3.423830e-01 -4.061580e-01 -4.674309e-01 -5.258239e-01 -5.809767e-01 -6.325493e-01 -6.802233e-01 -7.237047e-01 -7.627252e-01 -7.970441e-01 -8.264495e-01 -8.507601e-01 -8.698257e-01 -8.835286e-01 -8.917844e-01 -8.945420e-01 
8.801492e-01 8.774359e-01 8.693126e-01 8.558294e-01 8.370694e-01 8.131481e-01 7.842130e-01 7.504424e-01 7.120442e-01 6.692552e-01 6.223390e-01 5.715846e-01 5.173050e-01 4.598344e-01 3.995273e-01 3.367551e-01 2.719049e-01 2.053762e-01 1.375792e-01 6.893184e-02 -1.427713e-04 -6.921879e-02 -1.378703e-01 -2.056742e-01 -2.722122e-01 -3.370741e-01 -3.998600e-01 -4.601826e-01 -5.176699e-01 -5.719673e-01 -6.227399e-01 -6.696745e-01 -7.124815e-01 -7.508968e-01 -7.846833e-01 -8.136327e-01 -8.375661e-01 -8.563360e-01 -8.698264e-01 -8.779541e-01 -8.806689e-01 
8.608555e-01 8.582016e-01 8.502564e-01 8.370687e-01 8.187199e-01 7.953230e-01 7.670221e-01 7.339916e-01 6.964351e-01 6.545840e-01 6.086961e-01 5.590542e-01 5.059643e-01 4.497535e-01 3.907681e-01 3.293719e-01 2.659431e-01 2.008726e-01 1.345617e-01 6.741900e-02 -1.415707e-04 -6.770350e-02 -1.348503e-01 -2.011679e-01 -2.662474e-01 -3.296876e-01 -3.910972e-01 -4.500976e-01 -5.063248e-01 -5.594320e-01 -6.090916e-01 -6.549974e-01 -6.968660e-01 -7.344392e-01 -7.674851e-01 -7.957999e-01 -8.192087e-01 -8.375670e-01 -8.507617e-01 -8.587112e-01 -8.613665e-01 
8.362537e-01 8.336757e-01 8.259575e-01 8.131467e-01 7.953222e-01 7.725938e-01 7.451016e-01 7.130150e-01 6.765317e-01 6.358764e-01 5.912998e-01 5.430765e-01 4.915036e-01 4.368990e-01 3.795992e-01 3.199574e-01 2.583411e-01 1.951300e-01 1.307140e-01 6.548990e-02 -1.400783e-04 -6.577138e-02 -1.309994e-01 -1.954219e-01 -2.586417e-01 -3.202691e-01 -3.799238e-01 -4.372382e-01 -4.918586e-01 -5.434481e-01 -5.916886e-01 -6.362825e-01 -6.769547e-01 -7.134541e-01 -7.455557e-01 -7.730612e-01 -7.958010e-01 -8.136347e-01 -8.264523e-01 -8.341747e-01 -8.367541e-01 
8.064955e-01 8.040092e-01 7.965656e-01 7.842106e-01 7.670203e-01 7.451007e-01 7.185867e-01 6.876417e-01 6.524565e-01 6.132479e-01 5.702573e-01 5.237498e-01 4.740120e-01 4.213503e-01 3.660893e-01 3.085696e-01 2.491457e-01 1.881838e-01 1.260597e-01 6.315644e-02 -1.383310e-04 -6.343437e-02 -1.263414e-01 -1.884717e-01 -2.494421e-01 -3.088766e-01 -3.664087e-01 -4.216836e-01 -4.743605e-01 -5.241143e-01 -5.706383e-01 -6.136454e-01 -6.528703e-01 -6.880709e-01 -7.190302e-01 -7.455570e-01 -7.674876e-01 -7.846867e-01 -7.970482e-01 -8.044957e-01 -8.069834e-01 
7.717641e-01 7.693849e-01 7.622618e-01 7.504389e-01 7.339888e-01 7.130130e-01 6.876407e-01 6.580282e-01 6.243581e-01 5.868377e-01 5.456983e-01 5.011934e-01 4.535973e-01 4.032032e-01 3.503217e-01 2.952787e-01 2.384136e-01 1.800767e-01 1.206277e-01 6.043295e-02 -1.363717e-04 -6.070690e-02 -1.209052e-01 -1.803602e-01 -2.387051e-01 -2.955804e-01 -3.506351e-01 -4.035299e-01 -4.539385e-01 -5.015499e-01 -5.460705e-01 -5.872257e-01 -6.247615e-01 -6.584463e-01 -6.880724e-01 -7.134569e-01 -7.344431e-01 -7.509016e-01 -7.627307e-01 -7.698576e-01 -7.722381e-01 
7.322737e-01 7.300162e-01 7.232576e-01 7.120395e-01 6.964311e-01 6.765285e-01 6.524543e-01 6.243569e-01 5.924094e-01 5.568087e-01 5.177741e-01 4.755462e-01 4.303852e-01 3.825694e-01 3.323935e-01 2.801667e-01 2.262109e-01 1.708587e-01 1.144512e-01 5.733619e-02 -1.342486e-04 -5.760584e-02 -1.147243e-01 -1.711373e-01 -2.264972e-01 -2.804626e-01 -3.327006e-01 -3.828891e-01 -4.307186e-01 -4.758940e-01 -5.181368e-01 -5.571863e-01 -5.928016e-01 -6.247630e-01 -6.528732e-01 -6.769589e-01 -6.968714e-01 -7.124878e-01 -7.237117e-01 -7.304739e-01 -7.327326e-01 
6.882676e-01 6.861458e-01 6.797933e-01 6.692492e-01 6.545787e-01 6.358720e-01 6.132444e-01 5.868353e-01 5.568075e-01 5.233459e-01 4.866568e-01 4.469663e-01 4.045189e-01 3.595762e-01 3.124152e-01 2.633265e-01 2.126128e-01 1.605865e-01 1.075684e-01 5.388522e-02 -1.320140e-04 -5.415033e-02 -1.078367e-01 -1.608601e-01 -2.128936e-01 -2.636163e-01 -3.127155e-01 -3.598884e-01 -4.048440e-01 -4.473050e-01 -4.870095e-01 -5.237126e-01 -5.571878e-01 -5.872287e-01 -6.136499e-01 -6.362883e-01 -6.550043e-01 -6.696823e-01 -6.802318e-01 -6.865876e-01 -6.887106e-01 
6.400170e-01 6.380439e-01 6.321366e-01 6.223317e-01 6.086895e-01 5.912940e-01 5.702525e-01 5.456946e-01 5.177716e-01 4.866555e-01 4.525381e-01 4.156297e-01 3.761576e-01 3.343652e-01 2.905099e-01 2.448621e-01 1.977030e-01 1.493235e-01 1.000216e-01 5.010127e-02 -1.297228e-04 -5.036173e-02 -1.002851e-01 -1.495919e-01 -1.979782e-01 -2.451457e-01 -2.908034e-01 -3.346698e-01 -3.764743e-01 -4.159591e-01 -4.528806e-01 -4.870110e-01 -5.181399e-01 -5.460751e-01 -5.706443e-01 -5.916960e-01 -6.091000e-01 -6.227492e-01 -6.325592e-01 -6.384696e-01 -6.404437e-01 
5.878192e-01 5.860069e-01 5.805814e-01 5.715760e-01 5.590463e-01 5.430694e-01 5.237437e-01 5.011884e-01 4.755424e-01 4.469637e-01 4.156284e-01 3.817297e-01 3.454763e-01 3.070918e-01 2.668126e-01 2.248871e-01 1.815736e-01 1.371390e-01 9.185732e-02 4.600763e-02 -1.274314e-04 -4.626344e-02 -9.211594e-02 -1.374022e-01 -1.818431e-01 -2.251645e-01 -2.670992e-01 -3.073887e-01 -3.457845e-01 -3.820497e-01 -4.159606e-01 -4.473080e-01 -4.758987e-01 -5.015560e-01 -5.241218e-01 -5.434569e-01 -5.594418e-01 -5.719780e-01 -5.809882e-01 -5.864166e-01 -5.882298e-01 
5.319958e-01 5.303557e-01 5.254453e-01 5.172951e-01 5.059551e-01 4.914952e-01 4.740046e-01 4.535909e-01 4.303801e-01 4.045150e-01 3.761550e-01 3.454750e-01 3.126640e-01 2.779241e-01 2.414694e-01 2.035247e-01 1.643237e-01 1.241082e-01 8.312588e-02 4.162949e-02 -1.251962e-04 -4.188076e-02 -8.337976e-02 -1.243663e-01 -1.645878e-01 -2.037960e-01 -2.417493e-01 -2.782136e-01 -3.129639e-01 -3.457859e-01 -3.764772e-01 -4.048485e-01 -4.307246e-01 -4.539460e-01 -4.743694e-01 -4.918687e-01 -5.063360e-01 -5.176820e-01 -5.258366e-01 -5.307496e-01 -5.323907e-01 
4.728910e-01 4.714331e-01 4.670682e-01 4.598233e-01 4.497430e-01 4.368893e-01 4.213416e-01 4.031956e-01 3.825630e-01 3.595710e-01 3.343614e-01 3.070893e-01 2.779228e-01 2.470418e-01 2.146365e-01 1.809065e-01 1.460598e-01 1.103112e-01 7.388103e-02 3.699380e-02 -1.230722e-04 -3.724076e-02 -7.413042e-02 -1.105646e-01 -1.463186e-01 -1.811721e-01 -2.149100e-01 -2.473242e-01 -2.782149e-01 -3.073915e-01 -3.346741e-01 -3.598942e-01 -3.828964e-01 -4.035387e-01 -4.216938e-01 -4.372495e-01 -4.501100e-01 -4.601959e-01 -4.674448e-01 -4.718122e-01 -4.732710e-01 
4.108690e-01 4.096023e-01 4.058098e-01 3.995149e-01 3.907564e-01 3.795884e-01 3.660794e-01 3.503129e-01 3.323859e-01 3.124089e-01 2.905049e-01 2.668090e-01 2.414671e-01 2.146353e-01 1.864791e-01 1.571719e-01 1.268945e-01 9.583323e-02 6.417975e-02 3.212911e-02 -1.211116e-04 -3.237209e-02 -6.442498e-02 -9.608216e-02 -1.271484e-01 -1.574322e-01 -1.867467e-01 -2.149112e-01 -2.417519e-01 -2.671032e-01 -2.908089e-01 -3.127226e-01 -3.327091e-01 -3.506451e-01 -3.664199e-01 -3.799363e-01 -3.911108e-01 -3.998743e-01 -4.061729e-01 -4.099677e-01 -4.112353e-01 
3.463121e-01 3.452443e-01 3.420476e-01 3.367416e-01 3.293591e-01 3.199454e-01 3.085586e-01 2.952689e-01 2.801580e-01 2.633192e-01 2.448560e-01 2.248824e-01 2.035213e-01 1.809043e-01 1.571709e-01 1.324673e-01 1.069457e-01 8.076339e-02 5.408180e-02 2.706536e-02 -1.193626e-04 -2.730480e-02 -5.432332e-02 -8.100836e-02 -1.071953e-01 -1.327228e-01 -1.574333e-01 -1.811744e-01 -2.037997e-01 -2.251696e-01 -2.451522e-01 -2.636244e-01 -2.804721e-01 -2.955913e-01 -3.088888e-01 -3.202825e-01 -3.297020e-01 -3.370893e-01 -3.423988e-01 -3.455976e-01 -3.466661e-01 
2.796181e-01 2.787560e-01 2.761747e-01 2.718904e-01 2.659293e-01 2.583281e-01 2.491338e-01 2.384028e-01 2.262013e-01 2.126045e-01 1.976961e-01 1.815680e-01 1.643194e-01 1.460568e-01 1.268925e-01 1.069448e-01 8.633647e-02 6.519457e-02 4.364940e-02 2.183376e-02 -1.178683e-04 -2.207016e-02 -4.388776e-02 -6.543615e-02 -8.658246e-02 -1.071963e-01 -1.271504e-01 -1.463218e-01 -1.645923e-01 -1.818491e-01 -1.979856e-01 -2.129025e-01 -2.265075e-01 -2.387168e-01 -2.494550e-01 -2.586559e-01 -2.662625e-01 -2.722281e-01 -2.765157e-01 -2.790989e-01 -2.799617e-01 
2.111982e-01 2.105470e-01 2.085972e-01 2.053609e-01 2.008580e-01 1.951163e-01 1.881711e-01 1.800651e-01 1.708483e-01 1.605775e-01 1.493158e-01 1.371327e-01 1.241031e-01 1.103074e-01 9.583060e-02 8.076179e-02 6.519385e-02 4.922273e-02 3.294685e-02 1.646652e-02 -1.166653e-04 -1.670047e-02 -3.318266e-02 -4.946159e-02 -6.543688e-02 -8.100999e-02 -9.608486e-02 -1.105685e-01 -1.243716e-01 -1.374089e-01 -1.496000e-01 -1.608696e-01 -1.711482e-01 -1.803724e-01 -1.884852e-01 -1.954366e-01 -2.011835e-01 -2.056906e-01 -2.089299e-01 -2.108816e-01 -2.115335e-01 
1.414741e-01 1.410378e-01 1.397315e-01 1.375633e-01 1.345464e-01 1.306996e-01 1.260464e-01 1.206155e-01 1.144402e-01 1.075587e-01 1.000133e-01 9.185041e-02 8.312028e-02 7.387670e-02 6.417658e-02 5.407966e-02 4.364816e-02 3.294632e-02 2.204010e-02 1.099671e-02 -1.157831e-04 -1.122888e-02 -2.227405e-02 -3.318319e-02 -4.388901e-02 -5.432547e-02 -6.442819e-02 -7.413483e-02 -8.338548e-02 -9.212304e-02 -1.002936e-01 -1.078466e-01 -1.147356e-01 -1.209179e-01 -1.263553e-01 -1.310144e-01 -1.348662e-01 -1.378870e-01 -1.400582e-01 -1.413663e-01 -1.418032e-01 
7.087559e-02 7.065690e-02 7.000215e-02 6.891538e-02 6.740325e-02 6.547505e-02 6.314263e-02 6.042031e-02 5.732483e-02 5.387519e-02 5.009261e-02 4.600034e-02 4.162354e-02 3.698912e-02 3.212560e-02 2.706290e-02 2.183219e-02 1.646567e-02 1.099639e-02 5.458042e-03 -1.152435e-04 -5.689111e-03 -1.122919e-02 -1.670131e-02 -2.207172e-02 -2.730725e-02 -3.237560e-02 -3.724546e-02 -4.188675e-02 -4.627078e-02 -5.037048e-02 -5.416048e-02 -5.761736e-02 -6.071974e-02 -6.344841e-02 -6.578651e-02 -6.771955e-02 -6.923558e-02 -7.032521e-02 -7.098170e-02 -7.120098e-02 
-1.621145e-04 -1.618241e-04 -1.609603e-04 -1.595445e-04 -1.576117e-04 -1.552099e-04 -1.523986e-04 -1.492475e-04 -1.458342e-04 -1.422433e-04 -1.385632e-04 -1.348845e-04 -1.312978e-04 -1.278910e-04 -1.247478e-04 -1.219452e-04 -1.195516e-04 -1.176257e-04 -1.162143e-04 -1.153520e-04 -1.150597e-04 -1.153444e-04 -1.161992e-04 -1.176031e-04 -1.195217e-04 -1.219082e-04 -1.247039e-04 -1.278405e-04 -1.312409e-04 -1.348217e-04 -1.384947e-04 -1.421697e-04 -1.457559e-04 -1.491649e-04 -1.523123e-04 -1.551204e-04 -1.575195e-04 -1.594502e-04 -1.608644e-04 -1.617274e-04 -1.620179e-04 
-7.120107e-02 -7.098179e-02 -7.032530e-02 -6.923567e-02 -6.771964e-02 -6.578659e-02 -6.344849e-02 -6.071981e-02 -5.761744e-02 -5.416055e-02 -5.037054e-02 -4.627084e-02 -4.188680e-02 -3.724550e-02 -3.237563e-02 -2.730728e-02 -2.207174e-02 -1.670133e-02 -1.122920e-02 -5.689111e-03 -1.152361e-04 5.458057e-03 1.099641e-02 1.646570e-02 2.183223e-02 2.706295e-02 3.212565e-02 3.698918e-02 4.162360e-02 4.600041e-02 5.009269e-02 5.387527e-02 5.732491e-02 6.042040e-02 6.314272e-02 6.547514e-02 6.740334e-02 6.891548e-02 7.000225e-02 7.065700e-02 7.087569e-02 
-1.418033e-01 -1.413664e-01 -1.400583e-01 -1.378871e-01 -1.348663e-01 -1.310145e-01 -1.263554e-01 -1.209180e-01 -1.147356e-01 -1.078467e-01 -1.002936e-01 -9.212309e-02 -8.338552e-02 -7.413487e-02 -6.442822e-02 -5.432550e-02 -4.388902e-02 -3.318319e-02 -2.227405e-02 -1.122887e-02 -1.157682e-04 1.099673e-02 2.204013e-02 3.294636e-02 4.364820e-02 5.407971e-02 6.417663e-02 7.387676e-02 8.312035e-02 9.185048e-02 1.000134e-01 1.075588e-01 1.144403e-01 1.206156e-01 1.260465e-01 1.306997e-01 1.345465e-01 1.375634e-01 1.397316e-01 1.410379e-01 1.414742e-01 
-2.115335e-01 -2.108817e-01 -2.089300e-01 -2.056906e-01 -2.011836e-01 -1.954366e-01 -1.884853e-01 -1.803725e-01 -1.711483e-01 -1.608697e-01 -1.496000e-01 -1.374089e-01 -1.243716e-01 -1.105685e-01 -9.608489e-02 -8.101000e-02 -6.543689e-02 -4.946159e-02 -3.318265e-02 -1.670046e-02 -1.166431e-04 1.646655e-02 3.294688e-02 4.922278e-02 6.519390e-02 8.076185e-02 9.583066e-02 1.103075e-01 1.241032e-01 1.371327e-01 1.493159e-01 1.605775e-01 1.708484e-01 1.800652e-01 1.881712e-01 1.951164e-01 2.008581e-01 2.053610e-01 2.085973e-01 2.105471e-01 2.111983e-01 
-2.799618e-01 -2.790990e-01 -2.765158e-01 -2.722282e-01 -2.662626e-01 -2.586559e-01 -2.494551e-01 -2.387169e-01 -2.265076e-01 -2.129025e-01 -1.979857e-01 -1.818491e-01 -1.645923e-01 -1.463219e-01 -1.271504e-01 -1.071963e-01 -8.658246e-02 -6.543615e-02 -4.388775e-02 -2.207014e-02 -1.178389e-04 2.183380e-02 4.364944e-02 6.519462e-02 8.633653e-02 1.069449e-01 1.268926e-01 1.460569e-01 1.643195e-01 1.815680e-01 1.976962e-01 2.126046e-01 2.262014e-01 2.384029e-01 2.491339e-01 2.583282e-01 2.659294e-01 2.718905e-01 2.761749e-01 2.787561e-01 2.796182e-01 
-3.466662e-01 -3.455977e-01 -3.423989e-01 -3.370894e-01 -3.297021e-01 -3.202825e-01 -3.088888e-01 -2.955913e-01 -2.804721e-01 -2.636244e-01 -2.451523e-01 -2.251696e-01 -2.037997e-01 -1.811744e-01 -1.574333e-01 -1.327228e-01 -1.071953e-01 -8.100834e-02 -5.432330e-02 -2.730477e-02 -1.193263e-04 2.706541e-02 5.408185e-02 8.076345e-02 1.069457e-01 1.324674e-01 1.571710e-01 1.809044e-01 2.035214e-01 2.248825e-01 2.448561e-01 2.633193e-01 2.801581e-01 2.952690e-01 3.085588e-01 3.199455e-01 3.293592e-01 3.367418e-01 3.420477e-01 3.452445e-01 3.463122e-01 
-4.112353e-01 -4.099678e-01 -4.061730e-01 -3.998744e-01 -3.911108e-01 -3.799364e-01 -3.664200e-01 -3.506451e-01 -3.327091e-01 -3.127226e-01 -2.908089e-01 -2.671033e-01 -2.417519e-01 -2.149112e-01 -1.867467e-01 -1.574322e-01 -1.271484e-01 -9.608214e-02 -6.442495e-02 -3.237205e-02 -1.210685e-04 3.212916e-02 6.417981e-02 9.583330e-02 1.268945e-01 1.571720e-01 1.864792e-01 2.146354e-01 2.414671e-01 2.668091e-01 2.905050e-01 3.124090e-01 3.323860e-01 3.503130e-01 3.660796e-01 3.795885e-01 3.907566e-01 3.995150e-01 4.058099e-01 4.096024e-01 4.108692e-01 
-4.732710e-01 -4.718123e-01 -4.674449e-01 -4.601959e-01 -4.501101e-01 -4.372496e-01 -4.216938e-01 -4.035388e-01 -3.828965e-01 -3.598943e-01 -3.346741e-01 -3.073915e-01 -2.782149e-01 -2.473242e-01 -2.149100e-01 -1.811721e-01 -1.463186e-01 -1.105646e-01 -7.413038e-02 -3.724072e-02 -1.230225e-04 3.699386e-02 7.388110e-02 1.103113e-01 1.460599e-01 1.809066e-01 2.146365e-01 2.470419e-01 2.779229e-01 3.070894e-01 3.343615e-01 3.595712e-01 3.825631e-01 4.031957e-01 4.213417e-01 4.368895e-01 4.497431e-01 4.598234e-01 4.670683e-01 4.714332e-01 4.728912e-01 
-5.323907e-01 -5.307497e-01 -5.258367e-01 -5.176820e-01 -5.063360e-01 -4.918687e-01 -4.743694e-01 -4.539460e-01 -4.307246e-01 -4.048485e-01 -3.764773e-01 -3.457859e-01 -3.129639e-01 -2.782136e-01 -2.417493e-01 -2.037960e-01 -1.645877e-01 -1.243663e-01 -8.337972e-02 -4.188071e-02 -1.251403e-04 4.162955e-02 8.312595e-02 1.241082e-01 1.643238e-01 2.035248e-01 2.414695e-01 2.779242e-01 3.126641e-01 3.454751e-01 3.761552e-01 4.045151e-01 4.303802e-01 4.535910e-01 4.740047e-01 4.914953e-01 5.059552e-01 5.172952e-01 5.254455e-01 5.303558e-01 5.319960e-01 
-5.882298e-01 -5.864166e-01 -5.809882e-01 -5.719781e-01 -5.594419e-01 -5.434569e-01 -5.241219e-01 -5.015560e-01 -4.758987e-01 -4.473081e-01 -4.159606e-01 -3.820497e-01 -3.457845e-01 -3.073887e-01 -2.670992e-01 -2.251645e-01 -1.818431e-01 -1.374022e-01 -9.211590e-02 -4.626338e-02 -1.273696e-04 4.600770e-02 9.185740e-02 1.371391e-01 1.815737e-01 2.248872e-01 2.668127e-01 3.070919e-01 3.454764e-01 3.817298e-01 4.156285e-01 4.469638e-01 4.755425e-01 5.011885e-01 5.237438e-01 5.430695e-01 5.590464e-01 5.715762e-01 5.805815e-01 5.860071e-01 5.878193e-01 
-6.404438e-01 -6.384696e-01 -6.325593e-01 -6.227492e-01 -6.091001e-01 -5.916960e-01 -5.706444e-01 -5.460752e-01 -5.181399e-01 -4.870110e-01 -4.528806e-01 -4.159591e-01 -3.764743e-01 -3.346697e-01 -2.908034e-01 -2.451456e-01 -1.979782e-01 -1.495919e-01 -1.002850e-01 -5.036167e-02 -1.296555e-04 5.010134e-02 1.000217e-01 1.493236e-01 1.977031e-01 2.448622e-01 2.905100e-01 3.343653e-01 3.761578e-01 4.156298e-01 4.525383e-01 4.866556e-01 5.177717e-01 5.456947e-01 5.702526e-01 5.912942e-01 6.086896e-01 6.223318e-01 6.321368e-01 6.380440e-01 6.400171e-01 
-6.887106e-01 -6.865877e-01 -6.802318e-01 -6.696823e-01 -6.550043e-01 -6.362883e-01 -6.136499e-01 -5.872288e-01 -5.571879e-01 -5.237126e-01 -4.870095e-01 -4.473050e-01 -4.048440e-01 -3.598884e-01 -3.127155e-01 -2.636163e-01 -2.128936e-01 -1.608600e-01 -1.078366e-01 -5.415027e-02 -1.319416e-04 5.388530e-02 1.075685e-01 1.605866e-01 2.126129e-01 2.633266e-01 3.124153e-01 3.595763e-01 4.045190e-01 4.469664e-01 4.866569e-01 5.233460e-01 5.568076e-01 5.868354e-01 6.132445e-01 6.358721e-01 6.545788e-01 6.692494e-01 6.797934e-01 6.861459e-01 6.882678e-01 
-7.327326e-01 -7.304739e-01 -7.237117e-01 -7.124878e-01 -6.968714e-01 -6.769589e-01 -6.528733e-01 -6.247630e-01 -5.928016e-01 -5.571863e-01 -5.181368e-01 -4.758940e-01 -4.307186e-01 -3.828891e-01 -3.327005e-01 -2.804625e-01 -2.264972e-01 -1.711373e-01 -1.147242e-01 -5.760577e-02 -1.341716e-04 5.733628e-02 1.144513e-01 1.708587e-01 2.262110e-01 2.801668e-01 3.323936e-01 3.825695e-01 4.303853e-01 4.755463e-01 5.177743e-01 5.568088e-01 5.924095e-01 6.243570e-01 6.524544e-01 6.765286e-01 6.964312e-01 7.120397e-01 7.232577e-01 7.300164e-01 7.322739e-01 
-7.722381e-01 -7.698576e-01 -7.627308e-01 -7.509016e-01 -7.344431e-01 -7.134569e-01 -6.880724e-01 -6.584463e-01 -6.247615e-01 -5.872257e-01 -5.460705e-01 -5.015499e-01 -4.539385e-01 -4.035299e-01 -3.506351e-01 -2.955803e-01 -2.387051e-01 -1.803601e-01 -1.209051e-01 -6.070683e-02 -1.362906e-04 6.043304e-02 1.206278e-01 1.800768e-01 2.384137e-01 2.952788e-01 3.503218e-01 4.032033e-01 4.535974e-01 5.011936e-01 5.456985e-01 5.868378e-01 6.243582e-01 6.580284e-01 6.876408e-01 7.130131e-01 7.339889e-01 7.504390e-01 7.622620e-01 7.693850e-01 7.717643e-01 
-8.069834e-01 -8.044957e-01 -7.970482e-01 -7.846867e-01 -7.674876e-01 -7.455570e-01 -7.190302e-01 -6.880709e-01 -6.528703e-01 -6.136454e-01 -5.706383e-01 -5.241143e-01 -4.743604e-01 -4.216836e-01 -3.664086e-01 -3.088765e-01 -2.494420e-01 -1.884716e-01 -1.263414e-01 -6.343429e-02 -1.382462e-04 6.315653e-02 1.260598e-01 1.881839e-01 2.491458e-01 3.085697e-01 3.660894e-01 4.213504e-01 4.740121e-01 5.237500e-01 5.702575e-01 6.132480e-01 6.524567e-01 6.876419e-01 7.185868e-01 7.451008e-01 7.670205e-01 7.842107e-01 7.965657e-01 8.040093e-01 8.064956e-01 
-8.367541e-01 -8.341747e-01 -8.264523e-01 -8.136347e-01 -7.958010e-01 -7.730612e-01 -7.455557e-01 -7.134541e-01 -6.769547e-01 -6.362825e-01 -5.916886e-01 -5.434481e-01 -4.918585e-01 -4.372381e-01 -3.799238e-01 -3.202690e-01 -2.586417e-01 -1.954218e-01 -1.309993e-01 -6.577130e-02 -1.399905e-04 6.549000e-02 1.307141e-01 1.951301e-01 2.583412e-01 3.199575e-01 3.795993e-01 4.368991e-01 4.915037e-01 5.430766e-01 5.912999e-01 6.358766e-01 6.765318e-01 7.130151e-01 7.451017e-01 7.725939e-01 7.953223e-01 8.131468e-01 8.259576e-01 8.336758e-01 8.362539e-01 
-8.613665e-01 -8.587112e-01 -8.507617e-01 -8.375670e-01 -8.192086e-01 -7.957998e-01 -7.674851e-01 -7.344392e-01 -6.968660e-01 -6.549973e-01 -6.090916e-01 -5.594319e-01 -5.063247e-01 -4.500975e-01 -3.910972e-01 -3.296876e-01 -2.662474e-01 -2.011678e-01 -1.348502e-01 -6.770342e-02 -1.414789e-04 6.741909e-02 1.345618e-01 2.008727e-01 2.659432e-01 3.293720e-01 3.907683e-01 4.497536e-01 5.059644e-01 5.590544e-01 6.086962e-01 6.545841e-01 6.964352e-01 7.339918e-01 7.670222e-01 7.953231e-01 8.187200e-01 8.370689e-01 8.502565e-01 8.582018e-01 8.608556e-01 
-8.806690e-01 -8.779541e-01 -8.698264e-01 -8.563360e-01 -8.375662e-01 -8.136327e-01 -7.846834e-01 -7.508968e-01 -7.124815e-01 -6.696745e-01 -6.227399e-01 -5.719673e-01 -5.176699e-01 -4.601826e-01 -3.998600e-01 -3.370741e-01 -2.722121e-01 -2.056741e-01 -1.378703e-01 -6.921871e-02 -1.426857e-04 6.893194e-02 1.375793e-01 2.053763e-01 2.719050e-01 3.367552e-01 3.995274e-01 4.598346e-01 5.173051e-01 5.715848e-01 6.223391e-01 6.692553e-01 7.120443e-01 7.504425e-01 7.842132e-01 8.131483e-01 8.370695e-01 8.558295e-01 8.693127e-01 8.774360e-01 8.801494e-01 
-8.945417e-01 -8.917841e-01 -8.835284e-01 -8.698254e-01 -8.507599e-01 -8.264493e-01 -7.970439e-01 -7.627250e-01 -7.237045e-01 -6.802231e-01 -6.325491e-01 -5.809766e-01 -5.258238e-01 -4.674308e-01 -4.061579e-01 -3.423829e-01 -2.764991e-01 -2.089128e-01 -1.400408e-01 -7.030775e-02 -1.435307e-04 7.001927e-02 1.397481e-01 2.086131e-01 2.761898e-01 3.420617e-01 4.058228e-01 4.670800e-01 5.254559e-01 5.805906e-01 6.321445e-01 6.797998e-01 7.232629e-01 7.622660e-01 7.965686e-01 8.259596e-01 8.502577e-01 8.693132e-01 8.830088e-01 8.912601e-01 8.940161e-01 
-9.029007e-01 -9.001173e-01 -8.917844e-01 -8.779534e-01 -8.587096e-01 -8.341719e-01 -8.044916e-01 -7.698520e-01 -7.304668e-01 -6.865790e-01 -6.384594e-01 -5.864049e-01 -5.307367e-01 -4.717980e-01 -4.099525e-01 -3.455815e-01 -2.790821e-01 -2.108643e-01 -1.413487e-01 -7.096401e-02 -1.441485e-04 7.067427e-02 1.410547e-01 2.105632e-01 2.787713e-01 3.452587e-01 4.096155e-01 4.714451e-01 5.303665e-01 5.860164e-01 6.380520e-01 6.861526e-01 7.300218e-01 7.693893e-01 8.040125e-01 8.336780e-01 8.582032e-01 8.774368e-01 8.912604e-01 8.995887e-01 9.023705e-01 
-9.056914e-01 -9.028995e-01 -8.945408e-01 -8.806670e-01 -8.613638e-01 -8.367502e-01 -8.069782e-01 -7.722315e-01 -7.327246e-01 -6.887012e-01 -6.404329e-01 -5.882175e-01 -5.323771e-01 -4.732563e-01 -4.112196e-01 -3.466496e-01 -2.799446e-01 -2.115158e-01 -1.417853e-01 -7.118302e-02 -1.441991e-04 7.089318e-02 1.414912e-01 2.112146e-01 2.796337e-01 3.463266e-01 4.108824e-01 4.729032e-01 5.320067e-01 5.878288e-01 6.400253e-01 6.882746e-01 7.322794e-01 7.717686e-01 8.064989e-01 8.362562e-01 8.608571e-01 8.801502e-01 8.940165e-01 9.023706e-01 9.051611e-01 
