9.048374e-01 9.020481e-01 8.936974e-01 8.798367e-01 8.605515e-01 8.359608e-01 8.062160e-01 7.715007e-01 7.320288e-01 6.880438e-01 6.398167e-01 5.876449e-01 5.318501e-01 4.727762e-01 4.107876e-01 3.462663e-01 2.796101e-01 2.112301e-01 1.415477e-01 7.099269e-02 -3.955170e-08 -7.099277e-02 -1.415478e-01 -2.112301e-01 -2.796102e-01 -3.462663e-01 -4.107876e-01 -4.727763e-01 -5.318501e-01 -5.876449e-01 -6.398167e-01 -6.880438e-01 -7.320289e-01 -7.715008e-01 -8.062161e-01 -8.359608e-01 -8.605515e-01 -8.798367e-01 -8.936974e-01 -9.020481e-01 -9.048374e-01 
9.020481e-01 8.992674e-01 8.909424e-01 8.771244e-01 8.578987e-01 8.333838e-01 8.037307e-01 7.691224e-01 7.297722e-01 6.859227e-01 6.378443e-01 5.858334e-01 5.302106e-01 4.713188e-01 4.095212e-01 3.451988e-01 2.787482e-01 2.105789e-01 1.411114e-01 7.077384e-02 -3.942978e-08 -7.077392e-02 -1.411115e-01 -2.105790e-01 -2.787482e-01 -3.451989e-01 -4.095213e-01 -4.713189e-01 -5.302106e-01 -5.858334e-01 -6.378444e-01 -6.859228e-01 -7.297723e-01 -7.691225e-01 -8.037308e-01 -8.333838e-01 -8.578987e-01 -8.771245e-01 -8.909424e-01 -8.992674e-01 -9.020481e-01 
8.936974e-01 8.909424e-01 8.826945e-01 8.690044e-01 8.499567e-01 8.256687e-01 7.962902e-01 7.620023e-01 7.230163e-01 6.795728e-01 6.319395e-01 5.804100e-01 5.253021e-01 4.669556e-01 4.057301e-01 3.420031e-01 2.761676e-01 2.086295e-01 1.398050e-01 7.011865e-02 -3.906475e-08 -7.011873e-02 -1.398051e-01 -2.086296e-01 -2.761677e-01 -3.420032e-01 -4.057302e-01 -4.669556e-01 -5.253022e-01 -5.804101e-01 -6.319395e-01 -6.795728e-01 -7.230164e-01 -7.620023e-01 -7.962902e-01 -8.256687e-01 -8.499567e-01 -8.690045e-01 -8.826945e-01 -8.909424e-01 -8.936974e-01 
8.798367e-01 8.771244e-01 8.690044e-01 8.555267e-01 8.367744e-01 8.128631e-01 7.839402e-01 7.501841e-01 7.118028e-01 6.690331e-01 6.221385e-01 5.714082e-01 5.171550e-01 4.597134e-01 3.994375e-01 3.366989e-01 2.718845e-01 2.053938e-01 1.376367e-01 6.903115e-02 -3.845888e-08 -6.903123e-02 -1.376368e-01 -2.053938e-01 -2.718845e-01 -3.366990e-01 -3.994375e-01 -4.597134e-01 -5.171551e-01 -5.714083e-01 -6.221385e-01 -6.690331e-01 -7.118029e-01 -7.501841e-01 -7.839403e-01 -8.128631e-01 -8.367744e-01 -8.555267e-01 -8.690044e-01 -8.771244e-01 -8.798367e-01 
8.605515e-01 8.578987e-01 8.499567e-01 8.367744e-01 8.184331e-01 7.950459e-01 7.667570e-01 7.337408e-01 6.962008e-01 6.543685e-01 6.085018e-01 5.588835e-01 5.058195e-01 4.496369e-01 3.906822e-01 3.293188e-01 2.659250e-01 2.008917e-01 1.346199e-01 6.751806e-02 -3.761590e-08 -6.751813e-02 -1.346200e-01 -2.008918e-01 -2.659251e-01 -3.293189e-01 -3.906823e-01 -4.496370e-01 -5.058195e-01 -5.588835e-01 -6.085019e-01 -6.543685e-01 -6.962008e-01 -7.337408e-01 -7.667570e-01 -7.950460e-01 -8.184332e-01 -8.367744e-01 -8.499567e-01 -8.578987e-01 -8.605515e-01 
8.359608e-01 8.333838e-01 8.256687e-01 8.128631e-01 7.950459e-01 7.723270e-01 7.448465e-01 7.127737e-01 6.763065e-01 6.356695e-01 5.911135e-01 5.429131e-01 4.913654e-01 4.367883e-01 3.795182e-01 3.199083e-01 2.583261e-01 1.951511e-01 1.307730e-01 6.558869e-02 -3.654101e-08 -6.558876e-02 -1.307731e-01 -1.951512e-01 -2.583261e-01 -3.199084e-01 -3.795183e-01 -4.367883e-01 -4.913655e-01 -5.429131e-01 -5.911136e-01 -6.356696e-01 -6.763065e-01 -7.127738e-01 -7.448465e-01 -7.723271e-01 -7.950460e-01 -8.128631e-01 -8.256687e-01 -8.333838e-01 -8.359608e-01 
8.062160e-01 8.037307e-01 7.962902e-01 7.839402e-01 7.667570e-01 7.448465e-01 7.183437e-01 6.874122e-01 6.522425e-01 6.130515e-01 5.700808e-01 5.235954e-01 4.738819e-01 4.212467e-01 3.660144e-01 3.085255e-01 2.491344e-01 1.882074e-01 1.261199e-01 6.325495e-02 -3.524082e-08 -6.325502e-02 -1.261200e-01 -1.882074e-01 -2.491345e-01 -3.085256e-01 -3.660145e-01 -4.212468e-01 -4.738819e-01 -5.235955e-01 -5.700809e-01 -6.130515e-01 -6.522425e-01 -6.874122e-01 -7.183438e-01 -7.448465e-01 -7.667570e-01 -7.839402e-01 -7.962902e-01 -8.037307e-01 -8.062160e-01 
7.715007e-01 7.691224e-01 7.620023e-01 7.501841e-01 7.337408e-01 7.127737e-01 6.874122e-01 6.578125e-01 6.241572e-01 5.866537e-01 5.455334e-01 5.010496e-01 4.534767e-01 4.031080e-01 3.502540e-01 2.952405e-01 2.384068e-01 1.801032e-01 1.206893e-01 6.053122e-02 -3.372337e-08 -6.053128e-02 -1.206893e-01 -1.801033e-01 -2.384069e-01 -2.952406e-01 -3.502540e-01 -4.031081e-01 -4.534768e-01 -5.010497e-01 -5.455334e-01 -5.866538e-01 -6.241572e-01 -6.578125e-01 -6.874122e-01 -7.127737e-01 -7.337408e-01 -7.501841e-01 -7.620023e-01 -7.691224e-01 -7.715007e-01 
7.320288e-01 7.297722e-01 7.230163e-01 7.118028e-01 6.962008e-01 6.763065e-01 6.522425e-01 6.241572e-01 5.922238e-01 5.566391e-01 5.176225e-01 4.754147e-01 4.302757e-01 3.824840e-01 3.323341e-01 2.801353e-01 2.262093e-01 1.708887e-01 1.145145e-01 5.743429e-02 -3.199800e-08 -5.743435e-02 -1.145146e-01 -1.708888e-01 -2.262094e-01 -2.801353e-01 -3.323342e-01 -3.824841e-01 -4.302758e-01 -4.754147e-01 -5.176226e-01 -5.566391e-01 -5.922238e-01 -6.241572e-01 -6.522425e-01 -6.763065e-01 -6.962008e-01 -7.118028e-01 -7.230164e-01 -7.297722e-01 -7.320288e-01 
6.880438e-01 6.859227e-01 6.795728e-01 6.690331e-01 6.543685e-01 6.356695e-01 6.130515e-01 5.866537e-01 5.566391e-01 5.231926e-01 4.865204e-01 4.468487e-01 4.044220e-01 3.595019e-01 3.123653e-01 2.633029e-01 2.126172e-01 1.606206e-01 1.076337e-01 5.398326e-02 -3.007535e-08 -5.398332e-02 -1.076338e-01 -1.606207e-01 -2.126172e-01 -2.633030e-01 -3.123654e-01 -3.595019e-01 -4.044220e-01 -4.468487e-01 -4.865204e-01 -5.231926e-01 -5.566391e-01 -5.866538e-01 -6.130515e-01 -6.356696e-01 -6.543685e-01 -6.690331e-01 -6.795728e-01 -6.859228e-01 -6.880438e-01 
6.398167e-01 6.378443e-01 6.319395e-01 6.221385e-01 6.085018e-01 5.911135e-01 5.700808e-01 5.455334e-01 5.176225e-01 4.865204e-01 4.524187e-01 4.155277e-01 3.760748e-01 3.343033e-01 2.904707e-01 2.448472e-01 1.977142e-01 1.493622e-01 1.000894e-01 5.019941e-02 -2.796728e-08 -5.019947e-02 -1.000894e-01 -1.493623e-01 -1.977143e-01 -2.448473e-01 -2.904707e-01 -3.343033e-01 -3.760748e-01 -4.155277e-01 -4.524187e-01 -4.865204e-01 -5.176226e-01 -5.455334e-01 -5.700808e-01 -5.911135e-01 -6.085018e-01 -6.221385e-01 -6.319395e-01 -6.378443e-01 -6.398167e-01 
5.876449e-01 5.858334e-01 5.804100e-01 5.714082e-01 5.588835e-01 5.429131e-01 5.235954e-01 5.010496e-01 4.754147e-01 4.468487e-01 4.155277e-01 3.816448e-01 3.454090e-01 3.070436e-01 2.667852e-01 2.248819e-01 1.815922e-01 1.371830e-01 9.192789e-02 4.610606e-02 -2.568677e-08 -4.610611e-02 -9.192794e-02 -1.371830e-01 -1.815923e-01 -2.248820e-01 -2.667852e-01 -3.070436e-01 -3.454090e-01 -3.816448e-01 -4.155277e-01 -4.468487e-01 -4.754147e-01 -5.010496e-01 -5.235954e-01 -5.429131e-01 -5.588835e-01 -5.714082e-01 -5.804100e-01 -5.858334e-01 -5.876449e-01 
5.318501e-01 5.302106e-01 5.253021e-01 5.171550e-01 5.058195e-01 4.913654e-01 4.738819e-01 4.534767e-01 4.302757e-01 4.044220e-01 3.760748e-01 3.454090e-01 3.126136e-01 2.778909e-01 2.414549e-01 2.035302e-01 1.643507e-01 1.241579e-01 8.319966e-02 4.172845e-02 -2.324791e-08 -4.172850e-02 -8.319971e-02 -1.241580e-01 -1.643507e-01 -2.035302e-01 -2.414549e-01 -2.778909e-01 -3.126137e-01 -3.454090e-01 -3.760748e-01 -4.044220e-01 -4.302758e-01 -4.534768e-01 -4.738819e-01 -4.913654e-01 -5.058195e-01 -5.171550e-01 -5.253021e-01 -5.302106e-01 -5.318501e-01 
4.727762e-01 4.713188e-01 4.669556e-01 4.597134e-01 4.496369e-01 4.367883e-01 4.212467e-01 4.031080e-01 3.824840e-01 3.595019e-01 3.343033e-01 3.070436e-01 2.778909e-01 2.470249e-01 2.146359e-01 1.809236e-01 1.460959e-01 1.103674e-01 7.395848e-02 3.709358e-02 -2.066571e-08 -3.709362e-02 -7.395852e-02 -1.103674e-01 -1.460959e-01 -1.809237e-01 -2.146359e-01 -2.470249e-01 -2.778909e-01 -3.070436e-01 -3.343033e-01 -3.595019e-01 -3.824840e-01 -4.031080e-01 -4.212467e-01 -4.367883e-01 -4.496369e-01 -4.597134e-01 -4.669556e-01 -4.713188e-01 -4.727762e-01 
4.107876e-01 4.095212e-01 4.057301e-01 3.994375e-01 3.906822e-01 3.795182e-01 3.660144e-01 3.502540e-01 3.323341e-01 3.123653e-01 2.904707e-01 2.667852e-01 2.414549e-01 2.146359e-01 1.864936e-01 1.572016e-01 1.269403e-01 9.589644e-02 6.426132e-02 3.223000e-02 -1.795610e-08 -3.223004e-02 -6.426135e-02 -9.589647e-02 -1.269404e-01 -1.572016e-01 -1.864937e-01 -2.146359e-01 -2.414549e-01 -2.667852e-01 -2.904707e-01 -3.123653e-01 -3.323341e-01 -3.502540e-01 -3.660144e-01 -3.795182e-01 -3.906822e-01 -3.994375e-01 -4.057301e-01 -4.095212e-01 -4.107876e-01 
3.462663e-01 3.451988e-01 3.420031e-01 3.366989e-01 3.293188e-01 3.199083e-01 3.085255e-01 2.952405e-01 2.801353e-01 2.633029e-01 2.448472e-01 2.248819e-01 2.035302e-01 1.809236e-01 1.572016e-01 1.325104e-01 1.070021e-01 8.083424e-02 5.416796e-02 2.716772e-02 -1.513578e-08 -2.716775e-02 -5.416799e-02 -8.083427e-02 -1.070022e-01 -1.325104e-01 -1.572016e-01 -1.809236e-01 -2.035302e-01 -2.248820e-01 -2.448472e-01 -2.633029e-01 -2.801353e-01 -2.952405e-01 -3.085255e-01 -3.199083e-01 -3.293188e-01 -3.366989e-01 -3.420032e-01 -3.451988e-01 -3.462663e-01 
2.796101e-01 2.787482e-01 2.761676e-01 2.718845e-01 2.659250e-01 2.583261e-01 2.491344e-01 2.384068e-01 2.262093e-01 2.126172e-01 1.977142e-01 1.815922e-01 1.643507e-01 1.460959e-01 1.269403e-01 1.070021e-01 8.640427e-02 6.527367e-02 4.374065e-02 2.193794e-02 -1.222215e-08 -2.193797e-02 -4.374067e-02 -6.527370e-02 -8.640429e-02 -1.070022e-01 -1.269403e-01 -1.460959e-01 -1.643507e-01 -1.815923e-01 -1.977142e-01 -2.126172e-01 -2.262093e-01 -2.384068e-01 -2.491344e-01 -2.583261e-01 -2.659250e-01 -2.718845e-01 -2.761676e-01 -2.787482e-01 -2.796101e-01 
2.112301e-01 2.105789e-01 2.086295e-01 2.053938e-01 2.008917e-01 1.951511e-01 1.882074e-01 1.801032e-01 1.708887e-01 1.606206e-01 1.493622e-01 1.371830e-01 1.241579e-01 1.103674e-01 9.589644e-02 8.083424e-02 6.527367e-02 4.931067e-02 3.304365e-02 1.657291e-02 -9.233160e-09 -1.657293e-02 -3.304367e-02 -4.931069e-02 -6.527369e-02 -8.083426e-02 -9.589645e-02 -1.103674e-01 -1.241579e-01 -1.371830e-01 -1.493622e-01 -1.606206e-01 -1.708887e-01 -1.801032e-01 -1.882074e-01 -1.951511e-01 -2.008917e-01 -2.053938e-01 -2.086295e-01 -2.105789e-01 -2.112301e-01 
1.415477e-01 1.411114e-01 1.398050e-01 1.376367e-01 1.346199e-01 1.307730e-01 1.261199e-01 1.206893e-01 1.145145e-01 1.076337e-01 1.000894e-01 9.192789e-02 8.319966e-02 7.395848e-02 6.426132e-02 5.416796e-02 4.374065e-02 3.304365e-02 2.214294e-02 1.110570e-02 -6.187248e-09 -1.110571e-02 -2.214295e-02 -3.304367e-02 -4.374066e-02 -5.416798e-02 -6.426133e-02 -7.395849e-02 -8.319967e-02 -9.192790e-02 -1.000894e-01 -1.076337e-01 -1.145145e-01 -1.206893e-01 -1.261199e-01 -1.307730e-01 -1.346199e-01 -1.376367e-01 -1.398050e-01 -1.411114e-01 -1.415477e-01 
7.099269e-02 7.077384e-02 7.011865e-02 6.903115e-02 6.751806e-02 6.558869e-02 6.325495e-02 6.053122e-02 5.743429e-02 5.398326e-02 5.019941e-02 4.610606e-02 4.172845e-02 3.709358e-02 3.223000e-02 2.716772e-02 2.193794e-02 1.657291e-02 1.110570e-02 5.570019e-03 -3.103189e-09 -5.570025e-03 -1.110571e-02 -1.657292e-02 -2.193795e-02 -2.716773e-02 -3.223001e-02 -3.709358e-02 -4.172846e-02 -4.610607e-02 -5.019941e-02 -5.398327e-02 -5.743429e-02 -6.053122e-02 -6.325495e-02 -6.558869e-02 -6.751806e-02 -6.903116e-02 -7.011865e-02 -7.077384e-02 -7.099269e-02 
-3.955170e-08 -3.942978e-08 -3.906475e-08 -3.845888e-08 -3.761590e-08 -3.654101e-08 -3.524082e-08 -3.372337e-08 -3.199800e-08 -3.007535e-08 -2.796728e-08 -2.568677e-08 -2.324791e-08 -2.066571e-08 -1.795610e-08 -1.513578e-08 -1.222215e-08 -9.233160e-09 -6.187248e-09 -3.103189e-09 1.728860e-15 3.103193e-09 6.187251e-09 9.233163e-09 1.222215e-08 1.513578e-08 1.795610e-08 2.066571e-08 2.324791e-08 2.568678e-08 2.796728e-08 3.007535e-08 3.199800e-08 3.372337e-08 3.524083e-08 3.654101e-08 3.761590e-08 3.845889e-08 3.906475e-08 3.942978e-08 3.955170e-08 
-7.099277e-02 -7.077392e-02 -7.011873e-02 -6.903123e-02 -6.751813e-02 -6.558876e-02 -6.325502e-02 -6.053128e-02 -5.743435e-02 -5.398332e-02 -5.019947e-02 -4.610611e-02 -4.172850e-02 -3.709362e-02 -3.223004e-02 -2.716775e-02 -2.193797e-02 -1.657293e-02 -1.110571e-02 -5.570025e-03 3.103193e-09 5.570032e-03 1.110572e-02 1.657294e-02 2.193797e-02 2.716776e-02 3.223005e-02 3.709362e-02 4.172850e-02 4.610612e-02 5.019947e-02 5.398333e-02 5.743436e-02 6.053129e-02 6.325502e-02 6.558877e-02 6.751814e-02 6.903123e-02 7.011873e-02 7.077392e-02 7.099277e-02 
-1.415478e-01 -1.411115e-01 -1.398051e-01 -1.376368e-01 -1.346200e-01 -1.307731e-01 -1.261200e-01 -1.206893e-01 -1.145146e-01 -1.076338e-01 -1.000894e-01 -9.192794e-02 -8.319971e-02 -7.395852e-02 -6.426135e-02 -5.416799e-02 -4.374067e-02 -3.304367e-02 -2.214295e-02 -1.110571e-02 6.187251e-09 1.110572e-02 2.214296e-02 3.304368e-02 4.374068e-02 5.416801e-02 6.426136e-02 7.395853e-02 8.319972e-02 9.192795e-02 1.000894e-01 1.076338e-01 1.145146e-01 1.206893e-01 1.261200e-01 1.307731e-01 1.346200e-01 1.376368e-01 1.398051e-01 1.411115e-01 1.415478e-01 
-2.112301e-01 -2.105790e-01 -2.086296e-01 -2.053938e-01 -2.008918e-01 -1.951512e-01 -1.882074e-01 -1.801033e-01 -1.708888e-01 -1.606207e-01 -1.493623e-01 -1.371830e-01 -1.241580e-01 -1.103674e-01 -9.589647e-02 -8.083427e-02 -6.527370e-02 -4.931069e-02 -3.304367e-02 -1.657292e-02 9.233163e-09 1.657294e-02 3.304368e-02 4.931071e-02 6.527371e-02 8.083429e-02 9.589649e-02 1.103675e-01 1.241580e-01 1.371830e-01 1.493623e-01 1.606207e-01 1.708888e-01 1.801033e-01 1.882074e-01 1.951512e-01 2.008918e-01 2.053938e-01 2.086296e-01 2.105790e-01 2.112301e-01 
-2.796102e-01 -2.787482e-01 -2.761677e-01 -2.718845e-01 -2.659251e-01 -2.583261e-01 -2.491345e-01 -2.384069e-01 -2.262094e-01 -2.126172e-01 -1.977143e-01 -1.815923e-01 -1.643507e-01 -1.460959e-01 -1.269404e-01 -1.070022e-01 -8.640429e-02 -6.527369e-02 -4.374066e-02 -2.193795e-02 1.222215e-08 2.193797e-02 4.374068e-02 6.527371e-02 8.640431e-02 1.070022e-01 1.269404e-01 1.460959e-01 1.643508e-01 1.815923e-01 1.977143e-01 2.126173e-01 2.262094e-01 2.384069e-01 2.491345e-01 2.583261e-01 2.659251e-01 2.718845e-01 2.761677e-01 2.787482e-01 2.796102e-01 
-3.462663e-01 -3.451989e-01 -3.420032e-01 -3.366990e-01 -3.293189e-01 -3.199084e-01 -3.085256e-01 -2.952406e-01 -2.801353e-01 -2.633030e-01 -2.448473e-01 -2.248820e-01 -2.035302e-01 -1.809237e-01 -1.572016e-01 -1.325104e-01 -1.070022e-01 -8.083426e-02 -5.416798e-02 -2.716773e-02 1.513578e-08 2.716776e-02 5.416801e-02 8.083429e-02 1.070022e-01 1.325104e-01 1.572016e-01 1.809237e-01 2.035303e-01 2.248820e-01 2.448473e-01 2.633030e-01 2.801354e-01 2.952406e-01 3.085256e-01 3.199084e-01 3.293189e-01 3.366990e-01 3.420032e-01 3.451989e-01 3.462663e-01 
-4.107876e-01 -4.095213e-01 -4.057302e-01 -3.994375e-01 -3.906823e-01 -3.795183e-01 -3.660145e-01 -3.502540e-01 -3.323342e-01 -3.123654e-01 -2.904707e-01 -2.667852e-01 -2.414549e-01 -2.146359e-01 -1.864937e-01 -1.572016e-01 -1.269403e-01 -9.589645e-02 -6.426133e-02 -3.223001e-02 1.795610e-08 3.223005e-02 6.426136e-02 9.589649e-02 1.269404e-01 1.572016e-01 1.864937e-01 2.146360e-01 2.414549e-01 2.667852e-01 2.904707e-01 3.123654e-01 3.323342e-01 3.502541e-01 3.660145e-01 3.795183e-01 3.906823e-01 3.994375e-01 4.057302e-01 4.095213e-01 4.107876e-01 
-4.727763e-01 -4.713189e-01 -4.669556e-01 -4.597134e-01 -4.496370e-01 -4.367883e-01 -4.212468e-01 -4.031081e-01 -3.824841e-01 -3.595019e-01 -3.343033e-01 -3.070436e-01 -2.778909e-01 -2.470249e-01 -2.146359e-01 -1.809236e-01 -1.460959e-01 -1.103674e-01 -7.395849e-02 -3.709358e-02 2.066571e-08 3.709362e-02 7.395853e-02 1.103675e-01 1.460959e-01 1.809237e-01 2.146360e-01 2.470250e-01 2.778910e-01 3.070437e-01 3.343033e-01 3.595019e-01 3.824841e-01 4.031081e-01 4.212468e-01 4.367884e-01 4.496370e-01 4.597135e-01 4.669556e-01 4.713189e-01 4.727763e-01 
-5.318501e-01 -5.302106e-01 -5.253022e-01 -5.171551e-01 -5.058195e-01 -4.913655e-01 -4.738819e-01 -4.534768e-01 -4.302758e-01 -4.044220e-01 -3.760748e-01 -3.454090e-01 -3.126137e-01 -2.778909e-01 -2.414549e-01 -2.035302e-01 -1.643507e-01 -1.241579e-01 -8.319967e-02 -4.172846e-02 2.324791e-08 4.172850e-02 8.319972e-02 1.241580e-01 1.643508e-01 2.035303e-01 2.414549e-01 2.778910e-01 3.126137e-01 3.454091e-01 3.760749e-01 4.044220e-01 4.302758e-01 4.534768e-01 4.738820e-01 4.913655e-01 5.058195e-01 5.171551e-01 5.253022e-01 5.302106e-01 5.318501e-01 
-5.876449e-01 -5.858334e-01 -5.804101e-01 -5.714083e-01 -5.588835e-01 -5.429131e-01 -5.235955e-01 -5.010497e-01 -4.754147e-01 -4.468487e-01 -4.155277e-01 -3.816448e-01 -3.454090e-01 -3.070436e-01 -2.667852e-01 -2.248820e-01 -1.815923e-01 -1.371830e-01 -9.192790e-02 -4.610607e-02 2.568678e-08 4.610612e-02 9.192795e-02 1.371830e-01 1.815923e-01 2.248820e-01 2.667852e-01 3.070437e-01 3.454091e-01 3.816449e-01 4.155277e-01 4.468487e-01 4.754148e-01 5.010497e-01 5.235955e-01 5.429131e-01 5.588836e-01 5.714083e-01 5.804101e-01 5.858334e-01 5.876449e-01 
-6.398167e-01 -6.378444e-01 -6.319395e-01 -6.221385e-01 -6.085019e-01 -5.911136e-01 -5.700809e-01 -5.455334e-01 -5.176226e-01 -4.865204e-01 -4.524187e-01 -4.155277e-01 -3.760748e-01 -3.343033e-01 -2.904707e-01 -2.448472e-01 -1.977142e-01 -1.493622e-01 -1.000894e-01 -5.019941e-02 2.796728e-08 5.019947e-02 1.000894e-01 1.493623e-01 1.977143e-01 2.448473e-01 2.904707e-01 3.343033e-01 3.760749e-01 4.155277e-01 4.524188e-01 4.865205e-01 5.176226e-01 5.455335e-01 5.700809e-01 5.911136e-01 6.085019e-01 6.221385e-01 6.319395e-01 6.378444e-01 6.398167e-01 
-6.880438e-01 -6.859228e-01 -6.795728e-01 -6.690331e-01 -6.543685e-01 -6.356696e-01 -6.130515e-01 -5.866538e-01 -5.566391e-01 -5.231926e-01 -4.865204e-01 -4.468487e-01 -4.044220e-01 -3.595019e-01 -3.123653e-01 -2.633029e-01 -2.126172e-01 -1.606206e-01 -1.076337e-01 -5.398327e-02 3.007535e-08 5.398333e-02 1.076338e-01 1.606207e-01 2.126173e-01 2.633030e-01 3.123654e-01 3.595019e-01 4.044220e-01 4.468487e-01 4.865205e-01 5.231926e-01 5.566392e-01 5.866538e-01 6.130515e-01 6.356696e-01 6.543686e-01 6.690331e-01 6.795729e-01 6.859228e-01 6.880438e-01 
-7.320289e-01 -7.297723e-01 -7.230164e-01 -7.118029e-01 -6.962008e-01 -6.763065e-01 -6.522425e-01 -6.241572e-01 -5.922238e-01 -5.566391e-01 -5.176226e-01 -4.754147e-01 -4.302758e-01 -3.824840e-01 -3.323341e-01 -2.801353e-01 -2.262093e-01 -1.708887e-01 -1.145145e-01 -5.743429e-02 3.199800e-08 5.743436e-02 1.145146e-01 1.708888e-01 2.262094e-01 2.801354e-01 3.323342e-01 3.824841e-01 4.302758e-01 4.754148e-01 5.176226e-01 5.566392e-01 5.922238e-01 6.241573e-01 6.522425e-01 6.763065e-01 6.962009e-01 7.118029e-01 7.230164e-01 7.297723e-01 7.320289e-01 
-7.715008e-01 -7.691225e-01 -7.620023e-01 -7.501841e-01 -7.337408e-01 -7.127738e-01 -6.874122e-01 -6.578125e-01 -6.241572e-01 -5.866538e-01 -5.455334e-01 -5.010496e-01 -4.534768e-01 -4.031080e-01 -3.502540e-01 -2.952405e-01 -2.384068e-01 -1.801032e-01 -1.206893e-01 -6.053122e-02 3.372337e-08 6.053129e-02 1.206893e-01 1.801033e-01 2.384069e-01 2.952406e-01 3.502541e-01 4.031081e-01 4.534768e-01 5.010497e-01 5.455335e-01 5.866538e-01 6.241573e-01 6.578126e-01 6.874122e-01 7.127738e-01 7.337408e-01 7.501841e-01 7.620023e-01 7.691225e-01 7.715008e-01 
-8.062161e-01 -8.037308e-01 -7.962902e-01 -7.839403e-01 -7.667570e-01 -7.448465e-01 -7.183438e-01 -6.874122e-01 -6.522425e-01 -6.130515e-01 -5.700808e-01 -5.235954e-01 -4.738819e-01 -4.212467e-01 -3.660144e-01 -3.085255e-01 -2.491344e-01 -1.882074e-01 -1.261199e-01 -6.325495e-02 3.524083e-08 6.325502e-02 1.261200e-01 1.882074e-01 2.491345e-01 3.085256e-01 3.660145e-01 4.212468e-01 4.738820e-01 5.235955e-01 5.700809e-01 6.130515e-01 6.522425e-01 6.874122e-01 7.183438e-01 7.448466e-01 7.667571e-01 7.839403e-01 7.962902e-01 8.037308e-01 8.062161e-01 
-8.359608e-01 -8.333838e-01 -8.256687e-01 -8.128631e-01 -7.950460e-01 -7.723271e-01 -7.448465e-01 -7.127737e-01 -6.763065e-01 -6.356696e-01 -5.911135e-01 -5.429131e-01 -4.913654e-01 -4.367883e-01 -3.795182e-01 -3.199083e-01 -2.583261e-01 -1.951511e-01 -1.307730e-01 -6.558869e-02 3.654101e-08 6.558877e-02 1.307731e-01 1.951512e-01 2.583261e-01 3.199084e-01 3.795183e-01 4.367884e-01 4.913655e-01 5.429131e-01 5.911136e-01 6.356696e-01 6.763065e-01 7.127738e-01 7.448466e-01 7.723271e-01 7.950460e-01 8.128631e-01 8.256687e-01 8.333838e-01 8.359608e-01 
-8.605515e-01 -8.578987e-01 -8.499567e-01 -8.367744e-01 -8.184332e-01 -7.950460e-01 -7.667570e-01 -7.337408e-01 -6.962008e-01 -6.543685e-01 -6.085018e-01 -5.588835e-01 -5.058195e-01 -4.496369e-01 -3.906822e-01 -3.293188e-01 -2.659250e-01 -2.008917e-01 -1.346199e-01 -6.751806e-02 3.761590e-08 6.751814e-02 1.346200e-01 2.008918e-01 2.659251e-01 3.293189e-01 3.906823e-01 4.496370e-01 5.058195e-01 5.588836e-01 6.085019e-01 6.543686e-01 6.962009e-01 7.337408e-01 7.667571e-01 7.950460e-01 8.184332e-01 8.367745e-01 8.499567e-01 8.578988e-01 8.605515e-01 
-8.798367e-01 -8.771245e-01 -8.690045e-01 -8.555267e-01 -8.367744e-01 -8.128631e-01 -7.839402e-01 -7.501841e-01 -7.118028e-01 -6.690331e-01 -6.221385e-01 -5.714082e-01 -5.171550e-01 -4.597134e-01 -3.994375e-01 -3.366989e-01 -2.718845e-01 -2.053938e-01 -1.376367e-01 -6.903116e-02 3.845889e-08 6.903123e-02 1.376368e-01 2.053938e-01 2.718845e-01 3.366990e-01 3.994375e-01 4.597135e-01 5.171551e-01 5.714083e-01 6.221385e-01 6.690331e-01 7.118029e-01 7.501841e-01 7.839403e-01 8.128631e-01 8.367745e-01 8.555268e-01 8.690045e-01 8.771245e-01 8.798367e-01 
-8.936974e-01 -8.909424e-01 -8.826945e-01 -8.690044e-01 -8.499567e-01 -8.256687e-01 -7.962902e-01 -7.620023e-01 -7.230164e-01 -6.795728e-01 -6.319395e-01 -5.804100e-01 -5.253021e-01 -4.669556e-01 -4.057301e-01 -3.420032e-01 -2.761676e-01 -2.086295e-01 -1.398050e-01 -7.011865e-02 3.906475e-08 7.011873e-02 1.398051e-01 2.086296e-01 2.761677e-01 3.420032e-01 4.057302e-01 4.669556e-01 5.253022e-01 5.804101e-01 6.319395e-01 6.795729e-01 7.230164e-01 7.620023e-01 7.962902e-01 8.256687e-01 8.499567e-01 8.690045e-01 8.826945e-01 8.909424e-01 8.936974e-01 
-9.020481e-01 -8.992674e-01 -8.909424e-01 -8.771244e-01 -8.578987e-01 -8.333838e-01 -8.037307e-01 -7.691224e-01 -7.297722e-01 -6.859228e-01 -6.378443e-01 -5.858334e-01 -5.302106e-01 -4.713188e-01 -4.095212e-01 -3.451988e-01 -2.787482e-01 -2.105789e-01 -1.411114e-01 -7.077384e-02 3.942978e-08 7.077392e-02 1.411115e-01 2.105790e-01 2.787482e-01 3.451989e-01 4.095213e-01 4.713189e-01 5.302106e-01 5.858334e-01 6.378444e-01 6.859228e-01 7.297723e-01 7.691225e-01 8.037308e-01 8.333838e-01 8.578988e-01 8.771245e-01 8.909424e-01 8.992674e-01 9.020481e-01 
-9.048374e-01 -9.020481e-01 -8.936974e-01 -8.798367e-01 -8.605515e-01 -8.359608e-01 -8.062160e-01 -7.715007e-01 -7.320288e-01 -6.880438e-01 -6.398167e-01 -5.876449e-01 -5.318501e-01 -4.727762e-01 -4.107876e-01 -3.462663e-01 -2.796101e-01 -2.112301e-01 -1.415477e-01 -7.099269e-02 3.955170e-08 7.099277e-02 1.415478e-01 2.112301e-01 2.796102e-01 3.462663e-01 4.107876e-01 4.727763e-01 5.318501e-01 5.876449e-01 6.398167e-01 6.880438e-01 7.320289e-01 7.715008e-01 8.062161e-01 8.359608e-01 8.605515e-01 8.798367e-01 8.936974e-01 9.020481e-01 9.048374e-01 
