3.235180e-04 3.223959e-04 3.190256e-04 3.133946e-04 3.054835e-04 2.952662e-04 2.827116e-04 2.677859e-04 2.504547e-04 2.306859e-04 2.084529e-04 1.837382e-04 1.565366e-04 1.268596e-04 9.473841e-05 6.022732e-05 2.340686e-05 1.561385e-05 5.669522e-05 9.966578e-05 1.443215e-04 1.904253e-04 2.377081e-04 2.858686e-04 3.345756e-04 3.834690e-04 4.321627e-04 4.802473e-04 5.272938e-04 5.728582e-04 6.164867e-04 6.577220e-04 6.961111e-04 7.312128e-04 7.626071e-04 7.899044e-04 8.127548e-04 8.308575e-04 8.439686e-04 8.519087e-04 8.545677e-04 
3.222997e-04 3.211808e-04 3.178202e-04 3.122055e-04 3.043173e-04 2.941295e-04 2.816113e-04 2.667289e-04 2.494481e-04 2.297370e-04 2.075691e-04 1.829270e-04 1.558058e-04 1.262169e-04 9.419142e-05 5.978376e-05 2.307426e-05 1.582823e-05 5.678443e-05 9.962330e-05 1.441413e-04 1.901022e-04 2.372373e-04 2.852465e-04 3.337992e-04 3.825367e-04 4.310738e-04 4.790025e-04 5.258951e-04 5.713091e-04 6.147922e-04 6.558890e-04 6.941479e-04 7.291295e-04 7.604156e-04 7.876181e-04 8.103887e-04 8.284278e-04 8.414927e-04 8.494047e-04 8.520544e-04 
3.186424e-04 3.175333e-04 3.142018e-04 3.086361e-04 3.008165e-04 2.907175e-04 2.783085e-04 2.635563e-04 2.464270e-04 2.268891e-04 2.049166e-04 1.804925e-04 1.536123e-04 1.242874e-04 9.254913e-05 5.845153e-05 2.207453e-05 1.647373e-05 5.705498e-05 9.949950e-05 1.436053e-04 1.891382e-04 2.358315e-04 2.833878e-04 3.314792e-04 3.797502e-04 4.278191e-04 4.752817e-04 5.217143e-04 5.666789e-04 6.097279e-04 6.504107e-04 6.882808e-04 7.229041e-04 7.538671e-04 7.807868e-04 8.033192e-04 8.211686e-04 8.340956e-04 8.419239e-04 8.445454e-04 
3.125394e-04 3.114465e-04 3.081640e-04 3.026799e-04 2.949752e-04 2.850247e-04 2.727983e-04 2.582634e-04 2.413870e-04 2.221382e-04 2.004918e-04 1.764313e-04 1.499527e-04 1.210678e-04 8.980765e-05 5.622605e-05 2.040210e-05 1.755729e-05 5.751553e-05 9.930510e-05 1.427267e-04 1.875493e-04 2.335100e-04 2.803154e-04 3.276425e-04 3.751408e-04 4.224346e-04 4.691258e-04 5.147976e-04 5.590191e-04 6.013506e-04 6.413494e-04 6.785776e-04 7.126092e-04 7.430392e-04 7.694923e-04 7.916318e-04 8.091684e-04 8.218680e-04 8.295582e-04 8.321335e-04 
3.039802e-04 3.029102e-04 2.996965e-04 2.943274e-04 2.867842e-04 2.770424e-04 2.650726e-04 2.508431e-04 2.343217e-04 2.154786e-04 1.942894e-04 1.707384e-04 1.448222e-04 1.165527e-04 8.596091e-05 5.310004e-05 1.804798e-05 1.909013e-05 5.818016e-05 9.905765e-05 1.415271e-04 1.853619e-04 2.303044e-04 2.760670e-04 3.223333e-04 3.687600e-04 4.149794e-04 4.606020e-04 5.052205e-04 5.484141e-04 5.897536e-04 6.288076e-04 6.651493e-04 6.983644e-04 7.280591e-04 7.538688e-04 7.754668e-04 7.925725e-04 8.049590e-04 8.124590e-04 8.149705e-04 
2.929516e-04 2.919113e-04 2.887866e-04 2.835662e-04 2.762320e-04 2.667599e-04 2.551218e-04 2.412866e-04 2.252233e-04 2.069033e-04 1.863030e-04 1.634077e-04 1.382145e-04 1.107354e-04 8.100122e-05 4.906410e-05 1.500034e-05 2.108730e-05 5.906788e-05 9.878100e-05 1.400361e-04 1.826122e-04 2.262584e-04 2.706945e-04 3.156125e-04 3.606785e-04 4.055348e-04 4.498029e-04 4.930874e-04 5.349802e-04 5.750654e-04 6.129256e-04 6.481483e-04 6.803333e-04 7.091010e-04 7.341002e-04 7.550163e-04 7.715796e-04 7.835719e-04 7.908328e-04 7.932642e-04 
2.794392e-04 2.784354e-04 2.754204e-04 2.703831e-04 2.633061e-04 2.541660e-04 2.429355e-04 2.295848e-04 2.140839e-04 1.964051e-04 1.765263e-04 1.544332e-04 1.301233e-04 1.036089e-04 7.492000e-05 4.410737e-05 1.124517e-05 2.356692e-05 6.020197e-05 9.850461e-05 1.382903e-04 1.793451e-04 2.214263e-04 2.642627e-04 3.075566e-04 3.509851e-04 3.942028e-04 4.368444e-04 4.785288e-04 5.188628e-04 5.574467e-04 5.938792e-04 6.277649e-04 6.587204e-04 6.863825e-04 7.104155e-04 7.305195e-04 7.464371e-04 7.579604e-04 7.649367e-04 7.672727e-04 
2.634291e-04 2.624689e-04 2.595846e-04 2.547656e-04 2.479949e-04 2.392501e-04 2.285046e-04 2.157297e-04 2.008965e-04 1.839784e-04 1.649540e-04 1.438098e-04 1.205434e-04 9.516677e-05 6.770883e-05 3.821851e-05 6.767155e-06 2.654939e-05 6.160912e-05 9.826269e-05 1.363328e-04 1.756138e-04 2.158726e-04 2.568487e-04 2.982561e-04 3.397852e-04 3.811044e-04 4.218641e-04 4.616993e-04 5.002343e-04 5.370873e-04 5.718760e-04 6.042238e-04 6.337666e-04 6.601595e-04 6.830845e-04 7.022576e-04 7.174355e-04 7.284219e-04 7.350726e-04 7.372993e-04 
2.449103e-04 2.440008e-04 2.412688e-04 2.367040e-04 2.302899e-04 2.220047e-04 2.118229e-04 1.997164e-04 1.856574e-04 1.696202e-04 1.515838e-04 1.315351e-04 1.094716e-04 8.540424e-05 5.936048e-05 3.138670e-05 1.550676e-06 3.005642e-05 6.331845e-05 9.809319e-05 1.342117e-04 1.714782e-04 2.096702e-04 2.485397e-04 2.878142e-04 3.271986e-04 3.663777e-04 4.050188e-04 4.427752e-04 4.792905e-04 5.142031e-04 5.471514e-04 5.777797e-04 6.057446e-04 6.307215e-04 6.524116e-04 6.705480e-04 6.849027e-04 6.952918e-04 7.015803e-04 7.036857e-04 
2.238765e-04 2.230251e-04 2.204674e-04 2.161935e-04 2.101873e-04 2.024275e-04 1.928891e-04 1.815450e-04 1.683678e-04 1.533322e-04 1.364176e-04 1.176107e-04 9.690825e-05 7.431971e-05 4.987020e-05 2.360282e-05 4.419053e-06 3.410987e-05 6.536041e-05 9.803668e-05 1.319793e-04 1.670035e-04 2.028992e-04 2.394320e-04 2.763446e-04 3.133581e-04 3.501750e-04 3.864814e-04 4.219507e-04 4.562476e-04 4.890319e-04 5.199645e-04 5.487122e-04 5.749536e-04 5.983858e-04 6.187298e-04 6.357375e-04 6.491966e-04 6.589362e-04 6.648310e-04 6.668045e-04 
2.003295e-04 1.995437e-04 1.971829e-04 1.932373e-04 1.876911e-04 1.805234e-04 1.717094e-04 1.612225e-04 1.490353e-04 1.351228e-04 1.194637e-04 1.020441e-04 8.285915e-05 6.191615e-05 3.923705e-05 1.486074e-05 1.115479e-05 3.873065e-05 6.776562e-05 9.813513e-05 1.296907e-04 1.622596e-04 1.956456e-04 2.296294e-04 2.639700e-04 2.984066e-04 3.326607e-04 3.664387e-04 3.994355e-04 4.313379e-04 4.618292e-04 4.905934e-04 5.173210e-04 5.417138e-04 5.634911e-04 5.823949e-04 5.981959e-04 6.106982e-04 6.197445e-04 6.252193e-04 6.270521e-04 
1.742814e-04 1.735689e-04 1.714279e-04 1.678487e-04 1.628154e-04 1.563073e-04 1.482997e-04 1.387654e-04 1.276771e-04 1.150088e-04 1.007384e-04 8.485005e-05 6.733672e-05 4.820254e-05 2.746530e-05 5.158622e-06 1.866598e-05 4.393741e-05 7.056362e-05 9.843064e-05 1.274020e-04 1.573186e-04 1.879991e-04 2.192405e-04 2.508198e-04 2.824952e-04 3.140085e-04 3.450878e-04 3.754505e-04 4.048068e-04 4.328639e-04 4.593303e-04 4.839207e-04 5.063606e-04 5.263919e-04 5.437781e-04 5.583089e-04 5.698052e-04 5.781227e-04 5.831562e-04 5.848412e-04 
1.457577e-04 1.451261e-04 1.432282e-04 1.400539e-04 1.355871e-04 1.298069e-04 1.226878e-04 1.142021e-04 1.043213e-04 9.301783e-05 8.026775e-05 6.605257e-05 5.036184e-05 3.319543e-05 1.456583e-05 5.499769e-06 2.695752e-05 4.974535e-05 7.378159e-05 9.896410e-05 1.251697e-04 1.522540e-04 1.800519e-04 2.083780e-04 2.370281e-04 2.657806e-04 2.943988e-04 3.226333e-04 3.502249e-04 3.769079e-04 4.024141e-04 4.264768e-04 4.488352e-04 4.692388e-04 4.874524e-04 5.032605e-04 5.164720e-04 5.269240e-04 5.344858e-04 5.390618e-04 5.405937e-04 
1.147996e-04 1.142569e-04 1.126254e-04 1.098948e-04 1.060485e-04 1.010644e-04 9.491624e-05 8.757467e-05 7.900920e-05 6.918997e-05 5.808986e-05 4.568669e-05 3.196541e-05 1.692038e-05 5.575119e-07 1.710372e-05 3.602847e-05 5.616492e-05 7.744311e-05 9.977395e-05 1.230488e-04 1.471391e-04 1.718970e-04 1.971557e-04 2.227311e-04 2.484226e-04 2.740156e-04 2.992839e-04 3.239923e-04 3.478996e-04 3.707625e-04 3.923392e-04 4.123932e-04 4.306978e-04 4.470405e-04 4.612265e-04 4.730832e-04 4.824641e-04 4.892512e-04 4.933585e-04 4.947334e-04 
8.146746e-05 8.102148e-05 7.967985e-05 7.743171e-05 7.425952e-05 7.013981e-05 6.504435e-05 5.894149e-05 5.179780e-05 4.357987e-05 3.425636e-05 2.380002e-05 1.218989e-05 5.865645e-07 1.453142e-05 2.963434e-05 4.587082e-05 6.320070e-05 8.156698e-05 1.008949e-04 1.210914e-04 1.420450e-04 1.636261e-04 1.856875e-04 2.080656e-04 2.305817e-04 2.530439e-04 2.752496e-04 2.969876e-04 3.180415e-04 3.381927e-04 3.572238e-04 3.749227e-04 3.910858e-04 4.055224e-04 4.180581e-04 4.285383e-04 4.368316e-04 4.428328e-04 4.464648e-04 4.476807e-04 
4.584266e-05 4.550116e-05 4.447270e-05 4.274555e-05 4.030069e-05 3.711262e-05 3.315043e-05 2.837911e-05 2.276121e-05 1.625854e-05 8.834140e-06 4.543250e-07 8.909268e-06 1.927759e-05 3.066221e-05 4.306338e-05 5.646843e-05 7.085023e-05 8.616605e-05 1.023566e-04 1.193457e-04 1.370399e-04 1.553286e-04 1.740849e-04 1.931665e-04 2.124169e-04 2.316672e-04 2.507385e-04 2.694436e-04 2.875904e-04 3.049847e-04 3.214332e-04 3.367471e-04 3.507453e-04 3.632580e-04 3.741302e-04 3.832244e-04 3.904239e-04 3.956351e-04 3.987896e-04 3.998457e-04 
8.030261e-06 7.800909e-06 7.108494e-06 5.940103e-06 4.274743e-06 2.084124e-06 6.662695e-07 4.015848e-06 8.007354e-06 1.268511e-05 1.809314e-05 2.427312e-05 3.126240e-05 3.909196e-05 4.778442e-05 5.735223e-05 6.779601e-05 7.910306e-05 9.124622e-05 1.041830e-04 1.178549e-04 1.321873e-04 1.470896e-04 1.624558e-04 1.781650e-04 1.940834e-04 2.100650e-04 2.259541e-04 2.415876e-04 2.567971e-04 2.714119e-04 2.852619e-04 2.981807e-04 3.100086e-04 3.205959e-04 3.298055e-04 3.375161e-04 3.436247e-04 3.480486e-04 3.507274e-04 3.516245e-04 
3.183914e-05 3.194889e-05 3.228302e-05 3.285598e-05 3.369132e-05 3.482090e-05 3.628385e-05 3.812515e-05 4.039417e-05 4.314285e-05 4.642380e-05 5.028836e-05 5.478455e-05 5.995500e-05 6.583510e-05 7.245104e-05 7.981825e-05 8.793986e-05 9.680557e-05 1.063906e-04 1.166554e-04 1.275449e-04 1.389889e-04 1.509026e-04 1.631870e-04 1.757306e-04 1.884102e-04 2.010932e-04 2.136394e-04 2.259035e-04 2.377374e-04 2.489932e-04 2.595255e-04 2.691948e-04 2.778698e-04 2.854307e-04 2.917708e-04 2.967999e-04 3.004453e-04 3.026541e-04 3.033940e-04 
7.360773e-05 7.359073e-05 7.354526e-05 7.348769e-05 7.344474e-05 7.345273e-05 7.355641e-05 7.380766e-05 7.426383e-05 7.498604e-05 7.603716e-05 7.747989e-05 7.937462e-05 8.177741e-05 8.473803e-05 8.829807e-05 9.248922e-05 9.733183e-05 1.028336e-04 1.089887e-04 1.157769e-04 1.231636e-04 1.310995e-04 1.395211e-04 1.483512e-04 1.575004e-04 1.668677e-04 1.763430e-04 1.858083e-04 1.951401e-04 2.042118e-04 2.128961e-04 2.210677e-04 2.286054e-04 2.353954e-04 2.413331e-04 2.463258e-04 2.502945e-04 2.531758e-04 2.549234e-04 2.555091e-04 
1.170892e-04 1.169388e-04 1.164936e-04 1.157725e-04 1.148059e-04 1.136356e-04 1.123131e-04 1.108984e-04 1.094584e-04 1.080649e-04 1.067929e-04 1.057180e-04 1.049149e-04 1.044547e-04 1.044033e-04 1.048192e-04 1.057519e-04 1.072401e-04 1.093107e-04 1.119777e-04 1.152410e-04 1.190868e-04 1.234869e-04 1.283991e-04 1.337679e-04 1.395254e-04 1.455923e-04 1.518799e-04 1.582912e-04 1.647234e-04 1.710702e-04 1.772232e-04 1.830755e-04 1.885230e-04 1.934674e-04 1.978182e-04 2.014951e-04 2.044293e-04 2.065658e-04 2.078640e-04 2.082996e-04 
1.620682e-04 1.617780e-04 1.609146e-04 1.594994e-04 1.575677e-04 1.551672e-04 1.523574e-04 1.492081e-04 1.457969e-04 1.422082e-04 1.385306e-04 1.348547e-04 1.312709e-04 1.278672e-04 1.247273e-04 1.219280e-04 1.195380e-04 1.176157e-04 1.162080e-04 1.153494e-04 1.150609e-04 1.153494e-04 1.162080e-04 1.176157e-04 1.195380e-04 1.219280e-04 1.247273e-04 1.278672e-04 1.312709e-04 1.348547e-04 1.385306e-04 1.422082e-04 1.457969e-04 1.492081e-04 1.523574e-04 1.551672e-04 1.575677e-04 1.594994e-04 1.609146e-04 1.617780e-04 1.620682e-04 
2.082996e-04 2.078640e-04 2.065658e-04 2.044293e-04 2.014951e-04 1.978182e-04 1.934674e-04 1.885230e-04 1.830755e-04 1.772232e-04 1.710702e-04 1.647234e-04 1.582912e-04 1.518799e-04 1.455923e-04 1.395254e-04 1.337679e-04 1.283991e-04 1.234869e-04 1.190868e-04 1.152410e-04 1.119777e-04 1.093107e-04 1.072401e-04 1.057519e-04 1.048192e-04 1.044033e-04 1.044547e-04 1.049149e-04 1.057180e-04 1.067929e-04 1.080649e-04 1.094584e-04 1.108984e-04 1.123131e-04 1.136356e-04 1.148059e-04 1.157725e-04 1.164936e-04 1.169388e-04 1.170892e-04 
2.555091e-04 2.549234e-04 2.531758e-04 2.502945e-04 2.463258e-04 2.413331e-04 2.353954e-04 2.286054e-04 2.210677e-04 2.128961e-04 2.042118e-04 1.951401e-04 1.858083e-04 1.763430e-04 1.668677e-04 1.575004e-04 1.483512e-04 1.395211e-04 1.310995e-04 1.231636e-04 1.157769e-04 1.089887e-04 1.028336e-04 9.733183e-05 9.248922e-05 8.829807e-05 8.473803e-05 8.177741e-05 7.937462e-05 7.747989e-05 7.603716e-05 7.498604e-05 7.426383e-05 7.380766e-05 7.355641e-05 7.345273e-05 7.344474e-05 7.348769e-05 7.354526e-05 7.359073e-05 7.360773e-05 
3.033940e-04 3.026541e-04 3.004453e-04 2.967999e-04 2.917708e-04 2.854307e-04 2.778698e-04 2.691948e-04 2.595255e-04 2.489932e-04 2.377374e-04 2.259035e-04 2.136394e-04 2.010932e-04 1.884102e-04 1.757306e-04 1.631870e-04 1.509026e-04 1.389889e-04 1.275449e-04 1.166554e-04 1.063906e-04 9.680557e-05 8.793986e-05 7.981825e-05 7.245104e-05 6.583510e-05 5.995500e-05 5.478455e-05 5.028836e-05 4.642380e-05 4.314285e-05 4.039417e-05 3.812515e-05 3.628385e-05 3.482090e-05 3.369132e-05 3.285598e-05 3.228302e-05 3.194889e-05 3.183914e-05 
3.516245e-04 3.507274e-04 3.480486e-04 3.436247e-04 3.375161e-04 3.298055e-04 3.205959e-04 3.100086e-04 2.981807e-04 2.852619e-04 2.714119e-04 2.567971e-04 2.415876e-04 2.259541e-04 2.100650e-04 1.940834e-04 1.781650e-04 1.624558e-04 1.470896e-04 1.321873e-04 1.178549e-04 1.041830e-04 9.124622e-05 7.910306e-05 6.779601e-05 5.735223e-05 4.778442e-05 3.909196e-05 3.126240e-05 2.427312e-05 1.809314e-05 1.268511e-05 8.007354e-06 4.015848e-06 6.662695e-07 2.084124e-06 4.274743e-06 5.940103e-06 7.108494e-06 7.800909e-06 8.030261e-06 
3.998457e-04 3.987896e-04 3.956351e-04 3.904239e-04 3.832244e-04 3.741302e-04 3.632580e-04 3.507453e-04 3.367471e-04 3.214332e-04 3.049847e-04 2.875904e-04 2.694436e-04 2.507385e-04 2.316672e-04 2.124169e-04 1.931665e-04 1.740849e-04 1.553286e-04 1.370399e-04 1.193457e-04 1.023566e-04 8.616605e-05 7.085023e-05 5.646843e-05 4.306338e-05 3.066221e-05 1.927759e-05 8.909268e-06 4.543250e-07 8.834140e-06 1.625854e-05 2.276121e-05 2.837911e-05 3.315043e-05 3.711262e-05 4.030069e-05 4.274555e-05 4.447270e-05 4.550116e-05 4.584266e-05 
4.476807e-04 4.464648e-04 4.428328e-04 4.368316e-04 4.285383e-04 4.180581e-04 4.055224e-04 3.910858e-04 3.749227e-04 3.572238e-04 3.381927e-04 3.180415e-04 2.969876e-04 2.752496e-04 2.530439e-04 2.305817e-04 2.080656e-04 1.856875e-04 1.636261e-04 1.420450e-04 1.210914e-04 1.008949e-04 8.156698e-05 6.320070e-05 4.587082e-05 2.963434e-05 1.453142e-05 5.865645e-07 1.218989e-05 2.380002e-05 3.425636e-05 4.357987e-05 5.179780e-05 5.894149e-05 6.504435e-05 7.013981e-05 7.425952e-05 7.743171e-05 7.967985e-05 8.102148e-05 8.146746e-05 
4.947334e-04 4.933585e-04 4.892512e-04 4.824641e-04 4.730832e-04 4.612265e-04 4.470405e-04 4.306978e-04 4.123932e-04 3.923392e-04 3.707625e-04 3.478996e-04 3.239923e-04 2.992839e-04 2.740156e-04 2.484226e-04 2.227311e-04 1.971557e-04 1.718970e-04 1.471391e-04 1.230488e-04 9.977395e-05 7.744311e-05 5.616492e-05 3.602847e-05 1.710372e-05 5.575119e-07 1.692038e-05 3.196541e-05 4.568669e-05 5.808986e-05 6.918997e-05 7.900920e-05 8.757467e-05 9.491624e-05 1.010644e-04 1.060485e-04 1.098948e-04 1.126254e-04 1.142569e-04 1.147996e-04 
5.405937e-04 5.390618e-04 5.344858e-04 5.269240e-04 5.164720e-04 5.032605e-04 4.874524e-04 4.692388e-04 4.488352e-04 4.264768e-04 4.024141e-04 3.769079e-04 3.502249e-04 3.226333e-04 2.943988e-04 2.657806e-04 2.370281e-04 2.083780e-04 1.800519e-04 1.522540e-04 1.251697e-04 9.896410e-05 7.378159e-05 4.974535e-05 2.695752e-05 5.499769e-06 1.456583e-05 3.319543e-05 5.036184e-05 6.605257e-05 8.026775e-05 9.301783e-05 1.043213e-04 1.142021e-04 1.226878e-04 1.298069e-04 1.355871e-04 1.400539e-04 1.432282e-04 1.451261e-04 1.457577e-04 
5.848412e-04 5.831562e-04 5.781227e-04 5.698052e-04 5.583089e-04 5.437781e-04 5.263919e-04 5.063606e-04 4.839207e-04 4.593303e-04 4.328639e-04 4.048068e-04 3.754505e-04 3.450878e-04 3.140085e-04 2.824952e-04 2.508198e-04 2.192405e-04 1.879991e-04 1.573186e-04 1.274020e-04 9.843064e-05 7.056362e-05 4.393741e-05 1.866598e-05 5.158622e-06 2.746530e-05 4.820254e-05 6.733672e-05 8.485005e-05 1.007384e-04 1.150088e-04 1.276771e-04 1.387654e-04 1.482997e-04 1.563073e-04 1.628154e-04 1.678487e-04 1.714279e-04 1.735689e-04 1.742814e-04 
6.270521e-04 6.252193e-04 6.197445e-04 6.106982e-04 5.981959e-04 5.823949e-04 5.634911e-04 5.417138e-04 5.173210e-04 4.905934e-04 4.618292e-04 4.313379e-04 3.994355e-04 3.664387e-04 3.326607e-04 2.984066e-04 2.639700e-04 2.296294e-04 1.956456e-04 1.622596e-04 1.296907e-04 9.813513e-05 6.776562e-05 3.873065e-05 1.115479e-05 1.486074e-05 3.923705e-05 6.191615e-05 8.285915e-05 1.020441e-04 1.194637e-04 1.351228e-04 1.490353e-04 1.612225e-04 1.717094e-04 1.805234e-04 1.876911e-04 1.932373e-04 1.971829e-04 1.995437e-04 2.003295e-04 
6.668045e-04 6.648310e-04 6.589362e-04 6.491966e-04 6.357375e-04 6.187298e-04 5.983858e-04 5.749536e-04 5.487122e-04 5.199645e-04 4.890319e-04 4.562476e-04 4.219507e-04 3.864814e-04 3.501750e-04 3.133581e-04 2.763446e-04 2.394320e-04 2.028992e-04 1.670035e-04 1.319793e-04 9.803668e-05 6.536041e-05 3.410987e-05 4.419053e-06 2.360282e-05 4.987020e-05 7.431971e-05 9.690825e-05 1.176107e-04 1.364176e-04 1.533322e-04 1.683678e-04 1.815450e-04 1.928891e-04 2.024275e-04 2.101873e-04 2.161935e-04 2.204674e-04 2.230251e-04 2.238765e-04 
7.036857e-04 7.015803e-04 6.952918e-04 6.849027e-04 6.705480e-04 6.524116e-04 6.307215e-04 6.057446e-04 5.777797e-04 5.471514e-04 5.142031e-04 4.792905e-04 4.427752e-04 4.050188e-04 3.663777e-04 3.271986e-04 2.878142e-04 2.485397e-04 2.096702e-04 1.714782e-04 1.342117e-04 9.809319e-05 6.331845e-05 3.005642e-05 1.550676e-06 3.138670e-05 5.936048e-05 8.540424e-05 1.094716e-04 1.315351e-04 1.515838e-04 1.696202e-04 1.856574e-04 1.997164e-04 2.118229e-04 2.220047e-04 2.302899e-04 2.367040e-04 2.412688e-04 2.440008e-04 2.449103e-04 
7.372993e-04 7.350726e-04 7.284219e-04 7.174355e-04 7.022576e-04 6.830845e-04 6.601595e-04 6.337666e-04 6.042238e-04 5.718760e-04 5.370873e-04 5.002343e-04 4.616993e-04 4.218641e-04 3.811044e-04 3.397852e-04 2.982561e-04 2.568487e-04 2.158726e-04 1.756138e-04 1.363328e-04 9.826269e-05 6.160912e-05 2.654939e-05 6.767155e-06 3.821851e-05 6.770883e-05 9.516677e-05 1.205434e-04 1.438098e-04 1.649540e-04 1.839784e-04 2.008965e-04 2.157297e-04 2.285046e-04 2.392501e-04 2.479949e-04 2.547656e-04 2.595846e-04 2.624689e-04 2.634291e-04 
7.672727e-04 7.649367e-04 7.579604e-04 7.464371e-04 7.305195e-04 7.104155e-04 6.863825e-04 6.587204e-04 6.277649e-04 5.938792e-04 5.574467e-04 5.188628e-04 4.785288e-04 4.368444e-04 3.942028e-04 3.509851e-04 3.075566e-04 2.642627e-04 2.214263e-04 1.793451e-04 1.382903e-04 9.850461e-05 6.020197e-05 2.356692e-05 1.124517e-05 4.410737e-05 7.492000e-05 1.036089e-04 1.301233e-04 1.544332e-04 1.765263e-04 1.964051e-04 2.140839e-04 2.295848e-04 2.429355e-04 2.541660e-04 2.633061e-04 2.703831e-04 2.754204e-04 2.784354e-04 2.794392e-04 
7.932642e-04 7.908328e-04 7.835719e-04 7.715796e-04 7.550163e-04 7.341002e-04 7.091010e-04 6.803333e-04 6.481483e-04 6.129256e-04 5.750654e-04 5.349802e-04 4.930874e-04 4.498029e-04 4.055348e-04 3.606785e-04 3.156125e-04 2.706945e-04 2.262584e-04 1.826122e-04 1.400361e-04 9.878100e-05 5.906788e-05 2.108730e-05 1.500034e-05 4.906410e-05 8.100122e-05 1.107354e-04 1.382145e-04 1.634077e-04 1.863030e-04 2.069033e-04 2.252233e-04 2.412866e-04 2.551218e-04 2.667599e-04 2.762320e-04 2.835662e-04 2.887866e-04 2.919113e-04 2.929516e-04 
8.149705e-04 8.124590e-04 8.049590e-04 7.925725e-04 7.754668e-04 7.538688e-04 7.280591e-04 6.983644e-04 6.651493e-04 6.288076e-04 5.897536e-04 5.484141e-04 5.052205e-04 4.606020e-04 4.149794e-04 3.687600e-04 3.223333e-04 2.760670e-04 2.303044e-04 1.853619e-04 1.415271e-04 9.905765e-05 5.818016e-05 1.909013e-05 1.804798e-05 5.310004e-05 8.596091e-05 1.165527e-04 1.448222e-04 1.707384e-04 1.942894e-04 2.154786e-04 2.343217e-04 2.508431e-04 2.650726e-04 2.770424e-04 2.867842e-04 2.943274e-04 2.996965e-04 3.029102e-04 3.039802e-04 
8.321335e-04 8.295582e-04 8.218680e-04 8.091684e-04 7.916318e-04 7.694923e-04 7.430392e-04 7.126092e-04 6.785776e-04 6.413494e-04 6.013506e-04 5.590191e-04 5.147976e-04 4.691258e-04 4.224346e-04 3.751408e-04 3.276425e-04 2.803154e-04 2.335100e-04 1.875493e-04 1.427267e-04 9.930510e-05 5.751553e-05 1.755729e-05 2.040210e-05 5.622605e-05 8.980765e-05 1.210678e-04 1.499527e-04 1.764313e-04 2.004918e-04 2.221382e-04 2.413870e-04 2.582634e-04 2.727983e-04 2.850247e-04 2.949752e-04 3.026799e-04 3.081640e-04 3.114465e-04 3.125394e-04 
8.445454e-04 8.419239e-04 8.340956e-04 8.211686e-04 8.033192e-04 7.807868e-04 7.538671e-04 7.229041e-04 6.882808e-04 6.504107e-04 6.097279e-04 5.666789e-04 5.217143e-04 4.752817e-04 4.278191e-04 3.797502e-04 3.314792e-04 2.833878e-04 2.358315e-04 1.891382e-04 1.436053e-04 9.949950e-05 5.705498e-05 1.647373e-05 2.207453e-05 5.845153e-05 9.254913e-05 1.242874e-04 1.536123e-04 1.804925e-04 2.049166e-04 2.268891e-04 2.464270e-04 2.635563e-04 2.783085e-04 2.907175e-04 3.008165e-04 3.086361e-04 3.142018e-04 3.175333e-04 3.186424e-04 
8.520544e-04 8.494047e-04 8.414927e-04 8.284278e-04 8.103887e-04 7.876181e-04 7.604156e-04 7.291295e-04 6.941479e-04 6.558890e-04 6.147922e-04 5.713091e-04 5.258951e-04 4.790025e-04 4.310738e-04 3.825367e-04 3.337992e-04 2.852465e-04 2.372373e-04 1.901022e-04 1.441413e-04 9.962330e-05 5.678443e-05 1.582823e-05 2.307426e-05 5.978376e-05 9.419142e-05 1.262169e-04 1.558058e-04 1.829270e-04 2.075691e-04 2.297370e-04 2.494481e-04 2.667289e-04 2.816113e-04 2.941295e-04 3.043173e-04 3.122055e-04 3.178202e-04 3.211808e-04 3.222997e-04 
8.545677e-04 8.519087e-04 8.439686e-04 8.308575e-04 8.127548e-04 7.899044e-04 7.626071e-04 7.312128e-04 6.961111e-04 6.577220e-04 6.164867e-04 5.728582e-04 5.272938e-04 4.802473e-04 4.321627e-04 3.834690e-04 3.345756e-04 2.858686e-04 2.377081e-04 1.904253e-04 1.443215e-04 9.966578e-05 5.669522e-05 1.561385e-05 2.340686e-05 6.022732e-05 9.473841e-05 1.268596e-04 1.565366e-04 1.837382e-04 2.084529e-04 2.306859e-04 2.504547e-04 2.677859e-04 2.827116e-04 2.952662e-04 3.054835e-04 3.133946e-04 3.190256e-04 3.223959e-04 3.235180e-04 
