9.101776e-01 8.989563e-01 8.655678e-01 8.108317e-01 7.360914e-01 6.431805e-01 5.343777e-01 4.123507e-01 2.800912e-01 1.408423e-01 -1.980275e-03 -1.448705e-01 -2.843168e-01 -4.168865e-01 -5.393096e-01 -6.485582e-01 -7.419220e-01 -8.170773e-01 -8.721471e-01 -9.057519e-01 -9.170482e-01 
8.989619e-01 8.878788e-01 8.549018e-01 8.008403e-01 7.270211e-01 6.352550e-01 5.277927e-01 4.072690e-01 2.766391e-01 1.391059e-01 -1.956683e-03 -1.430857e-01 -2.808125e-01 -4.117468e-01 -5.326588e-01 -6.405581e-01 -7.327680e-01 -8.069938e-01 -8.613821e-01 -8.945708e-01 -9.057272e-01 
8.655903e-01 8.549188e-01 8.231661e-01 7.711115e-01 7.000324e-01 6.116725e-01 5.081986e-01 3.921480e-01 2.663661e-01 1.339375e-01 -1.888787e-03 -1.377778e-01 -2.703895e-01 -3.964588e-01 -5.128759e-01 -6.167616e-01 -7.055395e-01 -7.770009e-01 -8.293625e-01 -8.613141e-01 -8.720545e-01 
8.108829e-01 8.008858e-01 7.711399e-01 7.223750e-01 6.557875e-01 5.730107e-01 4.760746e-01 3.673559e-01 2.495207e-01 1.254591e-01 -1.784643e-03 -1.290856e-01 -2.533141e-01 -3.714111e-01 -4.804631e-01 -5.777733e-01 -6.609289e-01 -7.278624e-01 -7.769048e-01 -8.068303e-01 -8.168895e-01 
7.361829e-01 7.271066e-01 7.001004e-01 6.558266e-01 5.953712e-01 5.202168e-01 4.322061e-01 3.334973e-01 2.265110e-01 1.138717e-01 -1.655983e-03 -1.172342e-01 -2.300206e-01 -3.372375e-01 -4.362394e-01 -5.245782e-01 -6.000645e-01 -6.608224e-01 -7.053384e-01 -7.325012e-01 -7.416316e-01 
6.433233e-01 6.353914e-01 6.117902e-01 5.730983e-01 5.202643e-01 4.545836e-01 3.776662e-01 2.913983e-01 1.978954e-01 9.945158e-02 -1.516396e-03 -1.025277e-01 -2.010974e-01 -2.947975e-01 -3.813157e-01 -4.585127e-01 -5.244758e-01 -5.775666e-01 -6.164638e-01 -6.401976e-01 -6.481753e-01 
5.345808e-01 5.279887e-01 5.083742e-01 4.762176e-01 4.323069e-01 3.777181e-01 3.137890e-01 2.420866e-01 1.643695e-01 8.254433e-02 -1.379675e-03 -8.533994e-02 -1.672705e-01 -2.451527e-01 -3.170641e-01 -3.812266e-01 -4.360506e-01 -4.801749e-01 -5.125021e-01 -5.322267e-01 -5.388567e-01 
4.126200e-01 4.075304e-01 3.923862e-01 3.675580e-01 3.336534e-01 2.915023e-01 2.421371e-01 1.867671e-01 1.267497e-01 6.355723e-02 -1.258557e-03 -6.610444e-02 -1.293844e-01 -1.895386e-01 -2.450819e-01 -2.946404e-01 -3.369859e-01 -3.710671e-01 -3.960362e-01 -4.112711e-01 -4.163921e-01 
2.804282e-01 2.769669e-01 2.666673e-01 2.497809e-01 2.267198e-01 1.980473e-01 1.644642e-01 1.267922e-01 8.595362e-02 4.294976e-02 -1.163812e-03 -4.530270e-02 -8.838017e-02 -1.293338e-01 -1.671515e-01 -2.008969e-01 -2.297328e-01 -2.529422e-01 -2.699469e-01 -2.803226e-01 -2.838103e-01 
1.412430e-01 1.394959e-01 1.342966e-01 1.257710e-01 1.141253e-01 9.964189e-02 8.267238e-02 6.362970e-02 4.297821e-02 2.122274e-02 -1.103581e-03 -2.345220e-02 -4.527248e-02 -6.602527e-02 -8.519624e-02 -1.023088e-01 -1.169361e-01 -1.287124e-01 -1.373422e-01 -1.426086e-01 -1.443789e-01 
-1.525939e-03 -1.514880e-03 -1.482849e-03 -1.433147e-03 -1.370843e-03 -1.302193e-03 -1.233972e-03 -1.172790e-03 -1.124475e-03 -1.093563e-03 -1.082926e-03 -1.093547e-03 -1.124444e-03 -1.172746e-03 -1.233915e-03 -1.302124e-03 -1.370765e-03 -1.433061e-03 -1.482756e-03 -1.514784e-03 -1.525842e-03 
-1.443790e-01 -1.426087e-01 -1.373423e-01 -1.287125e-01 -1.169362e-01 -1.023088e-01 -8.519628e-02 -6.602530e-02 -4.527250e-02 -2.345220e-02 -1.103565e-03 2.122277e-02 4.297826e-02 6.362976e-02 8.267245e-02 9.964197e-02 1.141254e-01 1.257711e-01 1.342967e-01 1.394960e-01 1.412431e-01 
-2.838103e-01 -2.803227e-01 -2.699469e-01 -2.529422e-01 -2.297328e-01 -2.008970e-01 -1.671515e-01 -1.293338e-01 -8.838016e-02 -4.530268e-02 -1.163781e-03 4.294980e-02 8.595368e-02 1.267922e-01 1.644643e-01 1.980474e-01 2.267199e-01 2.497810e-01 2.666674e-01 2.769670e-01 2.804284e-01 
-4.163921e-01 -4.112712e-01 -3.960362e-01 -3.710671e-01 -3.369860e-01 -2.946404e-01 -2.450819e-01 -1.895386e-01 -1.293844e-01 -6.610441e-02 -1.258512e-03 6.355729e-02 1.267497e-01 1.867671e-01 2.421372e-01 2.915024e-01 3.336535e-01 3.675581e-01 3.923864e-01 4.075305e-01 4.126201e-01 
-5.388567e-01 -5.322267e-01 -5.125021e-01 -4.801749e-01 -4.360506e-01 -3.812266e-01 -3.170641e-01 -2.451527e-01 -1.672705e-01 -8.533989e-02 -1.379615e-03 8.254440e-02 1.643696e-01 2.420867e-01 3.137891e-01 3.777182e-01 4.323070e-01 4.762177e-01 5.083743e-01 5.279889e-01 5.345809e-01 
-6.481753e-01 -6.401976e-01 -6.164638e-01 -5.775666e-01 -5.244758e-01 -4.585127e-01 -3.813156e-01 -2.947975e-01 -2.010974e-01 -1.025276e-01 -1.516325e-03 9.945167e-02 1.978955e-01 2.913984e-01 3.776664e-01 4.545837e-01 5.202644e-01 5.730984e-01 6.117903e-01 6.353915e-01 6.433234e-01 
-7.416316e-01 -7.325012e-01 -7.053384e-01 -6.608224e-01 -6.000645e-01 -5.245782e-01 -4.362393e-01 -3.372374e-01 -2.300206e-01 -1.172341e-01 -1.655902e-03 1.138718e-01 2.265111e-01 3.334974e-01 4.322063e-01 5.202169e-01 5.953714e-01 6.558268e-01 7.001005e-01 7.271068e-01 7.361831e-01 
-8.168895e-01 -8.068303e-01 -7.769048e-01 -7.278624e-01 -6.609289e-01 -5.777733e-01 -4.804630e-01 -3.714111e-01 -2.533140e-01 -1.290856e-01 -1.784553e-03 1.254592e-01 2.495208e-01 3.673560e-01 4.760747e-01 5.730109e-01 6.557877e-01 7.223752e-01 7.711400e-01 8.008860e-01 8.108831e-01 
-8.720544e-01 -8.613140e-01 -8.293625e-01 -7.770009e-01 -7.055395e-01 -6.167616e-01 -5.128758e-01 -3.964587e-01 -2.703894e-01 -1.377778e-01 -1.888686e-03 1.339376e-01 2.663662e-01 3.921481e-01 5.081987e-01 6.116726e-01 7.000326e-01 7.711117e-01 8.231662e-01 8.549189e-01 8.655905e-01 
-9.057273e-01 -8.945709e-01 -8.613821e-01 -8.069938e-01 -7.327681e-01 -6.405581e-01 -5.326588e-01 -4.117468e-01 -2.808124e-01 -1.430856e-01 -1.956597e-03 1.391060e-01 2.766392e-01 4.072692e-01 5.277928e-01 6.352551e-01 7.270212e-01 8.008405e-01 8.549020e-01 8.878790e-01 8.989620e-01 
-9.170480e-01 -9.057518e-01 -8.721469e-01 -8.170772e-01 -7.419219e-01 -6.485580e-01 -5.393095e-01 -4.168864e-01 -2.843167e-01 -1.448704e-01 -1.980152e-03 1.408424e-01 2.800913e-01 4.123508e-01 5.343778e-01 6.431807e-01 7.360916e-01 8.108319e-01 8.655679e-01 8.989564e-01 9.101777e-01 
