9.110891e-01 8.998585e-01 8.664430e-01 8.116649e-01 7.368713e-01 6.439009e-01 5.350379e-01 4.129557e-01 2.806511e-01 1.413712e-01 -1.465506e-03 -1.443519e-01 -2.837769e-01 -4.163102e-01 -5.386854e-01 -6.478796e-01 -7.411882e-01 -8.162929e-01 -8.713222e-01 -9.049009e-01 -9.161881e-01 
8.998612e-01 8.887691e-01 8.557655e-01 8.016626e-01 7.277909e-01 6.359663e-01 5.284448e-01 4.078669e-01 2.771925e-01 1.396288e-01 -1.447708e-03 -1.425729e-01 -2.802789e-01 -4.111775e-01 -5.320425e-01 -6.398884e-01 -7.320441e-01 -8.062202e-01 -8.605688e-01 -8.937319e-01 -9.048794e-01 
8.664544e-01 8.557742e-01 8.239962e-01 7.719022e-01 7.007732e-01 6.123575e-01 5.088273e-01 3.927250e-01 2.669008e-01 1.344430e-01 -1.396611e-03 -1.372822e-01 -2.698741e-01 -3.959097e-01 -5.122823e-01 -6.161176e-01 -7.048442e-01 -7.762587e-01 -8.285828e-01 -8.605101e-01 -8.712422e-01 
8.116920e-01 8.016869e-01 7.719177e-01 7.231165e-01 6.564830e-01 5.736549e-01 4.766668e-01 3.679004e-01 2.500262e-01 1.259376e-01 -1.318577e-03 -1.286166e-01 -2.528272e-01 -3.708934e-01 -4.799048e-01 -5.771690e-01 -6.602778e-01 -7.271686e-01 -7.761769e-01 -8.060803e-01 -8.161319e-01 
7.369224e-01 7.278389e-01 7.008119e-01 6.565058e-01 5.960094e-01 5.208092e-01 4.327522e-01 3.340008e-01 2.269796e-01 1.143162e-01 -1.222735e-03 -1.167985e-01 -2.295692e-01 -3.367589e-01 -4.357251e-01 -5.240234e-01 -5.994685e-01 -6.601888e-01 -7.046747e-01 -7.318181e-01 -7.409419e-01 
6.439851e-01 6.360471e-01 6.124279e-01 5.737080e-01 5.208386e-01 4.551183e-01 3.781609e-01 2.918562e-01 1.983231e-01 9.985835e-02 -1.119428e-03 -1.021287e-01 -2.006851e-01 -2.943620e-01 -3.808497e-01 -4.580121e-01 -5.239399e-01 -5.769987e-01 -6.158703e-01 -6.395876e-01 -6.475596e-01 
5.351644e-01 5.285671e-01 5.089375e-01 4.767573e-01 4.328168e-01 3.781947e-01 3.142319e-01 2.424986e-01 1.647561e-01 8.291335e-02 -1.018895e-03 -8.497750e-02 -1.668969e-01 -2.447597e-01 -3.166456e-01 -3.807793e-01 -4.355739e-01 -4.796715e-01 -5.119773e-01 -5.316882e-01 -5.383135e-01 
4.131319e-01 4.080381e-01 3.928814e-01 3.680336e-01 3.341043e-01 2.919258e-01 2.425327e-01 1.871372e-01 1.270989e-01 6.389210e-02 -9.303538e-04 -6.577472e-02 -1.290453e-01 -1.891834e-01 -2.447055e-01 -2.942401e-01 -3.365614e-01 -3.706205e-01 -3.955719e-01 -4.107956e-01 -4.159126e-01 
2.808818e-01 2.774169e-01 2.671069e-01 2.502043e-01 2.271228e-01 1.984275e-01 1.648215e-01 1.271285e-01 8.627283e-02 4.325733e-02 -8.614199e-04 -4.499866e-02 -8.806794e-02 -1.290077e-01 -1.668075e-01 -2.005327e-01 -2.293481e-01 -2.525389e-01 -2.695288e-01 -2.798951e-01 -2.833794e-01 
1.416568e-01 1.399066e-01 1.346984e-01 1.261589e-01 1.144957e-01 9.999279e-02 8.300373e-02 6.394327e-02 4.327746e-02 2.151246e-02 -8.177427e-04 -2.316428e-02 -4.497679e-02 -6.571694e-02 -8.487169e-02 -1.019661e-01 -1.165752e-01 -1.283349e-01 -1.369515e-01 -1.422094e-01 -1.439769e-01 
-1.129844e-03 -1.121630e-03 -1.097852e-03 -1.060999e-03 -1.014874e-03 -9.641467e-04 -9.138344e-04 -8.687973e-04 -8.332878e-04 -8.105944e-04 -8.027892e-04 -8.105792e-04 -8.332578e-04 -8.687532e-04 -9.137772e-04 -9.640778e-04 -1.014796e-03 -1.060912e-03 -1.097759e-03 -1.121533e-03 -1.129747e-03 
-1.439769e-01 -1.422095e-01 -1.369516e-01 -1.283350e-01 -1.165752e-01 -1.019661e-01 -8.487173e-02 -6.571697e-02 -4.497680e-02 -2.316428e-02 -8.177269e-04 2.151249e-02 4.327751e-02 6.394333e-02 8.300380e-02 9.999287e-02 1.144958e-01 1.261590e-01 1.346985e-01 1.399067e-01 1.416569e-01 
-2.833795e-01 -2.798951e-01 -2.695289e-01 -2.525390e-01 -2.293482e-01 -2.005327e-01 -1.668075e-01 -1.290077e-01 -8.806794e-02 -4.499864e-02 -8.613887e-04 4.325738e-02 8.627289e-02 1.271285e-01 1.648216e-01 1.984276e-01 2.271229e-01 2.502044e-01 2.671071e-01 2.774170e-01 2.808819e-01 
-4.159126e-01 -4.107956e-01 -3.955720e-01 -3.706205e-01 -3.365614e-01 -2.942401e-01 -2.447056e-01 -1.891834e-01 -1.290453e-01 -6.577469e-02 -9.303080e-04 6.389216e-02 1.270990e-01 1.871373e-01 2.425328e-01 2.919259e-01 3.341045e-01 3.680338e-01 3.928815e-01 4.080382e-01 4.131321e-01 
-5.383135e-01 -5.316882e-01 -5.119774e-01 -4.796715e-01 -4.355739e-01 -3.807793e-01 -3.166456e-01 -2.447597e-01 -1.668969e-01 -8.497746e-02 -1.018835e-03 8.291342e-02 1.647561e-01 2.424987e-01 3.142320e-01 3.781948e-01 4.328169e-01 4.767574e-01 5.089376e-01 5.285673e-01 5.351645e-01 
-6.475596e-01 -6.395876e-01 -6.158703e-01 -5.769987e-01 -5.239399e-01 -4.580121e-01 -3.808496e-01 -2.943620e-01 -2.006850e-01 -1.021286e-01 -1.119356e-03 9.985844e-02 1.983232e-01 2.918563e-01 3.781610e-01 4.551184e-01 5.208387e-01 5.737081e-01 6.124280e-01 6.360472e-01 6.439853e-01 
-7.409419e-01 -7.318182e-01 -7.046748e-01 -6.601888e-01 -5.994685e-01 -5.240234e-01 -4.357251e-01 -3.367589e-01 -2.295692e-01 -1.167984e-01 -1.222653e-03 1.143163e-01 2.269797e-01 3.340009e-01 4.327523e-01 5.208093e-01 5.960095e-01 6.565059e-01 7.008121e-01 7.278391e-01 7.369225e-01 
-8.161319e-01 -8.060803e-01 -7.761769e-01 -7.271686e-01 -6.602778e-01 -5.771689e-01 -4.799048e-01 -3.708933e-01 -2.528271e-01 -1.286165e-01 -1.318488e-03 1.259377e-01 2.500263e-01 3.679006e-01 4.766669e-01 5.736550e-01 6.564831e-01 7.231166e-01 7.719178e-01 8.016870e-01 8.116921e-01 
-8.712421e-01 -8.605101e-01 -8.285828e-01 -7.762587e-01 -7.048441e-01 -6.161176e-01 -5.122823e-01 -3.959096e-01 -2.698741e-01 -1.372821e-01 -1.396509e-03 1.344431e-01 2.669009e-01 3.927251e-01 5.088275e-01 6.123577e-01 7.007734e-01 7.719024e-01 8.239964e-01 8.557743e-01 8.664546e-01 
-9.048795e-01 -8.937320e-01 -8.605689e-01 -8.062203e-01 -7.320441e-01 -6.398884e-01 -5.320425e-01 -4.111774e-01 -2.802788e-01 -1.425729e-01 -1.447623e-03 1.396289e-01 2.771926e-01 4.078671e-01 5.284450e-01 6.359664e-01 7.277910e-01 8.016628e-01 8.557657e-01 8.887692e-01 8.998614e-01 
-9.161880e-01 -9.049007e-01 -8.713220e-01 -8.162928e-01 -7.411880e-01 -6.478795e-01 -5.386852e-01 -4.163100e-01 -2.837767e-01 -1.443518e-01 -1.465382e-03 1.413713e-01 2.806513e-01 4.129559e-01 5.350381e-01 6.439010e-01 7.368714e-01 8.116650e-01 8.664432e-01 8.998586e-01 9.110892e-01 
