9.076164e-01 9.048173e-01 8.964374e-01 8.825282e-01 8.631755e-01 8.384987e-01 8.086497e-01 7.738126e-01 7.342020e-01 6.900621e-01 6.416647e-01 5.893080e-01 5.333146e-01 4.740293e-01 4.118172e-01 3.470614e-01 2.801609e-01 2.115275e-01 1.415840e-01 7.076114e-02 -5.049177e-04 -7.177513e-02 -1.426104e-01 -2.125742e-01 -2.812354e-01 -3.481706e-01 -4.129670e-01 -4.752249e-01 -5.345601e-01 -5.906062e-01 -6.430172e-01 -6.914692e-01 -7.356626e-01 -7.753243e-01 -8.102087e-01 -8.401000e-01 -8.648132e-01 -8.841952e-01 -8.981259e-01 -9.065190e-01 -9.093225e-01 
9.048174e-01 9.020270e-01 8.936729e-01 8.798066e-01 8.605136e-01 8.359128e-01 8.061559e-01 7.714262e-01 7.319378e-01 6.879340e-01 6.396858e-01 5.874906e-01 5.316698e-01 4.725672e-01 4.105470e-01 3.459909e-01 2.792966e-01 2.108749e-01 1.411470e-01 7.054248e-02 -5.038389e-04 -7.155430e-02 -1.421712e-01 -2.119192e-01 -2.803687e-01 -3.470975e-01 -4.116940e-01 -4.737599e-01 -5.329121e-01 -5.887854e-01 -6.410347e-01 -6.893372e-01 -7.333943e-01 -7.729336e-01 -8.077104e-01 -8.375095e-01 -8.621464e-01 -8.814686e-01 -8.953563e-01 -9.037235e-01 -9.065183e-01 
8.964377e-01 8.936731e-01 8.853964e-01 8.716585e-01 8.525442e-01 8.281713e-01 7.986899e-01 7.642819e-01 7.251591e-01 6.815628e-01 6.337614e-01 5.820495e-01 5.267455e-01 4.681902e-01 4.067442e-01 3.427859e-01 2.767092e-01 2.089209e-01 1.398387e-01 6.988786e-02 -5.006304e-04 -7.089321e-02 -1.408562e-01 -2.099584e-01 -2.777740e-01 -3.438848e-01 -4.078831e-01 -4.693742e-01 -5.279785e-01 -5.833342e-01 -6.350995e-01 -6.829545e-01 -7.266034e-01 -7.657763e-01 -8.002309e-01 -8.297539e-01 -8.541625e-01 -8.733056e-01 -8.870646e-01 -8.953542e-01 -8.981231e-01 
8.825290e-01 8.798073e-01 8.716590e-01 8.581343e-01 8.393165e-01 8.153217e-01 7.862977e-01 7.524235e-01 7.139077e-01 6.709877e-01 6.239279e-01 5.730182e-01 5.185722e-01 4.609252e-01 4.004323e-01 3.374661e-01 2.724144e-01 2.056776e-01 1.376670e-01 6.880124e-02 -4.953752e-04 -6.979599e-02 -1.386736e-01 -2.067039e-01 -2.734673e-01 -3.385525e-01 -4.015579e-01 -4.620948e-01 -5.197897e-01 -5.742865e-01 -6.252484e-01 -6.723607e-01 -7.153321e-01 -7.538970e-01 -7.878167e-01 -8.168813e-01 -8.409110e-01 -8.597569e-01 -8.733022e-01 -8.814632e-01 -8.841891e-01 
8.631770e-01 8.605150e-01 8.525453e-01 8.393172e-01 8.209120e-01 7.974434e-01 7.690558e-01 7.359243e-01 6.982530e-01 6.562740e-01 6.102459e-01 5.604524e-01 5.072000e-01 4.508168e-01 3.916502e-01 3.300643e-01 2.664387e-01 2.011650e-01 1.346453e-01 6.728923e-02 -4.882089e-04 -6.826954e-02 -1.356371e-01 -2.021758e-01 -2.674755e-01 -3.311336e-01 -3.927574e-01 -4.519669e-01 -5.083966e-01 -5.616982e-01 -6.115424e-01 -6.576214e-01 -6.996502e-01 -7.373691e-01 -7.705447e-01 -7.989717e-01 -8.224742e-01 -8.409066e-01 -8.541547e-01 -8.621366e-01 -8.648027e-01 
8.385011e-01 8.359152e-01 8.281734e-01 8.153233e-01 7.974443e-01 7.746465e-01 7.470704e-01 7.148859e-01 6.782914e-01 6.375123e-01 5.927998e-01 5.444295e-01 4.926991e-01 4.379275e-01 3.804518e-01 3.206261e-01 2.588188e-01 1.954106e-01 1.307920e-01 6.536104e-02 -4.793155e-04 -6.632341e-02 -1.317656e-01 -1.964024e-01 -2.598357e-01 -3.216741e-01 -3.815364e-01 -4.390533e-01 -4.938698e-01 -5.456475e-01 -5.940666e-01 -6.388280e-01 -6.796550e-01 -7.162953e-01 -7.485221e-01 -7.761361e-01 -7.989664e-01 -8.168716e-01 -8.297408e-01 -8.374944e-01 -8.400843e-01 
8.086534e-01 8.061596e-01 7.986933e-01 7.863007e-01 7.690580e-01 7.470717e-01 7.204770e-01 6.894381e-01 6.541460e-01 6.148182e-01 5.716971e-01 5.250482e-01 4.751589e-01 4.223364e-01 3.669061e-01 3.092094e-01 2.496017e-01 1.884500e-01 1.261309e-01 6.302838e-02 -4.689222e-04 -6.396980e-02 -1.270830e-01 -1.894195e-01 -2.505952e-01 -3.102327e-01 -3.679644e-01 -4.234340e-01 -4.762992e-01 -5.262337e-01 -5.729291e-01 -6.160970e-01 -6.554704e-01 -6.908061e-01 -7.218854e-01 -7.485161e-01 -7.705334e-01 -7.878010e-01 -8.002119e-01 -8.076894e-01 -8.101870e-01 
7.738180e-01 7.714315e-01 7.642869e-01 7.524280e-01 7.359281e-01 7.148888e-01 6.894396e-01 6.597376e-01 6.259656e-01 5.883317e-01 5.470677e-01 5.024279e-01 4.546872e-01 4.041397e-01 3.510966e-01 2.958847e-01 2.388440e-01 1.803257e-01 1.206905e-01 6.030546e-02 -4.572930e-04 -6.122344e-02 -1.216185e-01 -1.812704e-01 -2.398113e-01 -2.968802e-01 -3.521253e-01 -4.052056e-01 -4.557937e-01 -5.035772e-01 -5.482610e-01 -5.895691e-01 -6.272462e-01 -6.610594e-01 -6.907997e-01 -7.162829e-01 -7.373515e-01 -7.538749e-01 -7.657511e-01 -7.729063e-01 -7.752963e-01 
7.342095e-01 7.319452e-01 7.251661e-01 7.139142e-01 6.982588e-01 6.782962e-01 6.541495e-01 6.259675e-01 5.939238e-01 5.582158e-01 5.190635e-01 4.767080e-01 4.314103e-01 3.834493e-01 3.331205e-01 2.807338e-01 2.266118e-01 1.710879e-01 1.145041e-01 5.720887e-02 -4.447212e-04 -5.810151e-02 -1.154062e-01 -1.720056e-01 -2.275508e-01 -2.816994e-01 -3.341173e-01 -3.844812e-01 -4.324802e-01 -4.778181e-01 -5.202149e-01 -5.594087e-01 -5.951572e-01 -6.272396e-01 -6.554574e-01 -6.796361e-01 -6.996261e-01 -7.153036e-01 -7.265718e-01 -7.333606e-01 -7.356283e-01 
6.900720e-01 6.879438e-01 6.815722e-01 6.709966e-01 6.562821e-01 6.375194e-01 6.148240e-01 5.883358e-01 5.582180e-01 5.246561e-01 4.878569e-01 4.480469e-01 4.054715e-01 3.603928e-01 3.130885e-01 2.638500e-01 2.129804e-01 1.607931e-01 1.076096e-01 5.375748e-02 -4.315218e-04 -5.462351e-02 -1.084845e-01 -1.616826e-01 -2.138898e-01 -2.647842e-01 -3.140518e-01 -3.613888e-01 -4.065030e-01 -4.491160e-01 -4.889645e-01 -5.258024e-01 -5.594021e-01 -5.895559e-01 -6.160774e-01 -6.388026e-01 -6.575909e-01 -6.723259e-01 -6.829166e-01 -6.892973e-01 -6.914286e-01 
6.416775e-01 6.396985e-01 6.337737e-01 6.239396e-01 6.102568e-01 5.928096e-01 5.717055e-01 5.470745e-01 5.190683e-01 4.878594e-01 4.536401e-01 4.166211e-01 3.770305e-01 3.351120e-01 2.911239e-01 2.453371e-01 1.980336e-01 1.495047e-01 1.000494e-01 4.997233e-02 -4.180228e-04 -5.081115e-02 -1.008965e-01 -1.503653e-01 -1.989127e-01 -2.462392e-01 -2.920531e-01 -3.360715e-01 -3.780229e-01 -4.176483e-01 -4.547029e-01 -4.889581e-01 -5.202020e-01 -5.482415e-01 -5.729034e-01 -5.940351e-01 -6.115059e-01 -6.252077e-01 -6.350557e-01 -6.409890e-01 -6.429709e-01 
5.893242e-01 5.875066e-01 5.820651e-01 5.730332e-01 5.604665e-01 5.444424e-01 5.250596e-01 5.024376e-01 4.767157e-01 4.480522e-01 4.166239e-01 3.826241e-01 3.462624e-01 3.077627e-01 2.673620e-01 2.253092e-01 1.818634e-01 1.372921e-01 9.186987e-02 4.587653e-02 -4.045573e-04 -4.668820e-02 -9.268916e-02 -1.381239e-01 -1.827123e-01 -2.261793e-01 -2.682570e-01 -3.086857e-01 -3.472158e-01 -3.836096e-01 -4.176422e-01 -4.491036e-01 -4.777993e-01 -5.035519e-01 -5.262023e-01 -5.456105e-01 -5.616563e-01 -5.742405e-01 -5.832852e-01 -5.887346e-01 -5.905548e-01 
5.333345e-01 5.316896e-01 5.267649e-01 5.185908e-01 5.072176e-01 4.927155e-01 4.751736e-01 4.547001e-01 4.314211e-01 4.054798e-01 3.770362e-01 3.462653e-01 3.133567e-01 2.785131e-01 2.419489e-01 2.038895e-01 1.645692e-01 1.242303e-01 8.312115e-02 4.149508e-02 -3.914550e-04 -4.228034e-02 -8.391342e-02 -1.250340e-01 -1.653887e-01 -2.047285e-01 -2.428108e-01 -2.794006e-01 -3.142722e-01 -3.472102e-01 -3.780113e-01 -4.064853e-01 -4.324561e-01 -4.557633e-01 -4.762628e-01 -4.938280e-01 -5.083500e-01 -5.197392e-01 -5.279250e-01 -5.328569e-01 -5.345042e-01 
4.740533e-01 4.725912e-01 4.682137e-01 4.609478e-01 4.508384e-01 4.379475e-01 4.223548e-01 4.041560e-01 3.834634e-01 3.604044e-01 3.351209e-01 3.077686e-01 2.785161e-01 2.475433e-01 2.150412e-01 1.812098e-01 1.462575e-01 1.103996e-01 7.385699e-02 3.685478e-02 -3.790345e-04 -3.761500e-02 -7.462363e-02 -1.111768e-01 -1.470491e-01 -1.820193e-01 -2.158717e-01 -2.483974e-01 -2.793957e-01 -3.086752e-01 -3.360551e-01 -3.613663e-01 -3.844525e-01 -4.051709e-01 -4.233934e-01 -4.390075e-01 -4.519165e-01 -4.620406e-01 -4.693172e-01 -4.737013e-01 -4.751656e-01 
4.118457e-01 4.105753e-01 4.067720e-01 4.004592e-01 3.916758e-01 3.804759e-01 3.669283e-01 3.511166e-01 3.331380e-01 3.131034e-01 2.911360e-01 2.673710e-01 2.419549e-01 2.150441e-01 1.868044e-01 1.574096e-01 1.270408e-01 9.588507e-02 6.413425e-02 3.198400e-02 -3.675959e-04 -3.272117e-02 -6.487731e-02 -9.663778e-02 -1.278067e-01 -1.581919e-01 -1.876060e-01 -2.158673e-01 -2.428015e-01 -2.682423e-01 -2.920326e-01 -3.140254e-01 -3.340849e-01 -3.520870e-01 -3.679206e-01 -3.814876e-01 -3.927042e-01 -4.015010e-01 -4.078236e-01 -4.116329e-01 -4.129053e-01 
3.470946e-01 3.460238e-01 3.428182e-01 3.374975e-01 3.300943e-01 3.206543e-01 3.092356e-01 2.959084e-01 2.807548e-01 2.638682e-01 2.453523e-01 2.253213e-01 2.038984e-01 1.812156e-01 1.574124e-01 1.326355e-01 1.070375e-01 8.077596e-02 5.401269e-02 2.691258e-02 -3.574137e-04 -2.762922e-02 -5.473475e-02 -8.150690e-02 -1.077806e-01 -1.333937e-01 -1.581883e-01 -1.820113e-01 -2.047156e-01 -2.261612e-01 -2.462155e-01 -2.647547e-01 -2.816642e-01 -2.968394e-01 -3.101866e-01 -3.216232e-01 -3.310785e-01 -3.384940e-01 -3.438238e-01 -3.470349e-01 -3.481075e-01 
2.801988e-01 2.793343e-01 2.767461e-01 2.724502e-01 2.664730e-01 2.588512e-01 2.496317e-01 2.388714e-01 2.266363e-01 2.130018e-01 1.980518e-01 1.818783e-01 1.645808e-01 1.462659e-01 1.270461e-01 1.070400e-01 8.637057e-02 6.516521e-02 4.355451e-02 2.167158e-02 -3.487312e-04 -2.237073e-02 -4.425866e-02 -6.587759e-02 -8.709417e-02 -1.077775e-01 -1.278001e-01 -1.470382e-01 -1.653731e-01 -1.826916e-01 -1.988866e-01 -2.138582e-01 -2.275138e-01 -2.397689e-01 -2.505478e-01 -2.597837e-01 -2.674197e-01 -2.734083e-01 -2.777126e-01 -2.803058e-01 -2.811720e-01 
2.115701e-01 2.109172e-01 2.089625e-01 2.057179e-01 2.012035e-01 1.954471e-01 1.884839e-01 1.803568e-01 1.711157e-01 1.608176e-01 1.495258e-01 1.373096e-01 1.242443e-01 1.104103e-01 9.589254e-02 8.078055e-02 6.516729e-02 4.914889e-02 3.282400e-02 1.629317e-02 -3.417546e-04 -1.697825e-02 -3.351377e-02 -4.984635e-02 -6.587525e-02 -8.150158e-02 -9.662888e-02 -1.111638e-01 -1.250165e-01 -1.381014e-01 -1.503377e-01 -1.616498e-01 -1.719676e-01 -1.812274e-01 -1.893718e-01 -1.963505e-01 -2.021202e-01 -2.066452e-01 -2.098976e-01 -2.118571e-01 -2.125116e-01 
1.416312e-01 1.411939e-01 1.398847e-01 1.377116e-01 1.346879e-01 1.308323e-01 1.261684e-01 1.207248e-01 1.145350e-01 1.076369e-01 1.000730e-01 9.188965e-02 8.313723e-02 7.386951e-02 6.414348e-02 5.401893e-02 4.355817e-02 3.282556e-02 2.188717e-02 1.081035e-02 -3.366492e-04 -1.148515e-02 -2.256641e-02 -3.351211e-02 -4.425469e-02 -5.472786e-02 -6.486694e-02 -7.460930e-02 -8.389472e-02 -9.266578e-02 -1.008682e-01 -1.084513e-01 -1.153681e-01 -1.215758e-01 -1.270358e-01 -1.317144e-01 -1.355826e-01 -1.386163e-01 -1.407968e-01 -1.421106e-01 -1.425494e-01 
7.081254e-02 7.059357e-02 6.993799e-02 6.884982e-02 6.733570e-02 6.540487e-02 6.306913e-02 6.034277e-02 5.724245e-02 5.378712e-02 4.999795e-02 4.589811e-02 4.151274e-02 3.686869e-02 3.199445e-02 2.691993e-02 2.167628e-02 1.629572e-02 1.081132e-02 5.256840e-03 -3.335355e-04 -5.925359e-03 -1.148415e-02 -1.697561e-02 -2.236582e-02 -2.762148e-02 -3.271007e-02 -3.760010e-02 -4.226127e-02 -4.666470e-02 -5.078306e-02 -5.459078e-02 -5.806422e-02 -6.118177e-02 -6.392406e-02 -6.627400e-02 -6.821698e-02 -6.974088e-02 -7.083622e-02 -7.149617e-02 -7.171661e-02 
-4.497110e-04 -4.489838e-04 -4.468207e-04 -4.432761e-04 -4.384392e-04 -4.324314e-04 -4.254034e-04 -4.175308e-04 -4.090097e-04 -4.000517e-04 -3.908787e-04 -3.817167e-04 -3.727908e-04 -3.643196e-04 -3.565097e-04 -3.495510e-04 -3.436121e-04 -3.388368e-04 -3.353401e-04 -3.332064e-04 -3.324869e-04 -3.331988e-04 -3.353250e-04 -3.388142e-04 -3.435823e-04 -3.495140e-04 -3.564658e-04 -3.642691e-04 -3.727340e-04 -3.816539e-04 -3.908103e-04 -3.999782e-04 -4.089314e-04 -4.174483e-04 -4.253172e-04 -4.323420e-04 -4.383471e-04 -4.431820e-04 -4.467251e-04 -4.488873e-04 -4.496142e-04 
-7.171670e-02 -7.149626e-02 -7.083631e-02 -6.974097e-02 -6.821706e-02 -6.627408e-02 -6.392414e-02 -6.118185e-02 -5.806429e-02 -5.459085e-02 -5.078312e-02 -4.666475e-02 -4.226132e-02 -3.760014e-02 -3.271010e-02 -2.762151e-02 -2.236584e-02 -1.697562e-02 -1.148416e-02 -5.925359e-03 -3.335278e-04 5.256855e-03 1.081135e-02 1.629575e-02 2.167632e-02 2.691997e-02 3.199450e-02 3.686875e-02 4.151280e-02 4.589818e-02 4.999802e-02 5.378720e-02 5.724253e-02 6.034286e-02 6.306923e-02 6.540496e-02 6.733579e-02 6.884992e-02 6.993809e-02 7.059367e-02 7.081264e-02 
-1.425495e-01 -1.421107e-01 -1.407969e-01 -1.386164e-01 -1.355827e-01 -1.317145e-01 -1.270359e-01 -1.215759e-01 -1.153682e-01 -1.084514e-01 -1.008683e-01 -9.266583e-02 -8.389476e-02 -7.460933e-02 -6.486697e-02 -5.472788e-02 -4.425471e-02 -3.351211e-02 -2.256641e-02 -1.148514e-02 -3.366339e-04 1.081038e-02 2.188720e-02 3.282560e-02 4.355821e-02 5.401898e-02 6.414353e-02 7.386958e-02 8.313730e-02 9.188973e-02 1.000731e-01 1.076370e-01 1.145351e-01 1.207249e-01 1.261685e-01 1.308324e-01 1.346880e-01 1.377117e-01 1.398848e-01 1.411940e-01 1.416313e-01 
-2.125117e-01 -2.118571e-01 -2.098976e-01 -2.066453e-01 -2.021203e-01 -1.963505e-01 -1.893719e-01 -1.812274e-01 -1.719677e-01 -1.616498e-01 -1.503378e-01 -1.381015e-01 -1.250165e-01 -1.111638e-01 -9.662890e-02 -8.150159e-02 -6.587526e-02 -4.984635e-02 -3.351376e-02 -1.697824e-02 -3.417317e-04 1.629320e-02 3.282403e-02 4.914893e-02 6.516734e-02 8.078061e-02 9.589261e-02 1.104103e-01 1.242444e-01 1.373097e-01 1.495259e-01 1.608177e-01 1.711158e-01 1.803569e-01 1.884840e-01 1.954472e-01 2.012037e-01 2.057181e-01 2.089626e-01 2.109173e-01 2.115702e-01 
-2.811721e-01 -2.803059e-01 -2.777126e-01 -2.734084e-01 -2.674197e-01 -2.597838e-01 -2.505478e-01 -2.397689e-01 -2.275138e-01 -2.138583e-01 -1.988867e-01 -1.826916e-01 -1.653731e-01 -1.470382e-01 -1.278001e-01 -1.077775e-01 -8.709417e-02 -6.587758e-02 -4.425865e-02 -2.237071e-02 -3.487008e-04 2.167162e-02 4.355455e-02 6.516526e-02 8.637063e-02 1.070400e-01 1.270462e-01 1.462659e-01 1.645809e-01 1.818784e-01 1.980519e-01 2.130019e-01 2.266364e-01 2.388715e-01 2.496318e-01 2.588513e-01 2.664731e-01 2.724503e-01 2.767462e-01 2.793344e-01 2.801989e-01 
-3.481076e-01 -3.470350e-01 -3.438239e-01 -3.384941e-01 -3.310786e-01 -3.216233e-01 -3.101867e-01 -2.968395e-01 -2.816642e-01 -2.647548e-01 -2.462156e-01 -2.261612e-01 -2.047157e-01 -1.820113e-01 -1.581883e-01 -1.333937e-01 -1.077805e-01 -8.150688e-02 -5.473473e-02 -2.762919e-02 -3.573761e-04 2.691262e-02 5.401275e-02 8.077601e-02 1.070376e-01 1.326356e-01 1.574125e-01 1.812156e-01 2.038985e-01 2.253214e-01 2.453524e-01 2.638683e-01 2.807549e-01 2.959085e-01 3.092357e-01 3.206544e-01 3.300944e-01 3.374976e-01 3.428183e-01 3.460240e-01 3.470947e-01 
-4.129054e-01 -4.116330e-01 -4.078237e-01 -4.015011e-01 -3.927043e-01 -3.814876e-01 -3.679206e-01 -3.520871e-01 -3.340849e-01 -3.140255e-01 -2.920326e-01 -2.682423e-01 -2.428015e-01 -2.158673e-01 -1.876060e-01 -1.581919e-01 -1.278067e-01 -9.663776e-02 -6.487728e-02 -3.272114e-02 -3.675512e-04 3.198405e-02 6.413431e-02 9.588513e-02 1.270409e-01 1.574097e-01 1.868045e-01 2.150442e-01 2.419550e-01 2.673711e-01 2.911361e-01 3.131035e-01 3.331382e-01 3.511167e-01 3.669284e-01 3.804760e-01 3.916759e-01 4.004593e-01 4.067721e-01 4.105754e-01 4.118458e-01 
-4.751657e-01 -4.737013e-01 -4.693173e-01 -4.620407e-01 -4.519166e-01 -4.390075e-01 -4.233935e-01 -4.051709e-01 -3.844525e-01 -3.613664e-01 -3.360551e-01 -3.086752e-01 -2.793957e-01 -2.483974e-01 -2.158716e-01 -1.820192e-01 -1.470490e-01 -1.111767e-01 -7.462360e-02 -3.761496e-02 -3.789831e-04 3.685484e-02 7.385705e-02 1.103997e-01 1.462576e-01 1.812099e-01 2.150413e-01 2.475434e-01 2.785162e-01 3.077687e-01 3.351210e-01 3.604045e-01 3.834635e-01 4.041561e-01 4.223549e-01 4.379477e-01 4.508385e-01 4.609480e-01 4.682138e-01 4.725913e-01 4.740534e-01 
-5.345043e-01 -5.328569e-01 -5.279251e-01 -5.197392e-01 -5.083501e-01 -4.938280e-01 -4.762629e-01 -4.557633e-01 -4.324561e-01 -4.064853e-01 -3.780113e-01 -3.472102e-01 -3.142722e-01 -2.794006e-01 -2.428108e-01 -2.047285e-01 -1.653887e-01 -1.250340e-01 -8.391337e-02 -4.228029e-02 -3.913971e-04 4.149515e-02 8.312123e-02 1.242304e-01 1.645693e-01 2.038896e-01 2.419490e-01 2.785132e-01 3.133568e-01 3.462654e-01 3.770363e-01 4.054800e-01 4.314212e-01 4.547002e-01 4.751737e-01 4.927156e-01 5.072178e-01 5.185909e-01 5.267650e-01 5.316897e-01 5.333347e-01 
-5.905548e-01 -5.887346e-01 -5.832853e-01 -5.742405e-01 -5.616563e-01 -5.456105e-01 -5.262024e-01 -5.035519e-01 -4.777993e-01 -4.491036e-01 -4.176422e-01 -3.836096e-01 -3.472158e-01 -3.086856e-01 -2.682570e-01 -2.261793e-01 -1.827122e-01 -1.381238e-01 -9.268911e-02 -4.668814e-02 -4.044934e-04 4.587660e-02 9.186995e-02 1.372922e-01 1.818635e-01 2.253093e-01 2.673621e-01 3.077628e-01 3.462625e-01 3.826242e-01 4.166240e-01 4.480524e-01 4.767158e-01 5.024377e-01 5.250597e-01 5.444425e-01 5.604666e-01 5.730333e-01 5.820652e-01 5.875068e-01 5.893243e-01 
-6.429709e-01 -6.409891e-01 -6.350558e-01 -6.252077e-01 -6.115059e-01 -5.940351e-01 -5.729034e-01 -5.482416e-01 -5.202020e-01 -4.889581e-01 -4.547029e-01 -4.176482e-01 -3.780229e-01 -3.360715e-01 -2.920530e-01 -2.462392e-01 -1.989127e-01 -1.503653e-01 -1.008964e-01 -5.081108e-02 -4.179532e-04 4.997241e-02 1.000495e-01 1.495048e-01 1.980337e-01 2.453372e-01 2.911241e-01 3.351121e-01 3.770306e-01 4.166212e-01 4.536402e-01 4.878595e-01 5.190684e-01 5.470746e-01 5.717056e-01 5.928098e-01 6.102570e-01 6.239398e-01 6.337739e-01 6.396987e-01 6.416777e-01 
-6.914287e-01 -6.892974e-01 -6.829166e-01 -6.723259e-01 -6.575909e-01 -6.388026e-01 -6.160775e-01 -5.895559e-01 -5.594021e-01 -5.258024e-01 -4.889645e-01 -4.491160e-01 -4.065030e-01 -3.613888e-01 -3.140518e-01 -2.647841e-01 -2.138897e-01 -1.616825e-01 -1.084845e-01 -5.462344e-02 -4.314470e-04 5.375756e-02 1.076097e-01 1.607932e-01 2.129805e-01 2.638501e-01 3.130886e-01 3.603929e-01 4.054716e-01 4.480470e-01 4.878570e-01 5.246562e-01 5.582181e-01 5.883360e-01 6.148241e-01 6.375195e-01 6.562823e-01 6.709968e-01 6.815724e-01 6.879439e-01 6.900721e-01 
-7.356283e-01 -7.333607e-01 -7.265718e-01 -7.153037e-01 -6.996261e-01 -6.796361e-01 -6.554574e-01 -6.272396e-01 -5.951572e-01 -5.594087e-01 -5.202149e-01 -4.778181e-01 -4.324802e-01 -3.844811e-01 -3.341173e-01 -2.816993e-01 -2.275508e-01 -1.720056e-01 -1.154061e-01 -5.810143e-02 -4.446416e-04 5.720896e-02 1.145041e-01 1.710880e-01 2.266119e-01 2.807339e-01 3.331206e-01 3.834495e-01 4.314104e-01 4.767082e-01 5.190636e-01 5.582159e-01 5.939239e-01 6.259676e-01 6.541496e-01 6.782963e-01 6.982589e-01 7.139144e-01 7.251663e-01 7.319453e-01 7.342096e-01 
-7.752963e-01 -7.729063e-01 -7.657511e-01 -7.538750e-01 -7.373515e-01 -7.162829e-01 -6.907997e-01 -6.610594e-01 -6.272462e-01 -5.895691e-01 -5.482610e-01 -5.035772e-01 -4.557937e-01 -4.052056e-01 -3.521253e-01 -2.968802e-01 -2.398112e-01 -1.812703e-01 -1.216185e-01 -6.122336e-02 -4.572090e-04 6.030555e-02 1.206906e-01 1.803258e-01 2.388441e-01 2.958848e-01 3.510967e-01 4.041398e-01 4.546873e-01 5.024281e-01 5.470679e-01 5.883318e-01 6.259657e-01 6.597377e-01 6.894398e-01 7.148889e-01 7.359282e-01 7.524282e-01 7.642870e-01 7.714317e-01 7.738181e-01 
-8.101870e-01 -8.076894e-01 -8.002119e-01 -7.878010e-01 -7.705334e-01 -7.485161e-01 -7.218854e-01 -6.908061e-01 -6.554704e-01 -6.160969e-01 -5.729291e-01 -5.262337e-01 -4.762992e-01 -4.234339e-01 -3.679643e-01 -3.102327e-01 -2.505951e-01 -1.894195e-01 -1.270829e-01 -6.396972e-02 -4.688335e-04 6.302847e-02 1.261310e-01 1.884501e-01 2.496018e-01 3.092096e-01 3.669062e-01 4.223365e-01 4.751590e-01 5.250483e-01 5.716972e-01 6.148184e-01 6.541461e-01 6.894382e-01 7.204772e-01 7.470718e-01 7.690582e-01 7.863008e-01 7.986934e-01 8.061597e-01 8.086536e-01 
-8.400844e-01 -8.374945e-01 -8.297409e-01 -8.168717e-01 -7.989665e-01 -7.761362e-01 -7.485222e-01 -7.162953e-01 -6.796551e-01 -6.388280e-01 -5.940666e-01 -5.456475e-01 -4.938698e-01 -4.390533e-01 -3.815364e-01 -3.216741e-01 -2.598356e-01 -1.964024e-01 -1.317655e-01 -6.632333e-02 -4.792312e-04 6.536113e-02 1.307921e-01 1.954107e-01 2.588189e-01 3.206262e-01 3.804519e-01 4.379276e-01 4.926992e-01 5.444296e-01 5.928000e-01 6.375124e-01 6.782915e-01 7.148861e-01 7.470705e-01 7.746467e-01 7.974445e-01 8.153235e-01 8.281735e-01 8.359153e-01 8.385013e-01 
-8.648024e-01 -8.621363e-01 -8.541544e-01 -8.409062e-01 -8.224738e-01 -7.989714e-01 -7.705444e-01 -7.373688e-01 -6.996500e-01 -6.576211e-01 -6.115422e-01 -5.616980e-01 -5.083965e-01 -4.519668e-01 -3.927573e-01 -3.311334e-01 -2.674754e-01 -2.021757e-01 -1.356370e-01 -6.826941e-02 -4.880849e-04 6.728936e-02 1.346454e-01 2.011651e-01 2.664388e-01 3.300645e-01 3.916503e-01 4.508170e-01 5.072001e-01 5.604525e-01 6.102461e-01 6.562741e-01 6.982531e-01 7.359244e-01 7.690559e-01 7.974435e-01 8.209122e-01 8.393173e-01 8.525455e-01 8.605151e-01 8.631772e-01 
-8.841902e-01 -8.814643e-01 -8.733033e-01 -8.597579e-01 -8.409119e-01 -8.168822e-01 -7.878175e-01 -7.538977e-01 -7.153328e-01 -6.723613e-01 -6.252489e-01 -5.742869e-01 -5.197901e-01 -4.620951e-01 -4.015581e-01 -3.385526e-01 -2.734675e-01 -2.067039e-01 -1.386737e-01 -6.979601e-02 -4.953700e-04 6.880127e-02 1.376670e-01 2.056777e-01 2.724144e-01 3.374662e-01 4.004324e-01 4.609253e-01 5.185723e-01 5.730183e-01 6.239280e-01 6.709878e-01 7.139078e-01 7.524236e-01 7.862979e-01 8.153218e-01 8.393166e-01 8.581344e-01 8.716591e-01 8.798074e-01 8.825291e-01 
-8.981208e-01 -8.953519e-01 -8.870623e-01 -8.733034e-01 -8.541604e-01 -8.297519e-01 -8.002291e-01 -7.657747e-01 -7.266019e-01 -6.829532e-01 -6.350983e-01 -5.833332e-01 -5.279776e-01 -4.693734e-01 -4.078824e-01 -3.438842e-01 -2.777735e-01 -2.099580e-01 -1.408558e-01 -7.089288e-02 -5.003392e-04 6.988812e-02 1.398389e-01 2.089211e-01 2.767094e-01 3.427861e-01 4.067444e-01 4.681904e-01 5.267457e-01 5.820496e-01 6.337615e-01 6.815629e-01 7.251593e-01 7.642820e-01 7.986901e-01 8.281714e-01 8.525443e-01 8.716587e-01 8.853965e-01 8.936733e-01 8.964379e-01 
-9.065219e-01 -9.037271e-01 -8.953598e-01 -8.814720e-01 -8.621496e-01 -8.375125e-01 -8.077132e-01 -7.729361e-01 -7.333966e-01 -6.893392e-01 -6.410365e-01 -5.887869e-01 -5.329134e-01 -4.737610e-01 -4.116949e-01 -3.470982e-01 -2.803693e-01 -2.119197e-01 -1.421715e-01 -7.155458e-02 -5.040433e-04 7.054234e-02 1.411469e-01 2.108748e-01 2.792966e-01 3.459909e-01 4.105470e-01 4.725673e-01 5.316699e-01 5.874907e-01 6.396859e-01 6.879341e-01 7.319379e-01 7.714264e-01 8.061560e-01 8.359129e-01 8.605137e-01 8.798067e-01 8.936730e-01 9.020271e-01 9.048176e-01 
-9.093183e-01 -9.065148e-01 -8.981218e-01 -8.841912e-01 -8.648095e-01 -8.400965e-01 -8.102054e-01 -7.753213e-01 -7.356599e-01 -6.914668e-01 -6.430151e-01 -5.906044e-01 -5.345585e-01 -4.752235e-01 -4.129658e-01 -3.481695e-01 -2.812345e-01 -2.125735e-01 -1.426098e-01 -7.177460e-02 -5.044677e-04 7.076152e-02 1.415844e-01 2.115278e-01 2.801612e-01 3.470617e-01 4.118174e-01 4.740295e-01 5.333148e-01 5.893082e-01 6.416649e-01 6.900623e-01 7.342022e-01 7.738128e-01 8.086498e-01 8.384988e-01 8.631757e-01 8.825283e-01 8.964375e-01 9.048175e-01 9.076166e-01 
