9.076409e-01 9.048430e-01 8.964663e-01 8.825626e-01 8.632176e-01 8.385503e-01 8.087128e-01 7.738890e-01 7.342934e-01 6.901701e-01 6.417910e-01 5.894544e-01 5.334828e-01 4.742212e-01 4.120351e-01 3.473078e-01 2.804384e-01 2.118393e-01 1.419334e-01 7.115182e-02 -6.900250e-05 -7.128987e-02 -1.420716e-01 -2.119777e-01 -2.805772e-01 -3.474471e-01 -4.121750e-01 -4.743619e-01 -5.336244e-01 -5.895972e-01 -6.419351e-01 -6.903155e-01 -7.344403e-01 -7.740373e-01 -8.088626e-01 -8.387015e-01 -8.633700e-01 -8.827161e-01 -8.966205e-01 -9.049976e-01 -9.077958e-01 
9.048430e-01 9.020537e-01 8.937029e-01 8.798421e-01 8.605566e-01 8.359654e-01 8.062198e-01 7.715033e-01 7.320298e-01 6.880425e-01 6.398126e-01 5.876372e-01 5.318382e-01 4.727593e-01 4.107649e-01 3.462371e-01 2.795738e-01 2.111862e-01 1.414958e-01 7.093235e-02 -6.893154e-05 -7.107026e-02 -1.416338e-01 -2.113245e-01 -2.797125e-01 -3.463762e-01 -4.109046e-01 -4.728998e-01 -5.319797e-01 -5.877799e-01 -6.399564e-01 -6.881878e-01 -7.321765e-01 -7.716515e-01 -8.063695e-01 -8.361163e-01 -8.607088e-01 -8.799953e-01 -8.938569e-01 -9.022082e-01 -9.049977e-01 
8.964667e-01 8.937032e-01 8.854297e-01 8.716971e-01 8.525902e-01 8.282265e-01 7.987563e-01 7.643612e-01 7.252530e-01 6.816729e-01 6.338894e-01 5.821971e-01 5.269145e-01 4.683825e-01 4.069619e-01 3.430315e-01 2.769854e-01 2.092308e-01 1.401855e-01 7.027529e-02 -6.872105e-05 -7.041278e-02 -1.403231e-01 -2.093686e-01 -2.771236e-01 -3.431702e-01 -4.071013e-01 -4.685226e-01 -5.270555e-01 -5.823392e-01 -6.340328e-01 -6.818177e-01 -7.253992e-01 -7.645088e-01 -7.989054e-01 -8.283769e-01 -8.527418e-01 -8.718497e-01 -8.855830e-01 -8.938570e-01 -8.966206e-01 
8.825634e-01 8.798427e-01 8.716975e-01 8.581779e-01 8.393673e-01 8.153815e-01 7.863683e-01 7.525065e-01 7.140048e-01 6.711005e-01 6.240580e-01 5.731673e-01 5.187421e-01 4.611178e-01 4.006498e-01 3.377108e-01 2.726890e-01 2.059851e-01 1.380107e-01 6.918469e-02 -6.837805e-05 -6.932149e-02 -1.381476e-01 -2.061223e-01 -2.728265e-01 -3.378488e-01 -4.007884e-01 -4.612572e-01 -5.188824e-01 -5.733087e-01 -6.242007e-01 -6.712445e-01 -7.141502e-01 -7.526533e-01 -7.865164e-01 -8.155309e-01 -8.395179e-01 -8.583295e-01 -8.718498e-01 -8.799955e-01 -8.827163e-01 
8.632189e-01 8.605578e-01 8.525911e-01 8.393678e-01 8.209694e-01 7.975093e-01 7.691319e-01 7.360123e-01 6.983544e-01 6.563905e-01 6.103790e-01 5.606037e-01 5.073713e-01 4.510100e-01 3.918673e-01 3.303078e-01 2.667111e-01 2.014693e-01 1.349847e-01 6.766725e-02 -6.791384e-05 -6.780312e-02 -1.351207e-01 -2.016055e-01 -2.668477e-01 -3.304449e-01 -3.920050e-01 -4.511485e-01 -5.075107e-01 -5.607441e-01 -6.105206e-01 -6.565334e-01 -6.984987e-01 -7.361579e-01 -7.692789e-01 -7.976575e-01 -8.211187e-01 -8.395181e-01 -8.527421e-01 -8.607092e-01 -8.633704e-01 
8.385522e-01 8.359672e-01 8.282281e-01 8.153827e-01 7.975099e-01 7.747201e-01 7.471535e-01 7.149802e-01 6.783983e-01 6.376334e-01 5.929366e-01 5.445835e-01 4.928721e-01 4.381213e-01 3.806685e-01 3.208681e-01 2.590886e-01 1.957110e-01 1.311262e-01 6.573232e-02 -6.734347e-05 -6.586705e-02 -1.312611e-01 -1.958462e-01 -2.592241e-01 -3.210040e-01 -3.808051e-01 -4.382586e-01 -4.930104e-01 -5.447227e-01 -5.930770e-01 -6.377750e-01 -6.785412e-01 -7.151244e-01 -7.472991e-01 -7.748668e-01 -7.976577e-01 -8.155313e-01 -8.283775e-01 -8.361170e-01 -8.387021e-01 
8.087154e-01 8.062224e-01 7.987587e-01 7.863702e-01 7.691333e-01 7.471543e-01 7.205685e-01 6.895398e-01 6.542594e-01 6.149448e-01 5.718383e-01 5.252055e-01 4.753340e-01 4.225312e-01 3.671226e-01 3.094498e-01 2.498684e-01 1.887458e-01 1.264589e-01 6.339181e-02 -6.668496e-05 -6.352523e-02 -1.265925e-01 -1.888797e-01 -2.500026e-01 -3.095845e-01 -3.672578e-01 -4.226672e-01 -4.754709e-01 -5.253434e-01 -5.719773e-01 -6.150850e-01 -6.544009e-01 -6.896825e-01 -7.207124e-01 -7.472993e-01 -7.692794e-01 -7.865171e-01 -7.989062e-01 -8.063703e-01 -8.088635e-01 
7.738923e-01 7.715066e-01 7.643642e-01 7.525091e-01 7.360144e-01 7.149816e-01 6.895405e-01 6.598478e-01 6.260864e-01 5.884646e-01 5.472140e-01 5.025891e-01 4.548649e-01 4.043357e-01 3.513128e-01 2.961233e-01 2.391074e-01 1.806166e-01 1.210117e-01 6.066013e-02 -6.595852e-05 -6.079209e-02 -1.211438e-01 -1.807490e-01 -2.392401e-01 -2.962565e-01 -3.514467e-01 -4.044703e-01 -4.550004e-01 -5.027256e-01 -5.473516e-01 -5.886032e-01 -6.262263e-01 -6.599889e-01 -6.896828e-01 -7.151250e-01 -7.361587e-01 -7.526542e-01 -7.645099e-01 -7.716527e-01 -7.740385e-01 
7.342974e-01 7.320338e-01 7.252568e-01 7.140081e-01 6.983572e-01 6.784005e-01 6.542609e-01 6.260872e-01 5.940530e-01 5.583558e-01 5.192156e-01 4.768737e-01 4.315911e-01 3.836469e-01 3.333367e-01 2.809707e-01 2.268718e-01 1.713735e-01 1.148180e-01 5.755409e-02 -6.518559e-05 -5.768452e-02 -1.149486e-01 -1.715044e-01 -2.270031e-01 -2.811025e-01 -3.334691e-01 -3.837800e-01 -4.317251e-01 -4.770087e-01 -5.193517e-01 -5.584930e-01 -5.941913e-01 -6.262266e-01 -6.544014e-01 -6.785421e-01 -6.984997e-01 -7.141514e-01 -7.254006e-01 -7.321780e-01 -7.344417e-01 
6.901748e-01 6.880471e-01 6.816773e-01 6.711045e-01 6.563939e-01 6.376362e-01 6.149469e-01 5.884660e-01 5.583565e-01 5.248041e-01 4.880156e-01 4.482178e-01 4.056559e-01 3.605924e-01 3.133051e-01 2.640855e-01 2.132371e-01 1.610734e-01 1.079161e-01 5.409283e-02 -6.438803e-05 -5.422167e-02 -1.080451e-01 -1.612027e-01 -2.133668e-01 -2.642157e-01 -3.134359e-01 -3.607240e-01 -4.057884e-01 -4.483512e-01 -4.881501e-01 -5.249397e-01 -5.584932e-01 -5.886038e-01 -6.150859e-01 -6.377761e-01 -6.565347e-01 -6.712460e-01 -6.818193e-01 -6.881895e-01 -6.903173e-01 
6.417962e-01 6.398177e-01 6.338943e-01 6.240625e-01 6.103830e-01 5.929400e-01 5.718410e-01 5.472160e-01 5.192169e-01 4.880162e-01 4.538062e-01 4.167978e-01 3.772192e-01 3.353142e-01 2.913413e-01 2.455716e-01 1.982872e-01 1.497798e-01 1.003483e-01 5.029767e-02 -6.358727e-05 -5.042491e-02 -1.004758e-01 -1.499075e-01 -1.984154e-01 -2.457003e-01 -2.914707e-01 -3.354444e-01 -3.773502e-01 -4.169299e-01 -4.539393e-01 -4.881504e-01 -5.193522e-01 -5.473524e-01 -5.719784e-01 -5.930783e-01 -6.105222e-01 -6.242024e-01 -6.340347e-01 -6.399584e-01 -6.419370e-01 
5.894599e-01 5.876427e-01 5.822023e-01 5.731722e-01 5.606080e-01 5.445873e-01 5.252087e-01 5.025916e-01 4.768755e-01 4.482189e-01 4.167984e-01 3.828076e-01 3.464562e-01 3.079682e-01 2.675808e-01 2.255432e-01 1.821144e-01 1.375623e-01 9.216150e-02 4.619198e-02 -6.280359e-05 -4.631766e-02 -9.228737e-02 -1.376885e-01 -1.822411e-01 -2.256704e-01 -2.677088e-01 -3.080969e-01 -3.465859e-01 -3.829383e-01 -4.169301e-01 -4.483517e-01 -4.770095e-01 -5.027267e-01 -5.253447e-01 -5.447243e-01 -5.607459e-01 -5.733107e-01 -5.823413e-01 -5.877820e-01 -5.895993e-01 
5.334885e-01 5.318438e-01 5.269199e-01 5.187471e-01 5.073759e-01 4.928762e-01 4.753375e-01 4.548678e-01 4.315933e-01 4.056574e-01 3.772201e-01 3.464566e-01 3.135566e-01 2.787228e-01 2.421701e-01 2.041237e-01 1.648183e-01 1.244962e-01 8.340600e-02 4.180107e-02 -6.205560e-05 -4.192525e-02 -8.353039e-02 -1.246209e-01 -1.649435e-01 -2.042496e-01 -2.422967e-01 -2.788503e-01 -3.136850e-01 -3.465860e-01 -3.773506e-01 -4.057891e-01 -4.317260e-01 -4.550016e-01 -4.754724e-01 -4.930120e-01 -5.075125e-01 -5.188845e-01 -5.270577e-01 -5.319819e-01 -5.336267e-01 
4.742269e-01 4.727649e-01 4.683879e-01 4.611229e-01 4.510147e-01 4.381255e-01 4.225348e-01 4.043387e-01 3.836493e-01 3.605942e-01 3.353155e-01 3.079689e-01 2.787231e-01 2.477584e-01 2.152657e-01 1.814452e-01 1.465055e-01 1.106620e-01 7.413579e-02 3.715198e-02 -6.135981e-05 -3.727478e-02 -7.425882e-02 -1.107854e-01 -1.466294e-01 -1.815698e-01 -2.153910e-01 -2.478847e-01 -2.788504e-01 -3.080972e-01 -3.354449e-01 -3.607248e-01 -3.837811e-01 -4.044716e-01 -4.226687e-01 -4.382603e-01 -4.511504e-01 -4.612593e-01 -4.685248e-01 -4.729020e-01 -4.743641e-01 
4.120406e-01 4.107703e-01 4.069672e-01 4.006548e-01 3.918719e-01 3.806727e-01 3.671262e-01 3.513159e-01 3.333392e-01 3.133070e-01 2.913428e-01 2.675818e-01 2.421706e-01 2.152659e-01 1.870335e-01 1.576474e-01 1.272889e-01 9.614511e-02 6.440804e-02 3.227338e-02 -6.073042e-05 -3.239492e-02 -6.452982e-02 -9.626730e-02 -1.274117e-01 -1.577709e-01 -1.871578e-01 -2.153911e-01 -2.422969e-01 -2.677092e-01 -2.914713e-01 -3.134368e-01 -3.334701e-01 -3.514479e-01 -3.672593e-01 -3.808068e-01 -3.920068e-01 -4.007903e-01 -4.071033e-01 -4.109067e-01 -4.121771e-01 
3.473129e-01 3.462421e-01 3.430364e-01 3.377155e-01 3.303121e-01 3.208720e-01 3.094532e-01 2.961263e-01 2.809732e-01 2.640874e-01 2.455731e-01 2.255443e-01 2.041244e-01 1.814456e-01 1.576476e-01 1.328772e-01 1.072870e-01 8.103490e-02 5.428269e-02 2.719533e-02 -6.017926e-05 -2.731577e-02 -5.440340e-02 -8.115604e-02 -1.074087e-01 -1.329996e-01 -1.577709e-01 -1.815699e-01 -2.042498e-01 -2.256708e-01 -2.457009e-01 -2.642165e-01 -2.811034e-01 -2.962577e-01 -3.095857e-01 -3.210055e-01 -3.304465e-01 -3.378505e-01 -3.431719e-01 -3.463780e-01 -3.474489e-01 
2.804430e-01 2.795784e-01 2.769898e-01 2.726931e-01 2.667150e-01 2.590921e-01 2.498715e-01 2.391101e-01 2.268741e-01 2.132389e-01 1.982887e-01 1.821155e-01 1.648190e-01 1.465060e-01 1.272892e-01 1.072871e-01 8.662312e-02 6.542457e-02 4.382218e-02 2.194913e-02 -5.971585e-05 -2.206865e-02 -4.394197e-02 -6.554482e-02 -8.674399e-02 -1.074088e-01 -1.274117e-01 -1.466296e-01 -1.649438e-01 -1.822414e-01 -1.984159e-01 -2.133674e-01 -2.270038e-01 -2.392410e-01 -2.500036e-01 -2.592252e-01 -2.668489e-01 -2.728278e-01 -2.771249e-01 -2.797138e-01 -2.805786e-01 
2.118432e-01 2.111900e-01 2.092345e-01 2.059887e-01 2.014726e-01 1.957140e-01 1.887485e-01 1.806190e-01 1.713755e-01 1.610750e-01 1.497811e-01 1.375633e-01 1.244969e-01 1.106625e-01 9.614540e-02 8.103506e-02 6.542463e-02 4.941036e-02 3.309099e-02 1.656713e-02 -5.934753e-05 -1.668592e-02 -3.321007e-02 -4.952991e-02 -6.554482e-02 -8.115605e-02 -9.626735e-02 -1.107855e-01 -1.246211e-01 -1.376887e-01 -1.499078e-01 -1.612031e-01 -1.715048e-01 -1.807496e-01 -1.888803e-01 -1.958468e-01 -2.016063e-01 -2.061231e-01 -2.093694e-01 -2.113253e-01 -2.119786e-01 
1.419365e-01 1.414988e-01 1.401885e-01 1.380135e-01 1.349873e-01 1.311286e-01 1.264611e-01 1.210136e-01 1.148196e-01 1.079174e-01 1.003494e-01 9.216231e-02 8.340659e-02 7.413621e-02 6.440831e-02 5.428285e-02 4.382226e-02 3.309102e-02 2.215529e-02 1.108250e-02 -5.907971e-05 -1.120076e-02 -2.227385e-02 -3.321005e-02 -4.394196e-02 -5.440338e-02 -6.452982e-02 -7.425883e-02 -8.353042e-02 -9.228742e-02 -1.004758e-01 -1.080451e-01 -1.149487e-01 -1.211439e-01 -1.265926e-01 -1.312612e-01 -1.351208e-01 -1.381477e-01 -1.403232e-01 -1.416339e-01 -1.420717e-01 
7.115407e-02 7.093458e-02 7.027746e-02 6.918675e-02 6.766917e-02 6.573407e-02 6.339337e-02 6.066149e-02 5.755525e-02 5.409379e-02 5.029844e-02 4.619258e-02 4.180151e-02 3.715230e-02 3.227359e-02 2.719546e-02 2.194920e-02 1.656716e-02 1.108251e-02 5.529076e-03 -5.891606e-05 -5.647009e-03 -1.120075e-02 -1.668589e-02 -2.206860e-02 -2.731571e-02 -3.239483e-02 -3.727467e-02 -4.192511e-02 -4.631748e-02 -5.042469e-02 -5.422140e-02 -5.768420e-02 -6.079172e-02 -6.352480e-02 -6.586657e-02 -6.780258e-02 -6.932090e-02 -7.041216e-02 -7.106962e-02 -7.128922e-02 
-6.761098e-05 -6.755434e-05 -6.738603e-05 -6.711081e-05 -6.673639e-05 -6.627321e-05 -6.573397e-05 -6.513328e-05 -6.448710e-05 -6.381228e-05 -6.312600e-05 -6.244533e-05 -6.178675e-05 -6.116582e-05 -6.059680e-05 -6.009244e-05 -5.966373e-05 -5.931982e-05 -5.906791e-05 -5.891316e-05 -5.885870e-05 -5.890559e-05 -5.905280e-05 -5.929728e-05 -5.963388e-05 -6.005548e-05 -6.055295e-05 -6.111535e-05 -6.172997e-05 -6.238257e-05 -6.305767e-05 -6.373879e-05 -6.440890e-05 -6.505084e-05 -6.564781e-05 -6.618385e-05 -6.664440e-05 -6.701674e-05 -6.729047e-05 -6.745788e-05 -6.751421e-05 
-7.128931e-02 -7.106971e-02 -7.041225e-02 -6.932099e-02 -6.780267e-02 -6.586665e-02 -6.352488e-02 -6.079180e-02 -5.768427e-02 -5.422147e-02 -5.042475e-02 -4.631754e-02 -4.192516e-02 -3.727471e-02 -3.239487e-02 -2.731573e-02 -2.206863e-02 -1.668590e-02 -1.120076e-02 -5.647009e-03 -5.890835e-05 5.529092e-03 1.108254e-02 1.656719e-02 2.194924e-02 2.719550e-02 3.227364e-02 3.715236e-02 4.180158e-02 4.619265e-02 5.029851e-02 5.409387e-02 5.755533e-02 6.066158e-02 6.339347e-02 6.573417e-02 6.766927e-02 6.918685e-02 7.027756e-02 7.093468e-02 7.115418e-02 
-1.420718e-01 -1.416340e-01 -1.403233e-01 -1.381478e-01 -1.351209e-01 -1.312613e-01 -1.265927e-01 -1.211440e-01 -1.149488e-01 -1.080452e-01 -1.004759e-01 -9.228746e-02 -8.353046e-02 -7.425886e-02 -6.452985e-02 -5.440340e-02 -4.394197e-02 -3.321006e-02 -2.227384e-02 -1.120075e-02 -5.906434e-05 1.108253e-02 2.215532e-02 3.309106e-02 4.382230e-02 5.428290e-02 6.440837e-02 7.413628e-02 8.340666e-02 9.216238e-02 1.003495e-01 1.079175e-01 1.148197e-01 1.210137e-01 1.264612e-01 1.311287e-01 1.349874e-01 1.380136e-01 1.401886e-01 1.414989e-01 1.419366e-01 
-2.119786e-01 -2.113253e-01 -2.093695e-01 -2.061232e-01 -2.016063e-01 -1.958469e-01 -1.888803e-01 -1.807496e-01 -1.715049e-01 -1.612031e-01 -1.499079e-01 -1.376888e-01 -1.246211e-01 -1.107856e-01 -9.626737e-02 -8.115607e-02 -6.554483e-02 -4.952991e-02 -3.321006e-02 -1.668590e-02 -5.932459e-05 1.656716e-02 3.309103e-02 4.941041e-02 6.542468e-02 8.103512e-02 9.614547e-02 1.106626e-01 1.244970e-01 1.375633e-01 1.497812e-01 1.610751e-01 1.713756e-01 1.806191e-01 1.887486e-01 1.957142e-01 2.014727e-01 2.059888e-01 2.092346e-01 2.111901e-01 2.118433e-01 
-2.805787e-01 -2.797139e-01 -2.771250e-01 -2.728278e-01 -2.668490e-01 -2.592252e-01 -2.500037e-01 -2.392411e-01 -2.270039e-01 -2.133674e-01 -1.984159e-01 -1.822415e-01 -1.649438e-01 -1.466296e-01 -1.274118e-01 -1.074088e-01 -8.674399e-02 -6.554481e-02 -4.394196e-02 -2.206863e-02 -5.968548e-05 2.194916e-02 4.382222e-02 6.542462e-02 8.662318e-02 1.072872e-01 1.272893e-01 1.465061e-01 1.648191e-01 1.821156e-01 1.982888e-01 2.132390e-01 2.268742e-01 2.391102e-01 2.498717e-01 2.590922e-01 2.667151e-01 2.726932e-01 2.769899e-01 2.795785e-01 2.804431e-01 
-3.474490e-01 -3.463781e-01 -3.431720e-01 -3.378506e-01 -3.304465e-01 -3.210055e-01 -3.095858e-01 -2.962577e-01 -2.811035e-01 -2.642165e-01 -2.457009e-01 -2.256709e-01 -2.042498e-01 -1.815699e-01 -1.577709e-01 -1.329996e-01 -1.074087e-01 -8.115602e-02 -5.440337e-02 -2.731574e-02 -6.014165e-05 2.719537e-02 5.428274e-02 8.103496e-02 1.072871e-01 1.328772e-01 1.576477e-01 1.814457e-01 2.041245e-01 2.255444e-01 2.455732e-01 2.640876e-01 2.809733e-01 2.961264e-01 3.094533e-01 3.208721e-01 3.303122e-01 3.377156e-01 3.430365e-01 3.462423e-01 3.473130e-01 
-4.121772e-01 -4.109067e-01 -4.071033e-01 -4.007904e-01 -3.920068e-01 -3.808068e-01 -3.672593e-01 -3.514480e-01 -3.334702e-01 -3.134368e-01 -2.914713e-01 -2.677092e-01 -2.422969e-01 -2.153911e-01 -1.871578e-01 -1.577709e-01 -1.274116e-01 -9.626728e-02 -6.452979e-02 -3.239488e-02 -6.068579e-05 3.227343e-02 6.440810e-02 9.614518e-02 1.272890e-01 1.576475e-01 1.870336e-01 2.152660e-01 2.421707e-01 2.675819e-01 2.913429e-01 3.133071e-01 3.333393e-01 3.513160e-01 3.671263e-01 3.806728e-01 3.918720e-01 4.006549e-01 4.069673e-01 4.107704e-01 4.120407e-01 
-4.743642e-01 -4.729021e-01 -4.685248e-01 -4.612593e-01 -4.511504e-01 -4.382604e-01 -4.226687e-01 -4.044716e-01 -3.837811e-01 -3.607248e-01 -3.354449e-01 -3.080973e-01 -2.788504e-01 -2.478847e-01 -2.153910e-01 -1.815697e-01 -1.466294e-01 -1.107854e-01 -7.425878e-02 -3.727473e-02 -6.130844e-05 3.715204e-02 7.413586e-02 1.106621e-01 1.465056e-01 1.814453e-01 2.152658e-01 2.477585e-01 2.787232e-01 3.079690e-01 3.353156e-01 3.605943e-01 3.836494e-01 4.043388e-01 4.225349e-01 4.381256e-01 4.510148e-01 4.611231e-01 4.683881e-01 4.727650e-01 4.742270e-01 
-5.336267e-01 -5.319819e-01 -5.270577e-01 -5.188845e-01 -5.075126e-01 -4.930121e-01 -4.754724e-01 -4.550017e-01 -4.317261e-01 -4.057891e-01 -3.773506e-01 -3.465861e-01 -3.136850e-01 -2.788502e-01 -2.422966e-01 -2.042495e-01 -1.649435e-01 -1.246209e-01 -8.353035e-02 -4.192520e-02 -6.199781e-05 4.180113e-02 8.340607e-02 1.244963e-01 1.648184e-01 2.041238e-01 2.421702e-01 2.787229e-01 3.135567e-01 3.464567e-01 3.772202e-01 4.056576e-01 4.315934e-01 4.548679e-01 4.753376e-01 4.928763e-01 5.073760e-01 5.187473e-01 5.269200e-01 5.318439e-01 5.334886e-01 
-5.895993e-01 -5.877820e-01 -5.823413e-01 -5.733107e-01 -5.607459e-01 -5.447243e-01 -5.253448e-01 -5.027267e-01 -4.770095e-01 -4.483517e-01 -4.169301e-01 -3.829383e-01 -3.465858e-01 -3.080969e-01 -2.677087e-01 -2.256704e-01 -1.822410e-01 -1.376884e-01 -9.228732e-02 -4.631760e-02 -6.273973e-05 4.619205e-02 9.216157e-02 1.375624e-01 1.821145e-01 2.255433e-01 2.675809e-01 3.079683e-01 3.464563e-01 3.828077e-01 4.167985e-01 4.482190e-01 4.768757e-01 5.025918e-01 5.252088e-01 5.445874e-01 5.606082e-01 5.731723e-01 5.822024e-01 5.876428e-01 5.894600e-01 
-6.419371e-01 -6.399584e-01 -6.340347e-01 -6.242025e-01 -6.105222e-01 -5.930784e-01 -5.719784e-01 -5.473524e-01 -5.193522e-01 -4.881504e-01 -4.539393e-01 -4.169299e-01 -3.773502e-01 -3.354444e-01 -2.914707e-01 -2.457003e-01 -1.984154e-01 -1.499075e-01 -1.004757e-01 -5.042484e-02 -6.351773e-05 5.029775e-02 1.003484e-01 1.497799e-01 1.982873e-01 2.455717e-01 2.913414e-01 3.353143e-01 3.772193e-01 4.167980e-01 4.538064e-01 4.880164e-01 5.192171e-01 5.472162e-01 5.718411e-01 5.929401e-01 6.103831e-01 6.240626e-01 6.338944e-01 6.398178e-01 6.417963e-01 
-6.903173e-01 -6.881895e-01 -6.818193e-01 -6.712460e-01 -6.565347e-01 -6.377761e-01 -6.150859e-01 -5.886038e-01 -5.584932e-01 -5.249397e-01 -4.881501e-01 -4.483512e-01 -4.057884e-01 -3.607240e-01 -3.134359e-01 -2.642157e-01 -2.133667e-01 -1.612026e-01 -1.080450e-01 -5.422160e-02 -6.431323e-05 5.409291e-02 1.079161e-01 1.610735e-01 2.132372e-01 2.640856e-01 3.133052e-01 3.605925e-01 4.056560e-01 4.482179e-01 4.880157e-01 5.248042e-01 5.583566e-01 5.884661e-01 6.149471e-01 6.376363e-01 6.563940e-01 6.711046e-01 6.816774e-01 6.880472e-01 6.901749e-01 
-7.344418e-01 -7.321780e-01 -7.254006e-01 -7.141514e-01 -6.984998e-01 -6.785421e-01 -6.544014e-01 -6.262266e-01 -5.941913e-01 -5.584929e-01 -5.193516e-01 -4.770087e-01 -4.317251e-01 -3.837800e-01 -3.334691e-01 -2.811024e-01 -2.270030e-01 -1.715043e-01 -1.149485e-01 -5.768444e-02 -6.510599e-05 5.755418e-02 1.148181e-01 1.713736e-01 2.268719e-01 2.809708e-01 3.333368e-01 3.836470e-01 4.315912e-01 4.768739e-01 5.192158e-01 5.583559e-01 5.940531e-01 6.260873e-01 6.542610e-01 6.784006e-01 6.983574e-01 7.140083e-01 7.252569e-01 7.320339e-01 7.342976e-01 
-7.740385e-01 -7.716527e-01 -7.645099e-01 -7.526542e-01 -7.361587e-01 -7.151250e-01 -6.896828e-01 -6.599889e-01 -6.262263e-01 -5.886032e-01 -5.473516e-01 -5.027256e-01 -4.550004e-01 -4.044702e-01 -3.514466e-01 -2.962565e-01 -2.392401e-01 -1.807490e-01 -1.211438e-01 -6.079202e-02 -6.587460e-05 6.066022e-02 1.210118e-01 1.806167e-01 2.391075e-01 2.961234e-01 3.513129e-01 4.043358e-01 4.548651e-01 5.025893e-01 5.472142e-01 5.884647e-01 6.260866e-01 6.598479e-01 6.895406e-01 7.149818e-01 7.360145e-01 7.525093e-01 7.643644e-01 7.715068e-01 7.738925e-01 
-8.088635e-01 -8.063704e-01 -7.989062e-01 -7.865171e-01 -7.692794e-01 -7.472993e-01 -7.207124e-01 -6.896825e-01 -6.544008e-01 -6.150850e-01 -5.719773e-01 -5.253434e-01 -4.754709e-01 -4.226672e-01 -3.672578e-01 -3.095844e-01 -2.500025e-01 -1.888796e-01 -1.265924e-01 -6.352515e-02 -6.659725e-05 6.339190e-02 1.264590e-01 1.887459e-01 2.498685e-01 3.094499e-01 3.671227e-01 4.225313e-01 4.753341e-01 5.252056e-01 5.718384e-01 6.149449e-01 6.542595e-01 6.895399e-01 7.205686e-01 7.471544e-01 7.691334e-01 7.863703e-01 7.987588e-01 8.062225e-01 8.087156e-01 
-8.387021e-01 -8.361170e-01 -8.283775e-01 -8.155313e-01 -7.976577e-01 -7.748668e-01 -7.472990e-01 -7.151244e-01 -6.785412e-01 -6.377750e-01 -5.930769e-01 -5.447227e-01 -4.930103e-01 -4.382586e-01 -3.808051e-01 -3.210040e-01 -2.592240e-01 -1.958461e-01 -1.312610e-01 -6.586697e-02 -6.725252e-05 6.573242e-02 1.311263e-01 1.957111e-01 2.590887e-01 3.208682e-01 3.806687e-01 4.381214e-01 4.928723e-01 5.445836e-01 5.929367e-01 6.376335e-01 6.783985e-01 7.149803e-01 7.471537e-01 7.747202e-01 7.975101e-01 8.153828e-01 8.282283e-01 8.359674e-01 8.385524e-01 
-8.633704e-01 -8.607092e-01 -8.527421e-01 -8.395181e-01 -8.211187e-01 -7.976575e-01 -7.692789e-01 -7.361579e-01 -6.984987e-01 -6.565333e-01 -6.105206e-01 -5.607441e-01 -5.075106e-01 -4.511484e-01 -3.920049e-01 -3.304448e-01 -2.668476e-01 -2.016055e-01 -1.351206e-01 -6.780304e-02 -6.782003e-05 6.766735e-02 1.349848e-01 2.014694e-01 2.667112e-01 3.303079e-01 3.918674e-01 4.510101e-01 5.073714e-01 5.606038e-01 6.103791e-01 6.563906e-01 6.983546e-01 7.360124e-01 7.691321e-01 7.975094e-01 8.209696e-01 8.393680e-01 8.525913e-01 8.605580e-01 8.632190e-01 
-8.827163e-01 -8.799955e-01 -8.718498e-01 -8.583295e-01 -8.395179e-01 -8.155309e-01 -7.865164e-01 -7.526532e-01 -7.141501e-01 -6.712444e-01 -6.242006e-01 -5.733087e-01 -5.188824e-01 -4.612572e-01 -4.007884e-01 -3.378488e-01 -2.728264e-01 -2.061222e-01 -1.381475e-01 -6.932140e-02 -6.828262e-05 6.918479e-02 1.380108e-01 2.059852e-01 2.726891e-01 3.377109e-01 4.006499e-01 4.611179e-01 5.187422e-01 5.731674e-01 6.240582e-01 6.711007e-01 7.140050e-01 7.525066e-01 7.863684e-01 8.153816e-01 8.393674e-01 8.581781e-01 8.716977e-01 8.798429e-01 8.825635e-01 
-8.966206e-01 -8.938570e-01 -8.855830e-01 -8.718497e-01 -8.527417e-01 -8.283769e-01 -7.989054e-01 -7.645088e-01 -7.253992e-01 -6.818176e-01 -6.340328e-01 -5.823392e-01 -5.270555e-01 -4.685226e-01 -4.071012e-01 -3.431701e-01 -2.771235e-01 -2.093685e-01 -1.403230e-01 -7.041269e-02 -6.862284e-05 7.027540e-02 1.401856e-01 2.092309e-01 2.769855e-01 3.430316e-01 4.069621e-01 4.683826e-01 5.269146e-01 5.821972e-01 6.338895e-01 6.816731e-01 7.252532e-01 7.643613e-01 7.987565e-01 8.282267e-01 8.525903e-01 8.716973e-01 8.854298e-01 8.937033e-01 8.964668e-01 
-9.049977e-01 -9.022082e-01 -8.938569e-01 -8.799953e-01 -8.607088e-01 -8.361163e-01 -8.063695e-01 -7.716515e-01 -7.321765e-01 -6.881877e-01 -6.399564e-01 -5.877798e-01 -5.319796e-01 -4.728998e-01 -4.109046e-01 -3.463762e-01 -2.797124e-01 -2.113244e-01 -1.416337e-01 -7.107017e-02 -6.883465e-05 7.093245e-02 1.414959e-01 2.111863e-01 2.795740e-01 3.462372e-01 4.107650e-01 4.727594e-01 5.318383e-01 5.876374e-01 6.398127e-01 6.880427e-01 7.320300e-01 7.715035e-01 8.062200e-01 8.359655e-01 8.605568e-01 8.798422e-01 8.937030e-01 9.020538e-01 9.048432e-01 
-9.077957e-01 -9.049976e-01 -8.966205e-01 -8.827160e-01 -8.633699e-01 -8.387014e-01 -8.088626e-01 -7.740373e-01 -7.344402e-01 -6.903155e-01 -6.419350e-01 -5.895971e-01 -5.336244e-01 -4.743619e-01 -4.121749e-01 -3.474470e-01 -2.805772e-01 -2.119777e-01 -1.420715e-01 -7.128978e-02 -6.890213e-05 7.115193e-02 1.419335e-01 2.118394e-01 2.804386e-01 3.473079e-01 4.120352e-01 4.742213e-01 5.334829e-01 5.894545e-01 6.417912e-01 6.901702e-01 7.342935e-01 7.738891e-01 8.087129e-01 8.385504e-01 8.632177e-01 8.825628e-01 8.964665e-01 9.048431e-01 9.076410e-01 
