4.089668e-02 4.229552e-02 4.321739e-02 4.367478e-02 4.368172e-02 4.325385e-02 4.240847e-02 4.116450e-02 3.954249e-02 3.756460e-02 3.525447e-02 3.263724e-02 2.973941e-02 2.658876e-02 2.321422e-02 1.964577e-02 1.591432e-02 1.205150e-02 8.089621e-03 4.061428e-03 3.583777e-16 4.061428e-03 8.089621e-03 1.205150e-02 1.591432e-02 1.964577e-02 2.321422e-02 2.658876e-02 2.973941e-02 3.263724e-02 3.525447e-02 3.756460e-02 3.954249e-02 4.116450e-02 4.240847e-02 4.325385e-02 4.368172e-02 4.367478e-02 4.321739e-02 4.229552e-02 4.089668e-02 
4.240492e-02 4.378551e-02 4.468278e-02 4.510883e-02 4.507747e-02 4.460425e-02 4.370646e-02 4.240314e-02 4.071501e-02 3.866450e-02 3.627558e-02 3.357378e-02 3.058603e-02 2.734060e-02 2.386695e-02 2.019562e-02 1.635808e-02 1.238661e-02 8.314119e-03 4.174006e-03 3.007028e-16 4.174006e-03 8.314119e-03 1.238661e-02 1.635808e-02 2.019562e-02 2.386695e-02 2.734060e-02 3.058603e-02 3.357378e-02 3.627558e-02 3.866450e-02 4.071501e-02 4.240314e-02 4.370646e-02 4.460425e-02 4.507747e-02 4.510883e-02 4.468278e-02 4.378551e-02 4.240492e-02 
4.342035e-02 4.477699e-02 4.564773e-02 4.604435e-02 4.598044e-02 4.547141e-02 4.453447e-02 4.318865e-02 4.145474e-02 3.935523e-02 3.691425e-02 3.415749e-02 3.111209e-02 2.780654e-02 2.427058e-02 2.053500e-02 1.663158e-02 1.259291e-02 8.452211e-03 4.243220e-03 7.791437e-16 4.243220e-03 8.452211e-03 1.259291e-02 1.663158e-02 2.053500e-02 2.427058e-02 2.780654e-02 3.111209e-02 3.415749e-02 3.691425e-02 3.935523e-02 4.145474e-02 4.318865e-02 4.453447e-02 4.547141e-02 4.598044e-02 4.604435e-02 4.564773e-02 4.477699e-02 4.342035e-02 
4.395603e-02 4.528268e-02 4.612466e-02 4.649346e-02 4.640244e-02 4.586679e-02 4.490357e-02 4.353169e-02 4.177182e-02 3.964637e-02 3.717943e-02 3.439663e-02 3.132508e-02 2.799328e-02 2.443093e-02 2.066884e-02 1.673881e-02 1.267342e-02 8.505926e-03 4.270091e-03 3.594038e-16 4.270091e-03 8.505926e-03 1.267342e-02 1.673881e-02 2.066884e-02 2.443093e-02 2.799328e-02 3.132508e-02 3.439663e-02 3.717943e-02 3.964637e-02 4.177182e-02 4.353169e-02 4.490357e-02 4.586679e-02 4.640244e-02 4.649346e-02 4.612466e-02 4.528268e-02 4.395603e-02 
4.402663e-02 4.531701e-02 4.612778e-02 4.647014e-02 4.635714e-02 4.580372e-02 4.482668e-02 4.344466e-02 4.167807e-02 3.954910e-02 3.708155e-02 3.430082e-02 3.123377e-02 2.790861e-02 2.435480e-02 2.060289e-02 1.668440e-02 1.263165e-02 8.477624e-03 4.255803e-03 5.904331e-16 4.255803e-03 8.477624e-03 1.263165e-02 1.668440e-02 2.060289e-02 2.435480e-02 2.790861e-02 3.123377e-02 3.430082e-02 3.708155e-02 3.954910e-02 4.167807e-02 4.344466e-02 4.482668e-02 4.580372e-02 4.635714e-02 4.647014e-02 4.612778e-02 4.531701e-02 4.402663e-02 
4.364846e-02 4.489618e-02 4.567315e-02 4.599022e-02 4.586011e-02 4.529740e-02 4.431852e-02 4.294172e-02 4.118703e-02 3.907617e-02 3.663255e-02 3.388107e-02 3.084813e-02 2.756145e-02 2.404996e-02 2.034372e-02 1.647368e-02 1.247163e-02 8.369997e-03 4.201706e-03 1.693472e-15 4.201706e-03 8.369997e-03 1.247163e-02 1.647368e-02 2.034372e-02 2.404996e-02 2.756145e-02 3.084813e-02 3.388107e-02 3.663255e-02 3.907617e-02 4.118703e-02 4.294172e-02 4.431852e-02 4.529740e-02 4.586011e-02 4.599022e-02 4.567315e-02 4.489618e-02 4.364846e-02 
4.283949e-02 4.403819e-02 4.477867e-02 4.507143e-02 4.492878e-02 4.436487e-02 4.339563e-02 4.203880e-02 4.031386e-02 3.824194e-02 3.584581e-02 3.314973e-02 3.017939e-02 2.696180e-02 2.352514e-02 1.989868e-02 1.611259e-02 1.219786e-02 8.186073e-03 4.109319e-03 3.277311e-16 4.109319e-03 8.186073e-03 1.219786e-02 1.611259e-02 1.989868e-02 2.352514e-02 2.696180e-02 3.017939e-02 3.314973e-02 3.584581e-02 3.824194e-02 4.031386e-02 4.203880e-02 4.339563e-02 4.436487e-02 4.492878e-02 4.507143e-02 4.477867e-02 4.403819e-02 4.283949e-02 
4.161938e-02 4.276275e-02 4.346404e-02 4.373333e-02 4.358244e-02 4.302499e-02 4.207633e-02 4.075355e-02 3.907541e-02 3.706232e-02 3.473622e-02 3.212052e-02 2.924002e-02 2.612077e-02 2.279000e-02 1.927595e-02 1.560777e-02 1.181535e-02 7.929206e-03 3.980327e-03 1.397746e-15 3.980327e-03 7.929206e-03 1.181535e-02 1.560777e-02 1.927595e-02 2.279000e-02 2.612077e-02 2.924002e-02 3.212052e-02 3.473622e-02 3.706232e-02 3.907541e-02 4.075355e-02 4.207633e-02 4.302499e-02 4.358244e-02 4.373333e-02 4.346404e-02 4.276275e-02 4.161938e-02 
4.000944e-02 4.109135e-02 4.175076e-02 4.199727e-02 4.184216e-02 4.129841e-02 4.038067e-02 3.910528e-02 3.749014e-02 3.555474e-02 3.332005e-02 3.080846e-02 2.804365e-02 2.505054e-02 2.185516e-02 1.848450e-02 1.496644e-02 1.132957e-02 7.603074e-03 3.816574e-03 2.958260e-15 3.816574e-03 7.603074e-03 1.132957e-02 1.496644e-02 1.848450e-02 2.185516e-02 2.505054e-02 2.804365e-02 3.080846e-02 3.332005e-02 3.555474e-02 3.749014e-02 3.910528e-02 4.038067e-02 4.129841e-02 4.184216e-02 4.199727e-02 4.175076e-02 4.109135e-02 4.000944e-02 
3.803257e-02 3.904712e-02 3.966203e-02 3.988636e-02 3.973076e-02 3.920750e-02 3.833042e-02 3.711495e-02 3.557804e-02 3.373811e-02 3.161499e-02 2.922984e-02 2.660509e-02 2.376431e-02 2.073210e-02 1.753404e-02 1.419648e-02 1.074648e-02 7.211663e-03 3.620063e-03 2.723030e-15 3.620063e-03 7.211663e-03 1.074648e-02 1.419648e-02 1.753404e-02 2.073210e-02 2.376431e-02 2.660509e-02 2.922984e-02 3.161499e-02 3.373811e-02 3.557804e-02 3.711495e-02 3.833042e-02 3.920750e-02 3.973076e-02 3.988636e-02 3.966203e-02 3.904712e-02 3.803257e-02 
3.571326e-02 3.665486e-02 3.722275e-02 3.742539e-02 3.727275e-02 3.677627e-02 3.594891e-02 3.480508e-02 3.336062e-02 3.163275e-02 2.964001e-02 2.740219e-02 2.494026e-02 2.227626e-02 1.943321e-02 1.643501e-02 1.330632e-02 1.007246e-02 6.759262e-03 3.392943e-03 1.983030e-15 3.392943e-03 6.759262e-03 1.007246e-02 1.330632e-02 1.643501e-02 1.943321e-02 2.227626e-02 2.494026e-02 2.740219e-02 2.964001e-02 3.163275e-02 3.336062e-02 3.480508e-02 3.594891e-02 3.677627e-02 3.727275e-02 3.742539e-02 3.722275e-02 3.665486e-02 3.571326e-02 
3.307748e-02 3.394086e-02 3.445934e-02 3.464072e-02 3.449419e-02 3.403031e-02 3.326104e-02 3.219966e-02 3.086079e-02 2.926032e-02 2.741536e-02 2.534418e-02 2.306612e-02 2.060152e-02 1.797164e-02 1.519854e-02 1.230499e-02 9.314336e-03 6.250441e-03 3.137510e-03 1.190186e-15 3.137510e-03 6.250441e-03 9.314336e-03 1.230499e-02 1.519854e-02 1.797164e-02 2.060152e-02 2.306612e-02 2.534418e-02 2.741536e-02 2.926032e-02 3.086079e-02 3.219966e-02 3.326104e-02 3.403031e-02 3.449419e-02 3.464072e-02 3.445934e-02 3.394086e-02 3.307748e-02 
3.015258e-02 3.093289e-02 3.139973e-02 3.156020e-02 3.142264e-02 3.099666e-02 3.029310e-02 2.932404e-02 2.810278e-02 2.664373e-02 2.496246e-02 2.307556e-02 2.100061e-02 1.875611e-02 1.636136e-02 1.383643e-02 1.120200e-02 8.479306e-03 5.690035e-03 2.856189e-03 1.003683e-15 2.856189e-03 5.690035e-03 8.479306e-03 1.120200e-02 1.383643e-02 1.636136e-02 1.875611e-02 2.100061e-02 2.307556e-02 2.496246e-02 2.664373e-02 2.810278e-02 2.932404e-02 3.029310e-02 3.099666e-02 3.142264e-02 3.156020e-02 3.139973e-02 3.093289e-02 3.015258e-02 
2.696722e-02 2.766005e-02 2.807322e-02 2.821307e-02 2.808704e-02 2.770370e-02 2.707272e-02 2.620488e-02 2.511203e-02 2.380704e-02 2.230379e-02 2.061708e-02 1.876259e-02 1.675682e-02 1.461701e-02 1.236103e-02 1.000737e-02 7.574949e-03 5.083125e-03 2.551530e-03 4.108062e-16 2.551530e-03 5.083125e-03 7.574949e-03 1.000737e-02 1.236103e-02 1.461701e-02 1.675682e-02 1.876259e-02 2.061708e-02 2.230379e-02 2.380704e-02 2.511203e-02 2.620488e-02 2.707272e-02 2.770370e-02 2.808704e-02 2.821307e-02 2.807322e-02 2.766005e-02 2.696722e-02 
2.355126e-02 2.415265e-02 2.451033e-02 2.462980e-02 2.451755e-02 2.418105e-02 2.362873e-02 2.286998e-02 2.191512e-02 2.077538e-02 1.946284e-02 1.799040e-02 1.637174e-02 1.462123e-02 1.275388e-02 1.078529e-02 8.731548e-03 6.609172e-03 4.435016e-03 2.226196e-03 2.329393e-16 2.226196e-03 4.435016e-03 6.609172e-03 8.731548e-03 1.078529e-02 1.275388e-02 1.462123e-02 1.637174e-02 1.799040e-02 1.946284e-02 2.077538e-02 2.191512e-02 2.286998e-02 2.362873e-02 2.418105e-02 2.451755e-02 2.462980e-02 2.451033e-02 2.415265e-02 2.355126e-02 
1.993558e-02 2.044212e-02 2.074269e-02 2.084197e-02 2.074545e-02 2.045942e-02 1.999101e-02 1.934817e-02 1.853960e-02 1.757479e-02 1.646396e-02 1.521801e-02 1.384848e-02 1.236753e-02 1.078784e-02 9.122594e-03 7.385388e-03 5.590179e-03 3.751211e-03 1.882948e-03 7.004935e-16 1.882948e-03 3.751211e-03 5.590179e-03 7.385388e-03 9.122594e-03 1.078784e-02 1.236753e-02 1.384848e-02 1.521801e-02 1.646396e-02 1.757479e-02 1.853960e-02 1.934817e-02 1.999101e-02 2.045942e-02 2.074545e-02 2.084197e-02 2.074269e-02 2.044212e-02 1.993558e-02 
1.615203e-02 1.656080e-02 1.680292e-02 1.688217e-02 1.680299e-02 1.657048e-02 1.619040e-02 1.566919e-02 1.501388e-02 1.423215e-02 1.333228e-02 1.232306e-02 1.121387e-02 1.001451e-02 8.735259e-03 7.386781e-03 5.980075e-03 4.526435e-03 3.037387e-03 1.524635e-03 6.463855e-16 1.524635e-03 3.037387e-03 4.526435e-03 5.980075e-03 7.386781e-03 8.735259e-03 1.001451e-02 1.121387e-02 1.232306e-02 1.333228e-02 1.423215e-02 1.501388e-02 1.566919e-02 1.619040e-02 1.657048e-02 1.680299e-02 1.688217e-02 1.680292e-02 1.656080e-02 1.615203e-02 
1.223322e-02 1.254188e-02 1.272444e-02 1.278378e-02 1.272325e-02 1.254671e-02 1.225852e-02 1.186354e-02 1.136711e-02 1.077503e-02 1.009356e-02 9.329361e-03 8.489510e-03 7.581444e-03 6.612930e-03 5.592036e-03 4.527085e-03 3.426622e-03 2.299369e-03 1.154180e-03 1.509246e-16 1.154180e-03 2.299369e-03 3.426622e-03 4.527085e-03 5.592036e-03 6.612930e-03 7.581444e-03 8.489510e-03 9.329361e-03 1.009356e-02 1.077503e-02 1.136711e-02 1.186354e-02 1.225852e-02 1.254671e-02 1.272325e-02 1.278378e-02 1.272444e-02 1.254188e-02 1.223322e-02 
8.212407e-03 8.419168e-03 8.541346e-03 8.580857e-03 8.539956e-03 8.421232e-03 8.227611e-03 7.962352e-03 7.629035e-03 7.231554e-03 6.774101e-03 6.261155e-03 5.697457e-03 5.087997e-03 4.437986e-03 3.752836e-03 3.038130e-03 2.299601e-03 1.543099e-03 7.745652e-04 3.215295e-16 7.745652e-04 1.543099e-03 2.299601e-03 3.038130e-03 3.752836e-03 4.437986e-03 5.087997e-03 5.697457e-03 6.261155e-03 6.774101e-03 7.231554e-03 7.629035e-03 7.962352e-03 8.227611e-03 8.421232e-03 8.539956e-03 8.580857e-03 8.541346e-03 8.419168e-03 8.212407e-03 
4.123313e-03 4.226993e-03 4.288222e-03 4.307964e-03 4.287349e-03 4.227677e-03 4.130418e-03 3.997205e-03 3.829836e-03 3.630265e-03 3.400596e-03 3.143076e-03 2.860086e-03 2.554129e-03 2.227821e-03 1.883876e-03 1.525099e-03 1.154365e-03 7.746116e-04 3.888193e-04 2.019734e-16 3.888193e-04 7.746116e-04 1.154365e-03 1.525099e-03 1.883876e-03 2.227821e-03 2.554129e-03 2.860086e-03 3.143076e-03 3.400596e-03 3.630265e-03 3.829836e-03 3.997205e-03 4.130418e-03 4.227677e-03 4.287349e-03 4.307964e-03 4.288222e-03 4.226993e-03 4.123313e-03 
2.890346e-16 2.883493e-16 2.818123e-16 2.893400e-16 3.123228e-16 2.923524e-16 2.719667e-16 2.581712e-16 2.640728e-16 2.655740e-16 2.551156e-16 2.447247e-16 2.469831e-16 2.481610e-16 2.434681e-16 2.625412e-16 2.656570e-16 2.704380e-16 2.658482e-16 2.633437e-16 2.603974e-16 2.587392e-16 2.550413e-16 2.596019e-16 2.638110e-16 2.557594e-16 2.394273e-16 2.330933e-16 2.426121e-16 2.485664e-16 2.403858e-16 2.306396e-16 2.334435e-16 2.123165e-16 2.129733e-16 2.114035e-16 2.201438e-16 2.383043e-16 2.439962e-16 2.499714e-16 2.528875e-16 
4.123313e-03 4.226993e-03 4.288222e-03 4.307964e-03 4.287349e-03 4.227677e-03 4.130418e-03 3.997205e-03 3.829836e-03 3.630265e-03 3.400596e-03 3.143076e-03 2.860086e-03 2.554129e-03 2.227821e-03 1.883876e-03 1.525099e-03 1.154365e-03 7.746116e-04 3.888193e-04 4.305626e-17 3.888193e-04 7.746116e-04 1.154365e-03 1.525099e-03 1.883876e-03 2.227821e-03 2.554129e-03 2.860086e-03 3.143076e-03 3.400596e-03 3.630265e-03 3.829836e-03 3.997205e-03 4.130418e-03 4.227677e-03 4.287349e-03 4.307964e-03 4.288222e-03 4.226993e-03 4.123313e-03 
8.212407e-03 8.419168e-03 8.541346e-03 8.580857e-03 8.539956e-03 8.421232e-03 8.227611e-03 7.962352e-03 7.629035e-03 7.231554e-03 6.774101e-03 6.261155e-03 5.697457e-03 5.087997e-03 4.437986e-03 3.752836e-03 3.038130e-03 2.299601e-03 1.543099e-03 7.745652e-04 2.370514e-16 7.745652e-04 1.543099e-03 2.299601e-03 3.038130e-03 3.752836e-03 4.437986e-03 5.087997e-03 5.697457e-03 6.261155e-03 6.774101e-03 7.231554e-03 7.629035e-03 7.962352e-03 8.227611e-03 8.421232e-03 8.539956e-03 8.580857e-03 8.541346e-03 8.419168e-03 8.212407e-03 
1.223322e-02 1.254188e-02 1.272444e-02 1.278378e-02 1.272325e-02 1.254671e-02 1.225852e-02 1.186354e-02 1.136711e-02 1.077503e-02 1.009356e-02 9.329361e-03 8.489510e-03 7.581444e-03 6.612930e-03 5.592036e-03 4.527085e-03 3.426622e-03 2.299369e-03 1.154180e-03 3.764386e-16 1.154180e-03 2.299369e-03 3.426622e-03 4.527085e-03 5.592036e-03 6.612930e-03 7.581444e-03 8.489510e-03 9.329361e-03 1.009356e-02 1.077503e-02 1.136711e-02 1.186354e-02 1.225852e-02 1.254671e-02 1.272325e-02 1.278378e-02 1.272444e-02 1.254188e-02 1.223322e-02 
1.615203e-02 1.656080e-02 1.680292e-02 1.688217e-02 1.680299e-02 1.657048e-02 1.619040e-02 1.566919e-02 1.501388e-02 1.423215e-02 1.333228e-02 1.232306e-02 1.121387e-02 1.001451e-02 8.735259e-03 7.386781e-03 5.980075e-03 4.526435e-03 3.037387e-03 1.524635e-03 2.768894e-16 1.524635e-03 3.037387e-03 4.526435e-03 5.980075e-03 7.386781e-03 8.735259e-03 1.001451e-02 1.121387e-02 1.232306e-02 1.333228e-02 1.423215e-02 1.501388e-02 1.566919e-02 1.619040e-02 1.657048e-02 1.680299e-02 1.688217e-02 1.680292e-02 1.656080e-02 1.615203e-02 
1.993558e-02 2.044212e-02 2.074269e-02 2.084197e-02 2.074545e-02 2.045942e-02 1.999101e-02 1.934817e-02 1.853960e-02 1.757479e-02 1.646396e-02 1.521801e-02 1.384848e-02 1.236753e-02 1.078784e-02 9.122594e-03 7.385388e-03 5.590179e-03 3.751211e-03 1.882948e-03 3.021767e-16 1.882948e-03 3.751211e-03 5.590179e-03 7.385388e-03 9.122594e-03 1.078784e-02 1.236753e-02 1.384848e-02 1.521801e-02 1.646396e-02 1.757479e-02 1.853960e-02 1.934817e-02 1.999101e-02 2.045942e-02 2.074545e-02 2.084197e-02 2.074269e-02 2.044212e-02 1.993558e-02 
2.355126e-02 2.415265e-02 2.451033e-02 2.462980e-02 2.451755e-02 2.418105e-02 2.362873e-02 2.286998e-02 2.191512e-02 2.077538e-02 1.946284e-02 1.799040e-02 1.637174e-02 1.462123e-02 1.275388e-02 1.078529e-02 8.731548e-03 6.609172e-03 4.435016e-03 2.226196e-03 6.725864e-16 2.226196e-03 4.435016e-03 6.609172e-03 8.731548e-03 1.078529e-02 1.275388e-02 1.462123e-02 1.637174e-02 1.799040e-02 1.946284e-02 2.077538e-02 2.191512e-02 2.286998e-02 2.362873e-02 2.418105e-02 2.451755e-02 2.462980e-02 2.451033e-02 2.415265e-02 2.355126e-02 
2.696722e-02 2.766005e-02 2.807322e-02 2.821307e-02 2.808704e-02 2.770370e-02 2.707272e-02 2.620488e-02 2.511203e-02 2.380704e-02 2.230379e-02 2.061708e-02 1.876259e-02 1.675682e-02 1.461701e-02 1.236103e-02 1.000737e-02 7.574949e-03 5.083125e-03 2.551530e-03 5.322368e-16 2.551530e-03 5.083125e-03 7.574949e-03 1.000737e-02 1.236103e-02 1.461701e-02 1.675682e-02 1.876259e-02 2.061708e-02 2.230379e-02 2.380704e-02 2.511203e-02 2.620488e-02 2.707272e-02 2.770370e-02 2.808704e-02 2.821307e-02 2.807322e-02 2.766005e-02 2.696722e-02 
3.015258e-02 3.093289e-02 3.139973e-02 3.156020e-02 3.142264e-02 3.099666e-02 3.029310e-02 2.932404e-02 2.810278e-02 2.664373e-02 2.496246e-02 2.307556e-02 2.100061e-02 1.875611e-02 1.636136e-02 1.383643e-02 1.120200e-02 8.479306e-03 5.690035e-03 2.856189e-03 3.653052e-16 2.856189e-03 5.690035e-03 8.479306e-03 1.120200e-02 1.383643e-02 1.636136e-02 1.875611e-02 2.100061e-02 2.307556e-02 2.496246e-02 2.664373e-02 2.810278e-02 2.932404e-02 3.029310e-02 3.099666e-02 3.142264e-02 3.156020e-02 3.139973e-02 3.093289e-02 3.015258e-02 
3.307748e-02 3.394086e-02 3.445934e-02 3.464072e-02 3.449419e-02 3.403031e-02 3.326104e-02 3.219966e-02 3.086079e-02 2.926032e-02 2.741536e-02 2.534418e-02 2.306612e-02 2.060152e-02 1.797164e-02 1.519854e-02 1.230499e-02 9.314336e-03 6.250441e-03 3.137510e-03 1.148553e-15 3.137510e-03 6.250441e-03 9.314336e-03 1.230499e-02 1.519854e-02 1.797164e-02 2.060152e-02 2.306612e-02 2.534418e-02 2.741536e-02 2.926032e-02 3.086079e-02 3.219966e-02 3.326104e-02 3.403031e-02 3.449419e-02 3.464072e-02 3.445934e-02 3.394086e-02 3.307748e-02 
3.571326e-02 3.665486e-02 3.722275e-02 3.742539e-02 3.727275e-02 3.677627e-02 3.594891e-02 3.480508e-02 3.336062e-02 3.163275e-02 2.964001e-02 2.740219e-02 2.494026e-02 2.227626e-02 1.943321e-02 1.643501e-02 1.330632e-02 1.007246e-02 6.759262e-03 3.392943e-03 6.051779e-16 3.392943e-03 6.759262e-03 1.007246e-02 1.330632e-02 1.643501e-02 1.943321e-02 2.227626e-02 2.494026e-02 2.740219e-02 2.964001e-02 3.163275e-02 3.336062e-02 3.480508e-02 3.594891e-02 3.677627e-02 3.727275e-02 3.742539e-02 3.722275e-02 3.665486e-02 3.571326e-02 
3.803257e-02 3.904712e-02 3.966203e-02 3.988636e-02 3.973076e-02 3.920750e-02 3.833042e-02 3.711495e-02 3.557804e-02 3.373811e-02 3.161499e-02 2.922984e-02 2.660509e-02 2.376431e-02 2.073210e-02 1.753404e-02 1.419648e-02 1.074648e-02 7.211663e-03 3.620063e-03 1.086422e-15 3.620063e-03 7.211663e-03 1.074648e-02 1.419648e-02 1.753404e-02 2.073210e-02 2.376431e-02 2.660509e-02 2.922984e-02 3.161499e-02 3.373811e-02 3.557804e-02 3.711495e-02 3.833042e-02 3.920750e-02 3.973076e-02 3.988636e-02 3.966203e-02 3.904712e-02 3.803257e-02 
4.000944e-02 4.109135e-02 4.175076e-02 4.199727e-02 4.184216e-02 4.129841e-02 4.038067e-02 3.910528e-02 3.749014e-02 3.555474e-02 3.332005e-02 3.080846e-02 2.804365e-02 2.505054e-02 2.185516e-02 1.848450e-02 1.496644e-02 1.132957e-02 7.603074e-03 3.816574e-03 6.545468e-16 3.816574e-03 7.603074e-03 1.132957e-02 1.496644e-02 1.848450e-02 2.185516e-02 2.505054e-02 2.804365e-02 3.080846e-02 3.332005e-02 3.555474e-02 3.749014e-02 3.910528e-02 4.038067e-02 4.129841e-02 4.184216e-02 4.199727e-02 4.175076e-02 4.109135e-02 4.000944e-02 
4.161938e-02 4.276275e-02 4.346404e-02 4.373333e-02 4.358244e-02 4.302499e-02 4.207633e-02 4.075355e-02 3.907541e-02 3.706232e-02 3.473622e-02 3.212052e-02 2.924002e-02 2.612077e-02 2.279000e-02 1.927595e-02 1.560777e-02 1.181535e-02 7.929206e-03 3.980327e-03 4.013709e-15 3.980327e-03 7.929206e-03 1.181535e-02 1.560777e-02 1.927595e-02 2.279000e-02 2.612077e-02 2.924002e-02 3.212052e-02 3.473622e-02 3.706232e-02 3.907541e-02 4.075355e-02 4.207633e-02 4.302499e-02 4.358244e-02 4.373333e-02 4.346404e-02 4.276275e-02 4.161938e-02 
4.283949e-02 4.403819e-02 4.477867e-02 4.507143e-02 4.492878e-02 4.436487e-02 4.339563e-02 4.203880e-02 4.031386e-02 3.824194e-02 3.584581e-02 3.314973e-02 3.017939e-02 2.696180e-02 2.352514e-02 1.989868e-02 1.611259e-02 1.219786e-02 8.186073e-03 4.109319e-03 1.531892e-15 4.109319e-03 8.186073e-03 1.219786e-02 1.611259e-02 1.989868e-02 2.352514e-02 2.696180e-02 3.017939e-02 3.314973e-02 3.584581e-02 3.824194e-02 4.031386e-02 4.203880e-02 4.339563e-02 4.436487e-02 4.492878e-02 4.507143e-02 4.477867e-02 4.403819e-02 4.283949e-02 
4.364846e-02 4.489618e-02 4.567315e-02 4.599022e-02 4.586011e-02 4.529740e-02 4.431852e-02 4.294172e-02 4.118703e-02 3.907617e-02 3.663255e-02 3.388107e-02 3.084813e-02 2.756145e-02 2.404996e-02 2.034372e-02 1.647368e-02 1.247163e-02 8.369997e-03 4.201706e-03 2.227003e-15 4.201706e-03 8.369997e-03 1.247163e-02 1.647368e-02 2.034372e-02 2.404996e-02 2.756145e-02 3.084813e-02 3.388107e-02 3.663255e-02 3.907617e-02 4.118703e-02 4.294172e-02 4.431852e-02 4.529740e-02 4.586011e-02 4.599022e-02 4.567315e-02 4.489618e-02 4.364846e-02 
4.402663e-02 4.531701e-02 4.612778e-02 4.647014e-02 4.635714e-02 4.580372e-02 4.482668e-02 4.344466e-02 4.167807e-02 3.954910e-02 3.708155e-02 3.430082e-02 3.123377e-02 2.790861e-02 2.435480e-02 2.060289e-02 1.668440e-02 1.263165e-02 8.477624e-03 4.255803e-03 3.857398e-15 4.255803e-03 8.477624e-03 1.263165e-02 1.668440e-02 2.060289e-02 2.435480e-02 2.790861e-02 3.123377e-02 3.430082e-02 3.708155e-02 3.954910e-02 4.167807e-02 4.344466e-02 4.482668e-02 4.580372e-02 4.635714e-02 4.647014e-02 4.612778e-02 4.531701e-02 4.402663e-02 
4.395603e-02 4.528268e-02 4.612466e-02 4.649346e-02 4.640244e-02 4.586679e-02 4.490357e-02 4.353169e-02 4.177182e-02 3.964637e-02 3.717943e-02 3.439663e-02 3.132508e-02 2.799328e-02 2.443093e-02 2.066884e-02 1.673881e-02 1.267342e-02 8.505926e-03 4.270091e-03 2.686771e-15 4.270091e-03 8.505926e-03 1.267342e-02 1.673881e-02 2.066884e-02 2.443093e-02 2.799328e-02 3.132508e-02 3.439663e-02 3.717943e-02 3.964637e-02 4.177182e-02 4.353169e-02 4.490357e-02 4.586679e-02 4.640244e-02 4.649346e-02 4.612466e-02 4.528268e-02 4.395603e-02 
4.342035e-02 4.477699e-02 4.564773e-02 4.604435e-02 4.598044e-02 4.547141e-02 4.453447e-02 4.318865e-02 4.145474e-02 3.935523e-02 3.691425e-02 3.415749e-02 3.111209e-02 2.780654e-02 2.427058e-02 2.053500e-02 1.663158e-02 1.259291e-02 8.452211e-03 4.243220e-03 1.961719e-15 4.243220e-03 8.452211e-03 1.259291e-02 1.663158e-02 2.053500e-02 2.427058e-02 2.780654e-02 3.111209e-02 3.415749e-02 3.691425e-02 3.935523e-02 4.145474e-02 4.318865e-02 4.453447e-02 4.547141e-02 4.598044e-02 4.604435e-02 4.564773e-02 4.477699e-02 4.342035e-02 
4.240492e-02 4.378551e-02 4.468278e-02 4.510883e-02 4.507747e-02 4.460425e-02 4.370646e-02 4.240314e-02 4.071501e-02 3.866450e-02 3.627558e-02 3.357378e-02 3.058603e-02 2.734060e-02 2.386695e-02 2.019562e-02 1.635808e-02 1.238661e-02 8.314119e-03 4.174006e-03 1.549860e-16 4.174006e-03 8.314119e-03 1.238661e-02 1.635808e-02 2.019562e-02 2.386695e-02 2.734060e-02 3.058603e-02 3.357378e-02 3.627558e-02 3.866450e-02 4.071501e-02 4.240314e-02 4.370646e-02 4.460425e-02 4.507747e-02 4.510883e-02 4.468278e-02 4.378551e-02 4.240492e-02 
4.089668e-02 4.229552e-02 4.321739e-02 4.367478e-02 4.368172e-02 4.325385e-02 4.240847e-02 4.116450e-02 3.954249e-02 3.756460e-02 3.525447e-02 3.263724e-02 2.973941e-02 2.658876e-02 2.321422e-02 1.964577e-02 1.591432e-02 1.205150e-02 8.089621e-03 4.061428e-03 4.534729e-16 4.061428e-03 8.089621e-03 1.205150e-02 1.591432e-02 1.964577e-02 2.321422e-02 2.658876e-02 2.973941e-02 3.263724e-02 3.525447e-02 3.756460e-02 3.954249e-02 4.116450e-02 4.240847e-02 4.325385e-02 4.368172e-02 4.367478e-02 4.321739e-02 4.229552e-02 4.089668e-02 
