9.879255e-02 1.023792e-01 1.020907e-01 9.815886e-02 9.087697e-02 8.059717e-02 6.772633e-02 5.271993e-02 3.607432e-02 1.831768e-02 6.706279e-16 1.831768e-02 3.607432e-02 5.271993e-02 6.772633e-02 8.059717e-02 9.087697e-02 9.815886e-02 1.020907e-01 1.023792e-01 9.879255e-02 
1.038781e-01 1.072185e-01 1.066231e-01 1.023183e-01 9.459593e-02 8.381077e-02 7.037545e-02 5.475397e-02 3.745337e-02 1.901423e-02 2.243250e-15 1.901423e-02 3.745337e-02 5.475397e-02 7.037545e-02 8.381077e-02 9.459593e-02 1.023183e-01 1.066231e-01 1.072185e-01 1.038781e-01 
1.046352e-01 1.077092e-01 1.069117e-01 1.024594e-01 9.463572e-02 8.378751e-02 7.032033e-02 5.469152e-02 3.740175e-02 1.898543e-02 1.671646e-15 1.898543e-02 3.740175e-02 5.469152e-02 7.032033e-02 8.378751e-02 9.463572e-02 1.024594e-01 1.069117e-01 1.077092e-01 1.046352e-01 
1.013361e-01 1.041172e-01 1.032111e-01 9.882036e-02 9.121235e-02 8.071631e-02 6.771821e-02 5.265418e-02 3.600231e-02 1.827327e-02 2.167088e-16 1.827327e-02 3.600231e-02 5.265418e-02 6.771821e-02 8.071631e-02 9.121235e-02 9.882036e-02 1.032111e-01 1.041172e-01 1.013361e-01 
9.431684e-02 9.677538e-02 9.584300e-02 9.170364e-02 8.460173e-02 7.483921e-02 6.277090e-02 4.879822e-02 3.336159e-02 1.693173e-02 6.961801e-16 1.693173e-02 3.336159e-02 4.879822e-02 6.277090e-02 7.483921e-02 8.460173e-02 9.170364e-02 9.584300e-02 9.677538e-02 9.431684e-02 
8.397544e-02 8.608102e-02 8.519356e-02 8.147399e-02 7.513715e-02 6.644908e-02 5.572288e-02 4.331306e-02 2.960883e-02 1.502632e-02 8.797454e-16 1.502632e-02 2.960883e-02 4.331306e-02 5.572288e-02 6.644908e-02 7.513715e-02 8.147399e-02 8.519356e-02 8.608102e-02 8.397544e-02 
7.076757e-02 7.249146e-02 7.170875e-02 6.855344e-02 6.320490e-02 5.588570e-02 4.685795e-02 3.641870e-02 2.489415e-02 1.263315e-02 1.655202e-16 1.263315e-02 2.489415e-02 3.641870e-02 4.685795e-02 5.588570e-02 6.320490e-02 6.855344e-02 7.170875e-02 7.249146e-02 7.076757e-02 
5.520017e-02 5.651713e-02 5.588746e-02 5.341479e-02 4.923819e-02 4.353033e-02 3.649476e-02 2.836221e-02 1.938616e-02 9.837705e-03 2.493138e-16 9.837705e-03 1.938616e-02 2.836221e-02 3.649476e-02 4.353033e-02 4.923819e-02 5.341479e-02 5.588746e-02 5.651713e-02 5.520017e-02 
3.782337e-02 3.871317e-02 3.827300e-02 3.657350e-02 3.370954e-02 2.979906e-02 2.498110e-02 1.941333e-02 1.326898e-02 6.733353e-03 1.134234e-16 6.733353e-03 1.326898e-02 1.941333e-02 2.498110e-02 2.979906e-02 3.370954e-02 3.657350e-02 3.827300e-02 3.871317e-02 3.782337e-02 
1.922101e-02 1.966953e-02 1.944331e-02 1.857814e-02 1.712212e-02 1.513506e-02 1.268750e-02 9.859445e-03 6.738787e-03 3.419565e-03 5.215461e-16 3.419565e-03 6.738787e-03 9.859445e-03 1.268750e-02 1.513506e-02 1.712212e-02 1.857814e-02 1.944331e-02 1.966953e-02 1.922101e-02 
1.359131e-16 1.576602e-16 1.420163e-16 1.414154e-16 1.600268e-16 1.527284e-16 1.484097e-16 1.271750e-16 1.057098e-16 7.446934e-17 4.550363e-17 1.823836e-17 1.420067e-17 4.391598e-17 6.382528e-17 9.038455e-17 1.043824e-16 1.440933e-16 1.700409e-16 2.412903e-16 2.418494e-16 
1.922101e-02 1.966953e-02 1.944331e-02 1.857814e-02 1.712212e-02 1.513506e-02 1.268750e-02 9.859445e-03 6.738787e-03 3.419565e-03 1.064238e-16 3.419565e-03 6.738787e-03 9.859445e-03 1.268750e-02 1.513506e-02 1.712212e-02 1.857814e-02 1.944331e-02 1.966953e-02 1.922101e-02 
3.782337e-02 3.871317e-02 3.827300e-02 3.657350e-02 3.370954e-02 2.979906e-02 2.498110e-02 1.941333e-02 1.326898e-02 6.733353e-03 8.433506e-17 6.733353e-03 1.326898e-02 1.941333e-02 2.498110e-02 2.979906e-02 3.370954e-02 3.657350e-02 3.827300e-02 3.871317e-02 3.782337e-02 
5.520017e-02 5.651713e-02 5.588746e-02 5.341479e-02 4.923819e-02 4.353033e-02 3.649476e-02 2.836221e-02 1.938616e-02 9.837705e-03 3.073867e-17 9.837705e-03 1.938616e-02 2.836221e-02 3.649476e-02 4.353033e-02 4.923819e-02 5.341479e-02 5.588746e-02 5.651713e-02 5.520017e-02 
7.076757e-02 7.249146e-02 7.170875e-02 6.855344e-02 6.320490e-02 5.588570e-02 4.685795e-02 3.641870e-02 2.489415e-02 1.263315e-02 8.732874e-16 1.263315e-02 2.489415e-02 3.641870e-02 4.685795e-02 5.588570e-02 6.320490e-02 6.855344e-02 7.170875e-02 7.249146e-02 7.076757e-02 
8.397544e-02 8.608102e-02 8.519356e-02 8.147399e-02 7.513715e-02 6.644908e-02 5.572288e-02 4.331306e-02 2.960883e-02 1.502632e-02 9.768899e-16 1.502632e-02 2.960883e-02 4.331306e-02 5.572288e-02 6.644908e-02 7.513715e-02 8.147399e-02 8.519356e-02 8.608102e-02 8.397544e-02 
9.431684e-02 9.677538e-02 9.584300e-02 9.170364e-02 8.460173e-02 7.483921e-02 6.277090e-02 4.879822e-02 3.336159e-02 1.693173e-02 2.590298e-16 1.693173e-02 3.336159e-02 4.879822e-02 6.277090e-02 7.483921e-02 8.460173e-02 9.170364e-02 9.584300e-02 9.677538e-02 9.431684e-02 
1.013361e-01 1.041172e-01 1.032111e-01 9.882036e-02 9.121235e-02 8.071631e-02 6.771821e-02 5.265418e-02 3.600231e-02 1.827327e-02 2.615246e-17 1.827327e-02 3.600231e-02 5.265418e-02 6.771821e-02 8.071631e-02 9.121235e-02 9.882036e-02 1.032111e-01 1.041172e-01 1.013361e-01 
1.046352e-01 1.077092e-01 1.069117e-01 1.024594e-01 9.463572e-02 8.378751e-02 7.032033e-02 5.469152e-02 3.740175e-02 1.898543e-02 7.565990e-18 1.898543e-02 3.740175e-02 5.469152e-02 7.032033e-02 8.378751e-02 9.463572e-02 1.024594e-01 1.069117e-01 1.077092e-01 1.046352e-01 
1.038781e-01 1.072185e-01 1.066231e-01 1.023183e-01 9.459593e-02 8.381077e-02 7.037545e-02 5.475397e-02 3.745337e-02 1.901423e-02 3.657738e-16 1.901423e-02 3.745337e-02 5.475397e-02 7.037545e-02 8.381077e-02 9.459593e-02 1.023183e-01 1.066231e-01 1.072185e-01 1.038781e-01 
9.879255e-02 1.023792e-01 1.020907e-01 9.815886e-02 9.087697e-02 8.059717e-02 6.772633e-02 5.271993e-02 3.607432e-02 1.831768e-02 3.424506e-16 1.831768e-02 3.607432e-02 5.271993e-02 6.772633e-02 8.059717e-02 9.087697e-02 9.815886e-02 1.020907e-01 1.023792e-01 9.879255e-02 
