5.656340e-01 5.623654e-01 5.558459e-01 5.460974e-01 5.331632e-01 5.171074e-01 4.980143e-01 4.759879e-01 4.511511e-01 4.236449e-01 3.936275e-01 3.612729e-01 3.267704e-01 2.903226e-01 2.521449e-01 2.124635e-01 1.715140e-01 1.295403e-01 8.679268e-02 4.352642e-02 3.955170e-16 -4.352642e-02 -8.679268e-02 -1.295403e-01 -1.715140e-01 -2.124635e-01 -2.521449e-01 -2.903226e-01 -3.267704e-01 -3.612729e-01 -3.936275e-01 -4.236449e-01 -4.511511e-01 -4.759879e-01 -4.980143e-01 -5.171074e-01 -5.331632e-01 -5.460974e-01 -5.558459e-01 -5.623654e-01 -5.656340e-01 
5.622560e-01 5.590115e-01 5.525338e-01 5.428453e-01 5.299892e-01 5.140296e-01 4.950504e-01 4.731551e-01 4.484660e-01 4.211233e-01 3.912843e-01 3.591221e-01 3.248247e-01 2.885939e-01 2.506434e-01 2.111981e-01 1.704924e-01 1.287687e-01 8.627569e-02 4.326714e-02 -2.636780e-16 -4.326714e-02 -8.627569e-02 -1.287687e-01 -1.704924e-01 -2.111981e-01 -2.506434e-01 -2.885939e-01 -3.248247e-01 -3.591221e-01 -3.912843e-01 -4.211233e-01 -4.484660e-01 -4.731551e-01 -4.950504e-01 -5.140296e-01 -5.299892e-01 -5.428453e-01 -5.525338e-01 -5.590115e-01 -5.622560e-01 
5.556429e-01 5.524396e-01 5.460401e-01 5.364667e-01 5.237626e-01 5.079909e-01 4.892348e-01 4.675967e-01 4.431976e-01 4.161761e-01 3.866874e-01 3.549030e-01 3.210085e-01 2.852031e-01 2.476985e-01 2.087166e-01 1.684891e-01 1.272556e-01 8.526193e-02 4.275874e-02 -7.424616e-16 -4.275874e-02 -8.526193e-02 -1.272556e-01 -1.684891e-01 -2.087166e-01 -2.476985e-01 -2.852031e-01 -3.210085e-01 -3.549030e-01 -3.866874e-01 -4.161761e-01 -4.431976e-01 -4.675967e-01 -4.892348e-01 -5.079909e-01 -5.237626e-01 -5.364667e-01 -5.460401e-01 -5.524396e-01 -5.556429e-01 
5.458161e-01 5.426714e-01 5.363864e-01 5.269833e-01 5.145042e-01 4.990116e-01 4.805873e-01 4.593318e-01 4.353639e-01 4.088199e-01 3.798525e-01 3.486298e-01 3.153343e-01 2.801618e-01 2.433200e-01 2.050272e-01 1.655108e-01 1.250062e-01 8.375477e-02 4.200290e-02 3.955170e-16 -4.200290e-02 -8.375477e-02 -1.250062e-01 -1.655108e-01 -2.050272e-01 -2.433200e-01 -2.801618e-01 -3.153343e-01 -3.486298e-01 -3.798525e-01 -4.088199e-01 -4.353639e-01 -4.593318e-01 -4.805873e-01 -4.990116e-01 -5.145042e-01 -5.269833e-01 -5.363864e-01 -5.426714e-01 -5.458161e-01 
5.328183e-01 5.297497e-01 5.236152e-01 5.144365e-01 5.022550e-01 4.871315e-01 4.691459e-01 4.483965e-01 4.249993e-01 3.990872e-01 3.708094e-01 3.403300e-01 3.078272e-01 2.734920e-01 2.375273e-01 2.001461e-01 1.615705e-01 1.220301e-01 8.176081e-02 4.100293e-02 -5.551115e-16 -4.100293e-02 -8.176081e-02 -1.220301e-01 -1.615705e-01 -2.001461e-01 -2.375273e-01 -2.734920e-01 -3.078272e-01 -3.403300e-01 -3.708094e-01 -3.990872e-01 -4.249993e-01 -4.483965e-01 -4.691459e-01 -4.871315e-01 -5.022550e-01 -5.144365e-01 -5.236152e-01 -5.297497e-01 -5.328183e-01 
5.167128e-01 5.137377e-01 5.077891e-01 4.988882e-01 4.870751e-01 4.724089e-01 4.549670e-01 4.348448e-01 4.121548e-01 3.870259e-01 3.596027e-01 3.300445e-01 2.985240e-01 2.652265e-01 2.303487e-01 1.940973e-01 1.566875e-01 1.183421e-01 7.928982e-02 3.976373e-02 1.727785e-15 -3.976373e-02 -7.928982e-02 -1.183421e-01 -1.566875e-01 -1.940973e-01 -2.303487e-01 -2.652265e-01 -2.985240e-01 -3.300445e-01 -3.596027e-01 -3.870259e-01 -4.121548e-01 -4.348448e-01 -4.549670e-01 -4.724089e-01 -4.870751e-01 -4.988882e-01 -5.077891e-01 -5.137377e-01 -5.167128e-01 
4.975833e-01 4.947186e-01 4.889906e-01 4.804194e-01 4.690438e-01 4.549207e-01 4.381246e-01 4.187474e-01 3.968974e-01 3.726988e-01 3.462908e-01 3.178268e-01 2.874731e-01 2.554083e-01 2.218217e-01 1.869122e-01 1.508872e-01 1.139613e-01 7.635467e-02 3.829176e-02 3.608225e-16 -3.829176e-02 -7.635467e-02 -1.139613e-01 -1.508872e-01 -1.869122e-01 -2.218217e-01 -2.554083e-01 -2.874731e-01 -3.178268e-01 -3.462908e-01 -3.726988e-01 -3.968974e-01 -4.187474e-01 -4.381246e-01 -4.549207e-01 -4.690438e-01 -4.804194e-01 -4.889906e-01 -4.947186e-01 -4.975833e-01 
4.755330e-01 4.727954e-01 4.673214e-01 4.591301e-01 4.482587e-01 4.347615e-01 4.187098e-01 4.001914e-01 3.793097e-01 3.561834e-01 3.309458e-01 3.037431e-01 2.747345e-01 2.440906e-01 2.119923e-01 1.786297e-01 1.442011e-01 1.089115e-01 7.297125e-02 3.659498e-02 1.429412e-15 -3.659498e-02 -7.297125e-02 -1.089115e-01 -1.442011e-01 -1.786297e-01 -2.119923e-01 -2.440906e-01 -2.747345e-01 -3.037431e-01 -3.309458e-01 -3.561834e-01 -3.793097e-01 -4.001914e-01 -4.187098e-01 -4.347615e-01 -4.482587e-01 -4.591301e-01 -4.673214e-01 -4.727954e-01 -4.755330e-01 
4.506842e-01 4.480896e-01 4.429016e-01 4.351384e-01 4.248352e-01 4.120434e-01 3.968305e-01 3.792798e-01 3.594893e-01 3.375716e-01 3.136527e-01 2.878716e-01 2.603788e-01 2.313362e-01 2.009151e-01 1.692958e-01 1.366662e-01 1.032206e-01 6.915832e-02 3.468280e-02 -2.928213e-15 -3.468280e-02 -6.915832e-02 -1.032206e-01 -1.366662e-01 -1.692958e-01 -2.009151e-01 -2.313362e-01 -2.603788e-01 -2.878716e-01 -3.136527e-01 -3.375716e-01 -3.594893e-01 -3.792798e-01 -3.968305e-01 -4.120434e-01 -4.248352e-01 -4.351384e-01 -4.429016e-01 -4.480896e-01 -4.506842e-01 
4.231770e-01 4.207407e-01 4.158692e-01 4.085799e-01 3.989056e-01 3.868946e-01 3.726103e-01 3.561308e-01 3.375483e-01 3.169684e-01 2.945094e-01 2.703018e-01 2.444871e-01 2.172170e-01 1.886526e-01 1.589632e-01 1.283251e-01 9.692075e-02 6.493740e-02 3.256602e-02 2.751271e-15 -3.256602e-02 -6.493740e-02 -9.692075e-02 -1.283251e-01 -1.589632e-01 -1.886526e-01 -2.172170e-01 -2.444871e-01 -2.703018e-01 -2.945094e-01 -3.169684e-01 -3.375483e-01 -3.561308e-01 -3.726103e-01 -3.868946e-01 -3.989056e-01 -4.085799e-01 -4.158692e-01 -4.207407e-01 -4.231770e-01 
3.931687e-01 3.909050e-01 3.863789e-01 3.796065e-01 3.706182e-01 3.594590e-01 3.461877e-01 3.308769e-01 3.136122e-01 2.944916e-01 2.736253e-01 2.511343e-01 2.271502e-01 2.018139e-01 1.752751e-01 1.476910e-01 1.192255e-01 9.004804e-02 6.033266e-02 3.025675e-02 -1.956768e-15 -3.025675e-02 -6.033266e-02 -9.004804e-02 -1.192255e-01 -1.476910e-01 -1.752751e-01 -2.018139e-01 -2.271502e-01 -2.511343e-01 -2.736253e-01 -2.944916e-01 -3.136122e-01 -3.308769e-01 -3.461877e-01 -3.594590e-01 -3.706182e-01 -3.796065e-01 -3.863789e-01 -3.909050e-01 -3.931687e-01 
3.608327e-01 3.587550e-01 3.546011e-01 3.483857e-01 3.401366e-01 3.298952e-01 3.177155e-01 3.036640e-01 2.878192e-01 2.702713e-01 2.511212e-01 2.304800e-01 2.084685e-01 1.852160e-01 1.608598e-01 1.355443e-01 1.094199e-01 8.264216e-02 5.537068e-02 2.776832e-02 1.214306e-15 -2.776832e-02 -5.537068e-02 -8.264216e-02 -1.094199e-01 -1.355443e-01 -1.608598e-01 -1.852160e-01 -2.084685e-01 -2.304800e-01 -2.511212e-01 -2.702713e-01 -2.878192e-01 -3.036640e-01 -3.177155e-01 -3.298952e-01 -3.401366e-01 -3.483857e-01 -3.546011e-01 -3.587550e-01 -3.608327e-01 
3.263572e-01 3.244779e-01 3.207208e-01 3.150992e-01 3.076383e-01 2.983754e-01 2.873594e-01 2.746505e-01 2.603197e-01 2.444484e-01 2.271280e-01 2.084590e-01 1.885506e-01 1.675197e-01 1.454907e-01 1.225940e-01 9.896558e-02 7.474625e-02 5.008038e-02 2.511525e-02 -9.818535e-16 -2.511525e-02 -5.008038e-02 -7.474625e-02 -9.896558e-02 -1.225940e-01 -1.454907e-01 -1.675197e-01 -1.885506e-01 -2.084590e-01 -2.271280e-01 -2.444484e-01 -2.603197e-01 -2.746505e-01 -2.873594e-01 -2.983754e-01 -3.076383e-01 -3.150992e-01 -3.207208e-01 -3.244779e-01 -3.263572e-01 
2.899442e-01 2.882744e-01 2.849365e-01 2.799420e-01 2.733136e-01 2.650843e-01 2.552974e-01 2.440065e-01 2.312747e-01 2.171743e-01 2.017864e-01 1.852004e-01 1.675133e-01 1.488289e-01 1.292578e-01 1.089157e-01 8.792364e-02 6.640655e-02 4.449274e-02 2.231305e-02 4.302114e-16 -2.231305e-02 -4.449274e-02 -6.640655e-02 -8.792364e-02 -1.089157e-01 -1.292578e-01 -1.488289e-01 -1.675133e-01 -1.852004e-01 -2.017864e-01 -2.171743e-01 -2.312747e-01 -2.440065e-01 -2.552974e-01 -2.650843e-01 -2.733136e-01 -2.799420e-01 -2.849365e-01 -2.882744e-01 -2.899442e-01 
2.518079e-01 2.503577e-01 2.474587e-01 2.431212e-01 2.373646e-01 2.302176e-01 2.217181e-01 2.119123e-01 2.008551e-01 1.886094e-01 1.752455e-01 1.608411e-01 1.454803e-01 1.292535e-01 1.122566e-01 9.459010e-02 7.635911e-02 5.767215e-02 3.864065e-02 1.937823e-02 2.498002e-16 -1.937823e-02 -3.864065e-02 -5.767215e-02 -7.635911e-02 -9.459010e-02 -1.122566e-01 -1.292535e-01 -1.454803e-01 -1.608411e-01 -1.752455e-01 -1.886094e-01 -2.008551e-01 -2.119123e-01 -2.217181e-01 -2.302176e-01 -2.373646e-01 -2.431212e-01 -2.474587e-01 -2.503577e-01 -2.518079e-01 
2.121737e-01 2.109516e-01 2.085089e-01 2.048541e-01 2.000036e-01 1.939816e-01 1.868198e-01 1.785575e-01 1.692407e-01 1.589225e-01 1.476621e-01 1.355249e-01 1.225819e-01 1.089092e-01 9.458755e-02 7.970177e-02 6.434031e-02 4.859465e-02 3.255867e-02 1.632813e-02 7.147061e-16 -1.632813e-02 -3.255867e-02 -4.859465e-02 -6.434031e-02 -7.970177e-02 -9.458755e-02 -1.089092e-01 -1.225819e-01 -1.355249e-01 -1.476621e-01 -1.589225e-01 -1.692407e-01 -1.785575e-01 -1.868198e-01 -1.939816e-01 -2.000036e-01 -2.048541e-01 -2.085089e-01 -2.109516e-01 -2.121737e-01 
1.712762e-01 1.702897e-01 1.683178e-01 1.653675e-01 1.614519e-01 1.565907e-01 1.508094e-01 1.441397e-01 1.366188e-01 1.282894e-01 1.191995e-01 1.094019e-01 9.895371e-02 8.791650e-02 7.635540e-02 6.433892e-02 5.193845e-02 3.922783e-02 2.628286e-02 1.318082e-02 -6.349088e-16 -1.318082e-02 -2.628286e-02 -3.922783e-02 -5.193845e-02 -6.433892e-02 -7.635540e-02 -8.791650e-02 -9.895371e-02 -1.094019e-01 -1.191995e-01 -1.282894e-01 -1.366188e-01 -1.441397e-01 -1.508094e-01 -1.565907e-01 -1.614519e-01 -1.653675e-01 -1.683178e-01 -1.702897e-01 -1.712762e-01 
1.293585e-01 1.286134e-01 1.271241e-01 1.248958e-01 1.219385e-01 1.182670e-01 1.139007e-01 1.088633e-01 1.031830e-01 9.689219e-02 9.002694e-02 8.262714e-02 7.473604e-02 6.640005e-02 5.766839e-02 4.859279e-02 3.922718e-02 2.962732e-02 1.985046e-02 9.954983e-03 1.595946e-16 -9.954983e-03 -1.985046e-02 -2.962732e-02 -3.922718e-02 -4.859279e-02 -5.766839e-02 -6.640005e-02 -7.473604e-02 -8.262714e-02 -9.002694e-02 -9.689219e-02 -1.031830e-01 -1.088633e-01 -1.139007e-01 -1.182670e-01 -1.219385e-01 -1.248958e-01 -1.271241e-01 -1.286134e-01 -1.293585e-01 
8.666989e-02 8.617064e-02 8.517279e-02 8.367984e-02 8.169847e-02 7.923858e-02 7.631314e-02 7.293811e-02 6.913236e-02 6.491751e-02 6.031782e-02 5.535997e-02 5.007296e-02 4.448787e-02 3.863768e-02 3.255705e-02 2.628211e-02 1.985023e-02 1.329976e-02 6.669814e-03 -3.157197e-16 -6.669814e-03 -1.329976e-02 -1.985023e-02 -2.628211e-02 -3.255705e-02 -3.863768e-02 -4.448787e-02 -5.007296e-02 -5.535997e-02 -6.031782e-02 -6.491751e-02 -6.913236e-02 -7.293811e-02 -7.631314e-02 -7.923858e-02 -8.169847e-02 -8.367984e-02 -8.517279e-02 -8.617064e-02 -8.666989e-02 
4.346453e-02 4.321416e-02 4.271374e-02 4.196503e-02 4.097138e-02 3.973776e-02 3.827066e-02 3.657810e-02 3.466954e-02 3.255582e-02 3.024909e-02 2.776276e-02 2.511135e-02 2.231045e-02 1.937661e-02 1.632720e-02 1.318035e-02 9.954797e-03 6.669768e-03 3.344880e-03 -1.990595e-16 -3.344880e-03 -6.669768e-03 -9.954797e-03 -1.318035e-02 -1.632720e-02 -1.937661e-02 -2.231045e-02 -2.511135e-02 -2.776276e-02 -3.024909e-02 -3.255582e-02 -3.466954e-02 -3.657810e-02 -3.827066e-02 -3.973776e-02 -4.097138e-02 -4.196503e-02 -4.271374e-02 -4.321416e-02 -4.346453e-02 
3.261739e-16 3.253742e-16 3.184943e-16 3.254531e-16 3.476444e-16 3.266646e-16 3.050580e-16 2.898376e-16 2.941192e-16 2.938149e-16 2.813771e-16 2.688448e-16 2.688130e-16 2.675662e-16 2.603290e-16 2.767538e-16 2.771336e-16 2.791080e-16 2.716581e-16 2.662576e-16 2.603974e-16 2.558253e-16 2.492314e-16 2.509319e-16 2.523343e-16 2.415468e-16 2.225664e-16 2.136881e-16 2.207822e-16 2.244463e-16 2.141244e-16 2.023987e-16 2.033972e-16 1.806500e-16 1.798819e-16 1.770913e-16 1.848223e-16 2.021912e-16 2.073142e-16 2.129466e-16 2.157482e-16 
-4.346453e-02 -4.321416e-02 -4.271374e-02 -4.196503e-02 -4.097138e-02 -3.973776e-02 -3.827066e-02 -3.657810e-02 -3.466954e-02 -3.255582e-02 -3.024909e-02 -2.776276e-02 -2.511135e-02 -2.231045e-02 -1.937661e-02 -1.632720e-02 -1.318035e-02 -9.954797e-03 -6.669768e-03 -3.344880e-03 -4.597017e-17 3.344880e-03 6.669768e-03 9.954797e-03 1.318035e-02 1.632720e-02 1.937661e-02 2.231045e-02 2.511135e-02 2.776276e-02 3.024909e-02 3.255582e-02 3.466954e-02 3.657810e-02 3.827066e-02 3.973776e-02 4.097138e-02 4.196503e-02 4.271374e-02 4.321416e-02 4.346453e-02 
-8.666989e-02 -8.617064e-02 -8.517279e-02 -8.367984e-02 -8.169847e-02 -7.923858e-02 -7.631314e-02 -7.293811e-02 -6.913236e-02 -6.491751e-02 -6.031782e-02 -5.535997e-02 -5.007296e-02 -4.448787e-02 -3.863768e-02 -3.255705e-02 -2.628211e-02 -1.985023e-02 -1.329976e-02 -6.669814e-03 -2.428613e-16 6.669814e-03 1.329976e-02 1.985023e-02 2.628211e-02 3.255705e-02 3.863768e-02 4.448787e-02 5.007296e-02 5.535997e-02 6.031782e-02 6.491751e-02 6.913236e-02 7.293811e-02 7.631314e-02 7.923858e-02 8.169847e-02 8.367984e-02 8.517279e-02 8.617064e-02 8.666989e-02 
-1.293585e-01 -1.286134e-01 -1.271241e-01 -1.248958e-01 -1.219385e-01 -1.182670e-01 -1.139007e-01 -1.088633e-01 -1.031830e-01 -9.689219e-02 -9.002694e-02 -8.262714e-02 -7.473604e-02 -6.640005e-02 -5.766839e-02 -4.859279e-02 -3.922718e-02 -2.962732e-02 -1.985046e-02 -9.954983e-03 -3.851086e-16 9.954983e-03 1.985046e-02 2.962732e-02 3.922718e-02 4.859279e-02 5.766839e-02 6.640005e-02 7.473604e-02 8.262714e-02 9.002694e-02 9.689219e-02 1.031830e-01 1.088633e-01 1.139007e-01 1.182670e-01 1.219385e-01 1.248958e-01 1.271241e-01 1.286134e-01 1.293585e-01 
-1.712762e-01 -1.702897e-01 -1.683178e-01 -1.653675e-01 -1.614519e-01 -1.565907e-01 -1.508094e-01 -1.441397e-01 -1.366188e-01 -1.282894e-01 -1.191995e-01 -1.094019e-01 -9.895371e-02 -8.791650e-02 -7.635540e-02 -6.433892e-02 -5.193845e-02 -3.922783e-02 -2.628286e-02 -1.318082e-02 2.654127e-16 1.318082e-02 2.628286e-02 3.922783e-02 5.193845e-02 6.433892e-02 7.635540e-02 8.791650e-02 9.895371e-02 1.094019e-01 1.191995e-01 1.282894e-01 1.366188e-01 1.441397e-01 1.508094e-01 1.565907e-01 1.614519e-01 1.653675e-01 1.683178e-01 1.702897e-01 1.712762e-01 
-2.121737e-01 -2.109516e-01 -2.085089e-01 -2.048541e-01 -2.000036e-01 -1.939816e-01 -1.868198e-01 -1.785575e-01 -1.692407e-01 -1.589225e-01 -1.476621e-01 -1.355249e-01 -1.225819e-01 -1.089092e-01 -9.458755e-02 -7.970177e-02 -6.434031e-02 -4.859465e-02 -3.255867e-02 -1.632813e-02 2.879641e-16 1.632813e-02 3.255867e-02 4.859465e-02 6.434031e-02 7.970177e-02 9.458755e-02 1.089092e-01 1.225819e-01 1.355249e-01 1.476621e-01 1.589225e-01 1.692407e-01 1.785575e-01 1.868198e-01 1.939816e-01 2.000036e-01 2.048541e-01 2.085089e-01 2.109516e-01 2.121737e-01 
-2.518079e-01 -2.503577e-01 -2.474587e-01 -2.431212e-01 -2.373646e-01 -2.302176e-01 -2.217181e-01 -2.119123e-01 -2.008551e-01 -1.886094e-01 -1.752455e-01 -1.608411e-01 -1.454803e-01 -1.292535e-01 -1.122566e-01 -9.459010e-02 -7.635911e-02 -5.767215e-02 -3.864065e-02 -1.937823e-02 6.557255e-16 1.937823e-02 3.864065e-02 5.767215e-02 7.635911e-02 9.459010e-02 1.122566e-01 1.292535e-01 1.454803e-01 1.608411e-01 1.752455e-01 1.886094e-01 2.008551e-01 2.119123e-01 2.217181e-01 2.302176e-01 2.373646e-01 2.431212e-01 2.474587e-01 2.503577e-01 2.518079e-01 
-2.899442e-01 -2.882744e-01 -2.849365e-01 -2.799420e-01 -2.733136e-01 -2.650843e-01 -2.552974e-01 -2.440065e-01 -2.312747e-01 -2.171743e-01 -2.017864e-01 -1.852004e-01 -1.675133e-01 -1.488289e-01 -1.292578e-01 -1.089157e-01 -8.792364e-02 -6.640655e-02 -4.449274e-02 -2.231305e-02 -5.516421e-16 2.231305e-02 4.449274e-02 6.640655e-02 8.792364e-02 1.089157e-01 1.292578e-01 1.488289e-01 1.675133e-01 1.852004e-01 2.017864e-01 2.171743e-01 2.312747e-01 2.440065e-01 2.552974e-01 2.650843e-01 2.733136e-01 2.799420e-01 2.849365e-01 2.882744e-01 2.899442e-01 
-3.263572e-01 -3.244779e-01 -3.207208e-01 -3.150992e-01 -3.076383e-01 -2.983754e-01 -2.873594e-01 -2.746505e-01 -2.603197e-01 -2.444484e-01 -2.271280e-01 -2.084590e-01 -1.885506e-01 -1.675197e-01 -1.454907e-01 -1.225940e-01 -9.896558e-02 -7.474625e-02 -5.008038e-02 -2.511525e-02 3.434752e-16 2.511525e-02 5.008038e-02 7.474625e-02 9.896558e-02 1.225940e-01 1.454907e-01 1.675197e-01 1.885506e-01 2.084590e-01 2.271280e-01 2.444484e-01 2.603197e-01 2.746505e-01 2.873594e-01 2.983754e-01 3.076383e-01 3.150992e-01 3.207208e-01 3.244779e-01 3.263572e-01 
-3.608327e-01 -3.587550e-01 -3.546011e-01 -3.483857e-01 -3.401366e-01 -3.298952e-01 -3.177155e-01 -3.036640e-01 -2.878192e-01 -2.702713e-01 -2.511212e-01 -2.304800e-01 -2.084685e-01 -1.852160e-01 -1.608598e-01 -1.355443e-01 -1.094199e-01 -8.264216e-02 -5.537068e-02 -2.776832e-02 -1.172673e-15 2.776832e-02 5.537068e-02 8.264216e-02 1.094199e-01 1.355443e-01 1.608598e-01 1.852160e-01 2.084685e-01 2.304800e-01 2.511212e-01 2.702713e-01 2.878192e-01 3.036640e-01 3.177155e-01 3.298952e-01 3.401366e-01 3.483857e-01 3.546011e-01 3.587550e-01 3.608327e-01 
-3.931687e-01 -3.909050e-01 -3.863789e-01 -3.796065e-01 -3.706182e-01 -3.594590e-01 -3.461877e-01 -3.308769e-01 -3.136122e-01 -2.944916e-01 -2.736253e-01 -2.511343e-01 -2.271502e-01 -2.018139e-01 -1.752751e-01 -1.476910e-01 -1.192255e-01 -9.004804e-02 -6.033266e-02 -3.025675e-02 -6.314393e-16 3.025675e-02 6.033266e-02 9.004804e-02 1.192255e-01 1.476910e-01 1.752751e-01 2.018139e-01 2.271502e-01 2.511343e-01 2.736253e-01 2.944916e-01 3.136122e-01 3.308769e-01 3.461877e-01 3.594590e-01 3.706182e-01 3.796065e-01 3.863789e-01 3.909050e-01 3.931687e-01 
-4.231770e-01 -4.207407e-01 -4.158692e-01 -4.085799e-01 -3.989056e-01 -3.868946e-01 -3.726103e-01 -3.561308e-01 -3.375483e-01 -3.169684e-01 -2.945094e-01 -2.703018e-01 -2.444871e-01 -2.172170e-01 -1.886526e-01 -1.589632e-01 -1.283251e-01 -9.692075e-02 -6.493740e-02 -3.256602e-02 1.058181e-15 3.256602e-02 6.493740e-02 9.692075e-02 1.283251e-01 1.589632e-01 1.886526e-01 2.172170e-01 2.444871e-01 2.703018e-01 2.945094e-01 3.169684e-01 3.375483e-01 3.561308e-01 3.726103e-01 3.868946e-01 3.989056e-01 4.085799e-01 4.158692e-01 4.207407e-01 4.231770e-01 
-4.506842e-01 -4.480896e-01 -4.429016e-01 -4.351384e-01 -4.248352e-01 -4.120434e-01 -3.968305e-01 -3.792798e-01 -3.594893e-01 -3.375716e-01 -3.136527e-01 -2.878716e-01 -2.603788e-01 -2.313362e-01 -2.009151e-01 -1.692958e-01 -1.366662e-01 -1.032206e-01 -6.915832e-02 -3.468280e-02 6.245005e-16 3.468280e-02 6.915832e-02 1.032206e-01 1.366662e-01 1.692958e-01 2.009151e-01 2.313362e-01 2.603788e-01 2.878716e-01 3.136527e-01 3.375716e-01 3.594893e-01 3.792798e-01 3.968305e-01 4.120434e-01 4.248352e-01 4.351384e-01 4.429016e-01 4.480896e-01 4.506842e-01 
-4.755330e-01 -4.727954e-01 -4.673214e-01 -4.591301e-01 -4.482587e-01 -4.347615e-01 -4.187098e-01 -4.001914e-01 -3.793097e-01 -3.561834e-01 -3.309458e-01 -3.037431e-01 -2.747345e-01 -2.440906e-01 -2.119923e-01 -1.786297e-01 -1.442011e-01 -1.089115e-01 -7.297125e-02 -3.659498e-02 -4.045375e-15 3.659498e-02 7.297125e-02 1.089115e-01 1.442011e-01 1.786297e-01 2.119923e-01 2.440906e-01 2.747345e-01 3.037431e-01 3.309458e-01 3.561834e-01 3.793097e-01 4.001914e-01 4.187098e-01 4.347615e-01 4.482587e-01 4.591301e-01 4.673214e-01 4.727954e-01 4.755330e-01 
-4.975833e-01 -4.947186e-01 -4.889906e-01 -4.804194e-01 -4.690438e-01 -4.549207e-01 -4.381246e-01 -4.187474e-01 -3.968974e-01 -3.726988e-01 -3.462908e-01 -3.178268e-01 -2.874731e-01 -2.554083e-01 -2.218217e-01 -1.869122e-01 -1.508872e-01 -1.139613e-01 -7.635467e-02 -3.829176e-02 1.498801e-15 3.829176e-02 7.635467e-02 1.139613e-01 1.508872e-01 1.869122e-01 2.218217e-01 2.554083e-01 2.874731e-01 3.178268e-01 3.462908e-01 3.726988e-01 3.968974e-01 4.187474e-01 4.381246e-01 4.549207e-01 4.690438e-01 4.804194e-01 4.889906e-01 4.947186e-01 4.975833e-01 
-5.167128e-01 -5.137377e-01 -5.077891e-01 -4.988882e-01 -4.870751e-01 -4.724089e-01 -4.549670e-01 -4.348448e-01 -4.121548e-01 -3.870259e-01 -3.596027e-01 -3.300445e-01 -2.985240e-01 -2.652265e-01 -2.303487e-01 -1.940973e-01 -1.566875e-01 -1.183421e-01 -7.928982e-02 -3.976373e-02 2.192690e-15 3.976373e-02 7.928982e-02 1.183421e-01 1.566875e-01 1.940973e-01 2.303487e-01 2.652265e-01 2.985240e-01 3.300445e-01 3.596027e-01 3.870259e-01 4.121548e-01 4.348448e-01 4.549670e-01 4.724089e-01 4.870751e-01 4.988882e-01 5.077891e-01 5.137377e-01 5.167128e-01 
-5.328183e-01 -5.297497e-01 -5.236152e-01 -5.144365e-01 -5.022550e-01 -4.871315e-01 -4.691459e-01 -4.483965e-01 -4.249993e-01 -3.990872e-01 -3.708094e-01 -3.403300e-01 -3.078272e-01 -2.734920e-01 -2.375273e-01 -2.001461e-01 -1.615705e-01 -1.220301e-01 -8.176081e-02 -4.100293e-02 -3.892719e-15 4.100293e-02 8.176081e-02 1.220301e-01 1.615705e-01 2.001461e-01 2.375273e-01 2.734920e-01 3.078272e-01 3.403300e-01 3.708094e-01 3.990872e-01 4.249993e-01 4.483965e-01 4.691459e-01 4.871315e-01 5.022550e-01 5.144365e-01 5.236152e-01 5.297497e-01 5.328183e-01 
-5.458161e-01 -5.426714e-01 -5.363864e-01 -5.269833e-01 -5.145042e-01 -4.990116e-01 -4.805873e-01 -4.593318e-01 -4.353639e-01 -4.088199e-01 -3.798525e-01 -3.486298e-01 -3.153343e-01 -2.801618e-01 -2.433200e-01 -2.050272e-01 -1.655108e-01 -1.250062e-01 -8.375477e-02 -4.200290e-02 2.650657e-15 4.200290e-02 8.375477e-02 1.250062e-01 1.655108e-01 2.050272e-01 2.433200e-01 2.801618e-01 3.153343e-01 3.486298e-01 3.798525e-01 4.088199e-01 4.353639e-01 4.593318e-01 4.805873e-01 4.990116e-01 5.145042e-01 5.269833e-01 5.363864e-01 5.426714e-01 5.458161e-01 
-5.556429e-01 -5.524396e-01 -5.460401e-01 -5.364667e-01 -5.237626e-01 -5.079909e-01 -4.892348e-01 -4.675967e-01 -4.431976e-01 -4.161761e-01 -3.866874e-01 -3.549030e-01 -3.210085e-01 -2.852031e-01 -2.476985e-01 -2.087166e-01 -1.684891e-01 -1.272556e-01 -8.526193e-02 -4.275874e-02 -1.998401e-15 4.275874e-02 8.526193e-02 1.272556e-01 1.684891e-01 2.087166e-01 2.476985e-01 2.852031e-01 3.210085e-01 3.549030e-01 3.866874e-01 4.161761e-01 4.431976e-01 4.675967e-01 4.892348e-01 5.079909e-01 5.237626e-01 5.364667e-01 5.460401e-01 5.524396e-01 5.556429e-01 
-5.622560e-01 -5.590115e-01 -5.525338e-01 -5.428453e-01 -5.299892e-01 -5.140296e-01 -4.950504e-01 -4.731551e-01 -4.484660e-01 -4.211233e-01 -3.912843e-01 -3.591221e-01 -3.248247e-01 -2.885939e-01 -2.506434e-01 -2.111981e-01 -1.704924e-01 -1.287687e-01 -8.627569e-02 -4.326714e-02 1.179612e-16 4.326714e-02 8.627569e-02 1.287687e-01 1.704924e-01 2.111981e-01 2.506434e-01 2.885939e-01 3.248247e-01 3.591221e-01 3.912843e-01 4.211233e-01 4.484660e-01 4.731551e-01 4.950504e-01 5.140296e-01 5.299892e-01 5.428453e-01 5.525338e-01 5.590115e-01 5.622560e-01 
-5.656340e-01 -5.623654e-01 -5.558459e-01 -5.460974e-01 -5.331632e-01 -5.171074e-01 -4.980143e-01 -4.759879e-01 -4.511511e-01 -4.236449e-01 -3.936275e-01 -3.612729e-01 -3.267704e-01 -2.903226e-01 -2.521449e-01 -2.124635e-01 -1.715140e-01 -1.295403e-01 -8.679268e-02 -4.352642e-02 4.163336e-16 4.352642e-02 8.679268e-02 1.295403e-01 1.715140e-01 2.124635e-01 2.521449e-01 2.903226e-01 3.267704e-01 3.612729e-01 3.936275e-01 4.236449e-01 4.511511e-01 4.759879e-01 4.980143e-01 5.171074e-01 5.331632e-01 5.460974e-01 5.558459e-01 5.623654e-01 5.656340e-01 
