3.235077e-04 3.223375e-04 3.188235e-04 3.129564e-04 3.047210e-04 2.940977e-04 2.810636e-04 2.655951e-04 2.476692e-04 2.272669e-04 2.043759e-04 1.789933e-04 1.511297e-04 1.208113e-04 8.808397e-05 5.301578e-05 1.569955e-05 2.374483e-05 6.516865e-05 1.083931e-04 1.532086e-04 1.993743e-04 2.466186e-04 2.946399e-04 3.431078e-04 3.916654e-04 4.399312e-04 4.875028e-04 5.339607e-04 5.788728e-04 6.218001e-04 6.623029e-04 6.999480e-04 7.343165e-04 7.650114e-04 7.916669e-04 8.139561e-04 8.315990e-04 8.443697e-04 8.521023e-04 8.546948e-04 
3.223375e-04 3.211705e-04 3.176663e-04 3.118154e-04 3.036029e-04 2.930092e-04 2.800116e-04 2.645865e-04 2.467112e-04 2.263668e-04 2.035411e-04 1.782316e-04 1.504486e-04 1.202187e-04 8.758762e-05 5.262342e-05 1.541877e-05 2.390667e-05 6.520451e-05 1.082964e-04 1.529731e-04 1.989946e-04 2.460900e-04 2.939585e-04 3.422707e-04 3.906707e-04 4.387783e-04 4.861924e-04 5.324948e-04 5.772551e-04 6.200358e-04 6.603989e-04 6.979130e-04 7.321606e-04 7.627468e-04 7.893072e-04 8.115164e-04 8.290956e-04 8.418200e-04 8.495244e-04 8.521075e-04 
3.188235e-04 3.176663e-04 3.141913e-04 3.083894e-04 3.002456e-04 2.897408e-04 2.768527e-04 2.615580e-04 2.438346e-04 2.236641e-04 2.010346e-04 1.759440e-04 1.484031e-04 1.184385e-04 8.609608e-05 5.144357e-05 1.457328e-05 2.439583e-05 6.531631e-05 1.080111e-04 1.522725e-04 1.978625e-04 2.445122e-04 2.919236e-04 3.397701e-04 3.876989e-04 4.353336e-04 4.822768e-04 5.281148e-04 5.724215e-04 6.147643e-04 6.547102e-04 6.918329e-04 7.257201e-04 7.559818e-04 7.822584e-04 8.042287e-04 8.216179e-04 8.342042e-04 8.418248e-04 8.443798e-04 
3.129564e-04 3.118154e-04 3.083894e-04 3.026691e-04 2.946403e-04 2.842841e-04 2.715789e-04 2.565021e-04 2.390323e-04 2.191518e-04 1.968496e-04 1.721241e-04 1.449866e-04 1.154639e-04 8.360195e-05 4.946806e-05 1.315381e-05 2.522301e-05 6.551660e-05 1.075520e-04 1.511242e-04 1.959982e-04 2.419091e-04 2.885628e-04 3.356378e-04 3.827866e-04 4.296385e-04 4.758029e-04 5.208729e-04 5.644299e-04 6.060493e-04 6.453064e-04 6.817831e-04 7.150756e-04 7.448020e-04 7.706105e-04 7.921871e-04 8.092631e-04 8.216219e-04 8.291043e-04 8.316130e-04 
3.047210e-04 3.036029e-04 3.002456e-04 2.946403e-04 2.867730e-04 2.766257e-04 2.641774e-04 2.494066e-04 2.322927e-04 2.128191e-04 1.909756e-04 1.667615e-04 1.401885e-04 1.112839e-04 8.009340e-05 4.668373e-05 1.114535e-05 2.640564e-05 6.582581e-05 1.069432e-04 1.495566e-04 1.934353e-04 2.383197e-04 2.839217e-04 3.299263e-04 3.759936e-04 4.217612e-04 4.668474e-04 5.108549e-04 5.533755e-04 5.939956e-04 6.323015e-04 6.678868e-04 7.003591e-04 7.293477e-04 7.545113e-04 7.755456e-04 7.921904e-04 8.042359e-04 8.115283e-04 8.139731e-04 
2.940977e-04 2.930092e-04 2.897408e-04 2.842841e-04 2.766257e-04 2.667482e-04 2.546318e-04 2.402558e-04 2.236010e-04 2.046517e-04 1.833989e-04 1.598426e-04 1.339952e-04 1.058842e-04 7.555484e-05 4.307308e-05 8.527797e-06 2.796723e-05 6.627167e-05 1.062175e-04 1.476084e-04 1.902195e-04 2.337976e-04 2.780624e-04 3.227075e-04 3.674024e-04 4.117952e-04 4.555156e-04 4.981784e-04 5.393886e-04 5.787461e-04 6.158513e-04 6.503123e-04 6.817507e-04 7.098100e-04 7.341618e-04 7.545138e-04 7.706163e-04 7.822681e-04 7.893215e-04 7.916862e-04 
2.810636e-04 2.800116e-04 2.768527e-04 2.715789e-04 2.641774e-04 2.546318e-04 2.429232e-04 2.290321e-04 2.129403e-04 1.946337e-04 1.741039e-04 1.513521e-04 1.263910e-04 9.924796e-05 6.996783e-05 3.861521e-05 5.276851e-06 2.993643e-05 6.688825e-05 1.054155e-04 1.453279e-04 1.864076e-04 2.284097e-04 2.710629e-04 3.140713e-04 3.571160e-04 3.998575e-04 4.419391e-04 4.829904e-04 5.226318e-04 5.604793e-04 5.961501e-04 6.292691e-04 6.594748e-04 6.864267e-04 7.098119e-04 7.293522e-04 7.448097e-04 7.559933e-04 7.627628e-04 7.650321e-04 
2.655951e-04 2.645865e-04 2.615580e-04 2.565021e-04 2.494066e-04 2.402558e-04 2.290321e-04 2.157169e-04 2.002934e-04 1.827484e-04 1.630747e-04 1.412740e-04 1.173591e-04 9.135733e-05 6.331232e-05 3.328690e-05 1.365103e-06 3.234602e-05 6.771491e-05 1.045845e-04 1.427715e-04 1.820666e-04 2.222345e-04 2.630148e-04 3.041237e-04 3.452557e-04 3.860858e-04 4.262731e-04 4.654640e-04 5.032966e-04 5.394052e-04 5.734262e-04 6.050033e-04 6.337941e-04 6.594762e-04 6.817541e-04 7.003650e-04 7.150846e-04 7.257328e-04 7.321775e-04 7.343379e-04 
2.476692e-04 2.467112e-04 2.438346e-04 2.390323e-04 2.322927e-04 2.236010e-04 2.129403e-04 2.002934e-04 1.856444e-04 1.689809e-04 1.502965e-04 1.295932e-04 1.068838e-04 8.219467e-05 5.556795e-05 2.706399e-05 3.236666e-06 3.523156e-05 6.879494e-05 1.037768e-04 1.400023e-04 1.772718e-04 2.153610e-04 2.540221e-04 2.929851e-04 3.319594e-04 3.706367e-04 4.086936e-04 4.457953e-04 4.815995e-04 5.157610e-04 5.479369e-04 5.777919e-04 6.050043e-04 6.292715e-04 6.503166e-04 6.678935e-04 6.817928e-04 6.918461e-04 6.979301e-04 6.999696e-04 
2.272669e-04 2.263668e-04 2.236641e-04 2.191518e-04 2.128191e-04 2.046517e-04 1.946337e-04 1.827484e-04 1.689809e-04 1.533194e-04 1.357577e-04 1.162977e-04 9.495161e-05 7.174427e-05 4.671563e-05 1.992280e-05 8.558051e-06 3.863002e-05 7.017421e-05 1.030488e-04 1.370887e-04 1.721051e-04 2.078864e-04 2.441987e-04 2.807872e-04 3.173784e-04 3.536819e-04 3.893937e-04 4.241993e-04 4.577779e-04 4.898062e-04 5.199637e-04 5.479375e-04 5.734278e-04 5.961531e-04 6.158561e-04 6.323085e-04 6.453162e-04 6.547233e-04 6.604158e-04 6.623239e-04 
2.043759e-04 2.035411e-04 2.010346e-04 1.968496e-04 1.909756e-04 1.833989e-04 1.741039e-04 1.630747e-04 1.502965e-04 1.357577e-04 1.194519e-04 1.013801e-04 8.155329e-05 5.999404e-05 3.673922e-05 1.184177e-05 1.462746e-05 4.257820e-05 7.189952e-05 1.024590e-04 1.341024e-04 1.666534e-04 1.999141e-04 2.336662e-04 2.676716e-04 3.016749e-04 3.354056e-04 3.685802e-04 4.009062e-04 4.320854e-04 4.618178e-04 4.898064e-04 5.157618e-04 5.394070e-04 5.604823e-04 5.787508e-04 5.940024e-04 6.060588e-04 6.147768e-04 6.200518e-04 6.218200e-04 
1.789933e-04 1.782316e-04 1.759440e-04 1.721241e-04 1.667615e-04 1.598426e-04 1.513521e-04 1.412740e-04 1.295932e-04 1.162977e-04 1.013801e-04 8.484004e-05 6.668591e-05 4.693739e-05 2.562722e-05 2.803114e-06 2.147051e-05 4.711113e-05 7.401701e-05 1.020664e-04 1.311171e-04 1.610065e-04 1.915520e-04 2.225518e-04 2.537861e-04 2.850191e-04 3.160008e-04 3.464700e-04 3.761571e-04 4.047874e-04 4.320853e-04 4.577780e-04 4.816002e-04 5.032981e-04 5.226345e-04 5.393929e-04 5.533817e-04 5.644385e-04 5.724329e-04 5.772697e-04 5.788910e-04 
1.511297e-04 1.504486e-04 1.484031e-04 1.449866e-04 1.401885e-04 1.339952e-04 1.263910e-04 1.173591e-04 1.068838e-04 9.495161e-05 8.155329e-05 6.668591e-05 5.035471e-05 3.257511e-05 1.337460e-05 7.205458e-06 2.910831e-05 5.226045e-05 7.657054e-05 1.019287e-04 1.282062e-04 1.552553e-04 1.829099e-04 2.109859e-04 2.392829e-04 2.675858e-04 2.956665e-04 3.232865e-04 3.502000e-04 3.761567e-04 4.009058e-04 4.241991e-04 4.457955e-04 4.654650e-04 4.829924e-04 4.981818e-04 5.108600e-04 5.208801e-04 5.281246e-04 5.325076e-04 5.339767e-04 
1.208113e-04 1.202187e-04 1.184385e-04 1.154639e-04 1.112839e-04 1.058842e-04 9.924796e-05 9.135733e-05 8.219467e-05 7.174427e-05 5.999404e-05 4.693739e-05 3.257511e-05 1.691716e-05 1.545400e-08 1.818908e-05 3.755591e-05 5.805273e-05 7.959995e-05 1.021009e-04 1.254413e-04 1.494897e-04 1.740974e-04 1.990995e-04 2.243157e-04 2.495523e-04 2.746040e-04 2.992557e-04 3.232859e-04 3.464691e-04 3.685791e-04 3.893927e-04 4.086930e-04 4.262731e-04 4.419400e-04 4.555177e-04 4.668510e-04 4.758084e-04 4.822846e-04 4.862028e-04 4.875161e-04 
8.808397e-05 8.758762e-05 8.609608e-05 8.360195e-05 8.009340e-05 7.555484e-05 6.996783e-05 6.331232e-05 5.556795e-05 4.671563e-05 3.673922e-05 2.562722e-05 1.337460e-05 1.545400e-08 1.452987e-05 3.014407e-05 4.682061e-05 6.450796e-05 8.313954e-05 1.026331e-04 1.228903e-04 1.437968e-04 1.652224e-04 1.870221e-04 2.090368e-04 2.310949e-04 2.530141e-04 2.746032e-04 2.956651e-04 3.159990e-04 3.354036e-04 3.536800e-04 3.706350e-04 3.860846e-04 3.998569e-04 4.117957e-04 4.217630e-04 4.296419e-04 4.353389e-04 4.387859e-04 4.399413e-04 
5.301578e-05 5.262342e-05 5.144357e-05 4.946806e-05 4.668373e-05 4.307308e-05 3.861521e-05 3.328690e-05 2.706399e-05 1.992280e-05 1.184177e-05 2.803114e-06 7.205458e-06 1.818908e-05 3.014407e-05 4.305646e-05 5.690060e-05 7.163803e-05 8.721656e-05 1.035696e-04 1.206157e-04 1.382589e-04 1.563884e-04 1.748798e-04 1.935955e-04 2.123866e-04 2.310940e-04 2.495506e-04 2.675835e-04 2.850163e-04 3.016718e-04 3.173752e-04 3.319563e-04 3.452529e-04 3.571137e-04 3.674010e-04 3.759932e-04 3.827874e-04 3.877014e-04 3.906750e-04 3.916719e-04 
1.569955e-05 1.541877e-05 1.457328e-05 1.315381e-05 1.114535e-05 8.527797e-06 5.276851e-06 1.365103e-06 3.236666e-06 8.558051e-06 1.462746e-05 2.147051e-05 2.910831e-05 3.755591e-05 4.682061e-05 5.690060e-05 6.778353e-05 7.944544e-05 9.184981e-05 1.049469e-04 1.186734e-04 1.329524e-04 1.476932e-04 1.627926e-04 1.781352e-04 1.935945e-04 2.090348e-04 2.243128e-04 2.392794e-04 2.537820e-04 2.676671e-04 2.807825e-04 2.929803e-04 3.041191e-04 3.140670e-04 3.227038e-04 3.299233e-04 3.356358e-04 3.397693e-04 3.422714e-04 3.431103e-04 
2.374483e-05 2.390667e-05 2.439583e-05 2.522301e-05 2.640564e-05 2.796723e-05 2.993643e-05 3.234602e-05 3.523156e-05 3.863002e-05 4.257820e-05 4.711113e-05 5.226045e-05 5.805273e-05 6.450796e-05 7.163803e-05 7.944544e-05 8.792212e-05 9.704853e-05 1.067929e-04 1.171110e-04 1.279456e-04 1.392270e-04 1.508734e-04 1.627915e-04 1.748775e-04 1.870189e-04 1.990953e-04 2.109810e-04 2.225463e-04 2.336601e-04 2.441922e-04 2.540155e-04 2.630081e-04 2.710563e-04 2.780561e-04 2.839158e-04 2.885576e-04 2.919192e-04 2.939552e-04 2.946380e-04 
6.516865e-05 6.520451e-05 6.531631e-05 6.551660e-05 6.582581e-05 6.627167e-05 6.688825e-05 6.771491e-05 6.879494e-05 7.017421e-05 7.189952e-05 7.401701e-05 7.657054e-05 7.959995e-05 8.313954e-05 8.721656e-05 9.184981e-05 9.704853e-05 1.028113e-04 1.091255e-04 1.159666e-04 1.232980e-04 1.310711e-04 1.392258e-04 1.476908e-04 1.563849e-04 1.652178e-04 1.740919e-04 1.829035e-04 1.915449e-04 1.999063e-04 2.078780e-04 2.153522e-04 2.222254e-04 2.284004e-04 2.337884e-04 2.383107e-04 2.419004e-04 2.445040e-04 2.460824e-04 2.466120e-04 
1.083931e-04 1.082964e-04 1.080111e-04 1.075520e-04 1.069432e-04 1.062175e-04 1.054155e-04 1.045845e-04 1.037768e-04 1.030488e-04 1.024590e-04 1.020664e-04 1.019287e-04 1.021009e-04 1.026331e-04 1.035696e-04 1.049469e-04 1.067929e-04 1.091255e-04 1.119520e-04 1.152683e-04 1.190589e-04 1.232967e-04 1.279430e-04 1.329486e-04 1.382540e-04 1.437907e-04 1.494826e-04 1.552473e-04 1.609975e-04 1.666436e-04 1.720946e-04 1.772607e-04 1.820550e-04 1.863956e-04 1.902072e-04 1.934229e-04 1.959857e-04 1.978501e-04 1.989825e-04 1.993627e-04 
1.532086e-04 1.529731e-04 1.522725e-04 1.511242e-04 1.495566e-04 1.476084e-04 1.453279e-04 1.427715e-04 1.400023e-04 1.370887e-04 1.341024e-04 1.311171e-04 1.282062e-04 1.254413e-04 1.228903e-04 1.206157e-04 1.186734e-04 1.171110e-04 1.159666e-04 1.152683e-04 1.150332e-04 1.152670e-04 1.159640e-04 1.171071e-04 1.186682e-04 1.206093e-04 1.228826e-04 1.254325e-04 1.281963e-04 1.311062e-04 1.340905e-04 1.370758e-04 1.399886e-04 1.427571e-04 1.453129e-04 1.475928e-04 1.495404e-04 1.511077e-04 1.522557e-04 1.529561e-04 1.531918e-04 
1.993743e-04 1.989946e-04 1.978625e-04 1.959982e-04 1.934353e-04 1.902195e-04 1.864076e-04 1.820666e-04 1.772718e-04 1.721051e-04 1.666534e-04 1.610065e-04 1.552553e-04 1.494897e-04 1.437968e-04 1.382589e-04 1.329524e-04 1.279456e-04 1.232980e-04 1.190589e-04 1.152670e-04 1.119493e-04 1.091215e-04 1.067876e-04 1.049402e-04 1.035616e-04 1.026238e-04 1.020903e-04 1.019169e-04 1.020533e-04 1.024448e-04 1.030335e-04 1.037604e-04 1.045671e-04 1.053972e-04 1.061983e-04 1.069232e-04 1.075312e-04 1.079896e-04 1.082743e-04 1.083708e-04 
2.466186e-04 2.460900e-04 2.445122e-04 2.419091e-04 2.383197e-04 2.337976e-04 2.284097e-04 2.222345e-04 2.153610e-04 2.078864e-04 1.999141e-04 1.915520e-04 1.829099e-04 1.740974e-04 1.652224e-04 1.563884e-04 1.476932e-04 1.392270e-04 1.310711e-04 1.232967e-04 1.159640e-04 1.091215e-04 1.028059e-04 9.704172e-05 9.184158e-05 8.720689e-05 8.312845e-05 7.958743e-05 7.655662e-05 7.400171e-05 7.188285e-05 7.015622e-05 6.877566e-05 6.769437e-05 6.686650e-05 6.624874e-05 6.580173e-05 6.549139e-05 6.529001e-05 6.517719e-05 6.514068e-05 
2.946399e-04 2.939585e-04 2.919236e-04 2.885628e-04 2.839217e-04 2.780624e-04 2.710629e-04 2.630148e-04 2.540221e-04 2.441987e-04 2.336662e-04 2.225518e-04 2.109859e-04 1.990995e-04 1.870221e-04 1.748798e-04 1.627926e-04 1.508734e-04 1.392258e-04 1.279430e-04 1.171071e-04 1.067876e-04 9.704172e-05 8.791381e-05 7.943560e-05 7.162665e-05 6.449501e-05 5.803821e-05 5.224435e-05 4.709346e-05 4.255896e-05 3.860923e-05 3.520924e-05 3.232218e-05 2.991109e-05 2.794040e-05 2.637733e-05 2.519319e-05 2.436451e-05 2.387392e-05 2.371102e-05 
3.431078e-04 3.422707e-04 3.397701e-04 3.356378e-04 3.299263e-04 3.227075e-04 3.140713e-04 3.041237e-04 2.929851e-04 2.807872e-04 2.676716e-04 2.537861e-04 2.392829e-04 2.243157e-04 2.090368e-04 1.935955e-04 1.781352e-04 1.627915e-04 1.476908e-04 1.329486e-04 1.186682e-04 1.049402e-04 9.184158e-05 7.943560e-05 6.777205e-05 5.688743e-05 4.680574e-05 3.753929e-05 2.908994e-05 2.145037e-05 1.460554e-05 8.534344e-06 3.211170e-06 1.392389e-06 5.305929e-06 8.558677e-06 1.117805e-05 1.318838e-05 1.460975e-05 1.545710e-05 1.573933e-05 
3.916654e-04 3.906707e-04 3.876989e-04 3.827866e-04 3.759936e-04 3.674024e-04 3.571160e-04 3.452557e-04 3.319594e-04 3.173784e-04 3.016749e-04 2.850191e-04 2.675858e-04 2.495523e-04 2.310949e-04 2.123866e-04 1.935945e-04 1.748775e-04 1.563849e-04 1.382540e-04 1.206093e-04 1.035616e-04 8.720689e-05 7.162665e-05 5.688743e-05 4.304146e-05 3.012720e-05 1.817029e-05 7.184722e-06 2.825830e-06 1.186649e-05 1.994954e-05 2.709278e-05 3.331776e-05 3.864815e-05 4.310814e-05 4.672095e-05 4.950752e-05 5.148533e-05 5.266745e-05 5.306164e-05 
4.399312e-04 4.387783e-04 4.353336e-04 4.296385e-04 4.217612e-04 4.117952e-04 3.998575e-04 3.860858e-04 3.706367e-04 3.536819e-04 3.354056e-04 3.160008e-04 2.956665e-04 2.746040e-04 2.530141e-04 2.310940e-04 2.090348e-04 1.870189e-04 1.652178e-04 1.437907e-04 1.228826e-04 1.026238e-04 8.312845e-05 6.449501e-05 4.680574e-05 3.012720e-05 1.451094e-05 5.576908e-09 1.339779e-05 2.565260e-05 3.676684e-05 4.674553e-05 5.560015e-05 6.334686e-05 7.000476e-05 7.559419e-05 8.013526e-05 8.364639e-05 8.614321e-05 8.763742e-05 8.813597e-05 
4.875028e-04 4.861924e-04 4.822768e-04 4.758029e-04 4.668474e-04 4.555156e-04 4.419391e-04 4.262731e-04 4.086936e-04 3.893937e-04 3.685802e-04 3.464700e-04 3.232865e-04 2.992557e-04 2.746032e-04 2.495506e-04 2.243128e-04 1.990953e-04 1.740919e-04 1.494826e-04 1.254325e-04 1.020903e-04 7.958743e-05 5.803821e-05 3.753929e-05 1.817029e-05 5.576908e-09 1.694050e-05 3.260082e-05 4.696553e-05 6.002465e-05 7.177741e-05 8.223039e-05 9.139567e-05 9.928898e-05 1.059280e-04 1.113305e-04 1.155135e-04 1.184911e-04 1.202743e-04 1.208695e-04 
5.339607e-04 5.324948e-04 5.281148e-04 5.208729e-04 5.108549e-04 4.981784e-04 4.829904e-04 4.654640e-04 4.457953e-04 4.241993e-04 4.009062e-04 3.761571e-04 3.502000e-04 3.232859e-04 2.956651e-04 2.675835e-04 2.392794e-04 2.109810e-04 1.829035e-04 1.552473e-04 1.281963e-04 1.019169e-04 7.655662e-05 5.224435e-05 2.908994e-05 7.184722e-06 1.339779e-05 3.260082e-05 5.038302e-05 6.671688e-05 8.158699e-05 9.498809e-05 1.069231e-04 1.174014e-04 1.264362e-04 1.340435e-04 1.402399e-04 1.450413e-04 1.484612e-04 1.505101e-04 1.511941e-04 
5.788728e-04 5.772551e-04 5.724215e-04 5.644299e-04 5.533755e-04 5.393886e-04 5.226318e-04 5.032966e-04 4.815995e-04 4.577779e-04 4.320854e-04 4.047874e-04 3.761567e-04 3.464691e-04 3.159990e-04 2.850163e-04 2.537820e-04 2.225463e-04 1.915449e-04 1.609975e-04 1.311062e-04 1.020533e-04 7.400171e-05 4.709346e-05 2.145037e-05 2.825830e-06 2.565260e-05 4.696553e-05 6.671688e-05 8.487392e-05 1.014170e-04 1.163376e-04 1.296362e-04 1.413202e-04 1.514016e-04 1.598954e-04 1.668178e-04 1.721840e-04 1.760077e-04 1.782990e-04 1.790640e-04 
6.218001e-04 6.200358e-04 6.147643e-04 6.060493e-04 5.939956e-04 5.787461e-04 5.604793e-04 5.394052e-04 5.157610e-04 4.898062e-04 4.618178e-04 4.320853e-04 4.009058e-04 3.685791e-04 3.354036e-04 3.016718e-04 2.676671e-04 2.336601e-04 1.999063e-04 1.666436e-04 1.340905e-04 1.024448e-04 7.188285e-05 4.255896e-05 1.460554e-05 1.186649e-05 3.676684e-05 6.002465e-05 8.158699e-05 1.014170e-04 1.194920e-04 1.358011e-04 1.503433e-04 1.631250e-04 1.741577e-04 1.834563e-04 1.910368e-04 1.969148e-04 2.011038e-04 2.036145e-04 2.044528e-04 
6.623029e-04 6.603989e-04 6.547102e-04 6.453064e-04 6.323015e-04 6.158513e-04 5.961501e-04 5.734262e-04 5.479369e-04 5.199637e-04 4.898064e-04 4.577780e-04 4.241991e-04 3.893927e-04 3.536800e-04 3.173752e-04 2.807825e-04 2.441922e-04 2.078780e-04 1.720946e-04 1.370758e-04 1.030335e-04 7.015622e-05 3.860923e-05 8.534344e-06 1.994954e-05 4.674553e-05 7.177741e-05 9.498809e-05 1.163376e-04 1.358011e-04 1.533664e-04 1.690316e-04 1.828028e-04 1.946919e-04 2.047139e-04 2.128853e-04 2.192223e-04 2.237389e-04 2.264461e-04 2.273500e-04 
6.999480e-04 6.979130e-04 6.918329e-04 6.817831e-04 6.678868e-04 6.503123e-04 6.292691e-04 6.050033e-04 5.777919e-04 5.479375e-04 5.157618e-04 4.816002e-04 4.457955e-04 4.086930e-04 3.706350e-04 3.319563e-04 2.929803e-04 2.540155e-04 2.153522e-04 1.772607e-04 1.399886e-04 1.037604e-04 6.877566e-05 3.520924e-05 3.211170e-06 2.709278e-05 5.560015e-05 8.223039e-05 1.069231e-04 1.296362e-04 1.503433e-04 1.690316e-04 1.856990e-04 2.003521e-04 2.130031e-04 2.236679e-04 2.323639e-04 2.391081e-04 2.439151e-04 2.467964e-04 2.477584e-04 
7.343165e-04 7.321606e-04 7.257201e-04 7.150756e-04 7.003591e-04 6.817507e-04 6.594748e-04 6.337941e-04 6.050043e-04 5.734278e-04 5.394070e-04 5.032981e-04 4.654650e-04 4.262731e-04 3.860846e-04 3.452529e-04 3.041191e-04 2.630081e-04 2.222254e-04 1.820550e-04 1.427571e-04 1.045671e-04 6.769437e-05 3.232218e-05 1.392389e-06 3.331776e-05 6.334686e-05 9.139567e-05 1.174014e-04 1.413202e-04 1.631250e-04 1.828028e-04 2.003521e-04 2.157798e-04 2.290993e-04 2.403276e-04 2.494829e-04 2.565832e-04 2.616441e-04 2.646776e-04 2.656905e-04 
7.650114e-04 7.627468e-04 7.559818e-04 7.448020e-04 7.293477e-04 7.098100e-04 6.864267e-04 6.594762e-04 6.292715e-04 5.961531e-04 5.604823e-04 5.226345e-04 4.829924e-04 4.419400e-04 3.998569e-04 3.571137e-04 3.140670e-04 2.710563e-04 2.284004e-04 1.863956e-04 1.453129e-04 1.053972e-04 6.686650e-05 2.991109e-05 5.305929e-06 3.864815e-05 7.000476e-05 9.928898e-05 1.264362e-04 1.514016e-04 1.741577e-04 1.946919e-04 2.130031e-04 2.290993e-04 2.429951e-04 2.547084e-04 2.642589e-04 2.716654e-04 2.769444e-04 2.801086e-04 2.811651e-04 
7.916669e-04 7.893072e-04 7.822584e-04 7.706105e-04 7.545113e-04 7.341618e-04 7.098119e-04 6.817541e-04 6.503166e-04 6.158561e-04 5.787508e-04 5.393929e-04 4.981818e-04 4.555177e-04 4.117957e-04 3.674010e-04 3.227038e-04 2.780561e-04 2.337884e-04 1.902072e-04 1.475928e-04 1.061983e-04 6.624874e-05 2.794040e-05 8.558677e-06 4.310814e-05 7.559419e-05 1.059280e-04 1.340435e-04 1.598954e-04 1.834563e-04 2.047139e-04 2.236679e-04 2.403276e-04 2.547084e-04 2.668298e-04 2.767124e-04 2.843761e-04 2.898382e-04 2.931120e-04 2.942052e-04 
8.139561e-04 8.115164e-04 8.042287e-04 7.921871e-04 7.755456e-04 7.545138e-04 7.293522e-04 7.003650e-04 6.678935e-04 6.323085e-04 5.940024e-04 5.533817e-04 5.108600e-04 4.668510e-04 4.217630e-04 3.759932e-04 3.299233e-04 2.839158e-04 2.383107e-04 1.934229e-04 1.495404e-04 1.069232e-04 6.580173e-05 2.637733e-05 1.117805e-05 4.672095e-05 8.013526e-05 1.113305e-04 1.402399e-04 1.668178e-04 1.910368e-04 2.128853e-04 2.323639e-04 2.494829e-04 2.642589e-04 2.767124e-04 2.868650e-04 2.947378e-04 3.003488e-04 3.037117e-04 3.048346e-04 
8.315990e-04 8.290956e-04 8.216179e-04 8.092631e-04 7.921904e-04 7.706163e-04 7.448097e-04 7.150846e-04 6.817928e-04 6.453162e-04 6.060588e-04 5.644385e-04 5.208801e-04 4.758084e-04 4.296419e-04 3.827874e-04 3.356358e-04 2.885576e-04 2.419004e-04 1.959857e-04 1.511077e-04 1.075312e-04 6.549139e-05 2.519319e-05 1.318838e-05 4.950752e-05 8.364639e-05 1.155135e-04 1.450413e-04 1.721840e-04 1.969148e-04 2.192223e-04 2.391081e-04 2.565832e-04 2.716654e-04 2.843761e-04 2.947378e-04 3.027723e-04 3.084984e-04 3.119302e-04 3.130762e-04 
8.443697e-04 8.418200e-04 8.342042e-04 8.216219e-04 8.042359e-04 7.822681e-04 7.559933e-04 7.257328e-04 6.918461e-04 6.547233e-04 6.147768e-04 5.724329e-04 5.281246e-04 4.822846e-04 4.353389e-04 3.877014e-04 3.397693e-04 2.919192e-04 2.445040e-04 1.978501e-04 1.522557e-04 1.079896e-04 6.529001e-05 2.436451e-05 1.460975e-05 5.148533e-05 8.614321e-05 1.184911e-04 1.484612e-04 1.760077e-04 2.011038e-04 2.237389e-04 2.439151e-04 2.616441e-04 2.769444e-04 2.898382e-04 3.003488e-04 3.084984e-04 3.143063e-04 3.177872e-04 3.189495e-04 
8.521023e-04 8.495244e-04 8.418248e-04 8.291043e-04 8.115283e-04 7.893215e-04 7.627628e-04 7.321775e-04 6.979301e-04 6.604158e-04 6.200518e-04 5.772697e-04 5.325076e-04 4.862028e-04 4.387859e-04 3.906750e-04 3.422714e-04 2.939552e-04 2.460824e-04 1.989825e-04 1.529561e-04 1.082743e-04 6.517719e-05 2.387392e-05 1.545710e-05 5.266745e-05 8.763742e-05 1.202743e-04 1.505101e-04 1.782990e-04 2.036145e-04 2.264461e-04 2.467964e-04 2.646776e-04 2.801086e-04 2.931120e-04 3.037117e-04 3.119302e-04 3.177872e-04 3.212974e-04 3.224695e-04 
8.546948e-04 8.521075e-04 8.443798e-04 8.316130e-04 8.139731e-04 7.916862e-04 7.650321e-04 7.343379e-04 6.999696e-04 6.623239e-04 6.218200e-04 5.788910e-04 5.339767e-04 4.875161e-04 4.399413e-04 3.916719e-04 3.431103e-04 2.946380e-04 2.466120e-04 1.993627e-04 1.531918e-04 1.083708e-04 6.514068e-05 2.371102e-05 1.573933e-05 5.306164e-05 8.813597e-05 1.208695e-04 1.511941e-04 1.790640e-04 2.044528e-04 2.273500e-04 2.477584e-04 2.656905e-04 2.811651e-04 2.942052e-04 3.048346e-04 3.130762e-04 3.189495e-04 3.224695e-04 3.236449e-04 
