1.271940e-03 1.267600e-03 1.254605e-03 1.233032e-03 1.203010e-03 1.164712e-03 1.118358e-03 1.064208e-03 1.002558e-03 9.337408e-04 8.581143e-04 7.760649e-04 6.880016e-04 5.943542e-04 4.955724e-04 3.921246e-04 2.844984e-04 1.732012e-04 5.876179e-05 5.826761e-05 1.773092e-04 2.977571e-04 4.189747e-04 5.402934e-04 6.610101e-04 7.803879e-04 8.976564e-04 1.012014e-03 1.122633e-03 1.228665e-03 1.329251e-03 1.423529e-03 1.510650e-03 1.589792e-03 1.660176e-03 1.721079e-03 1.771857e-03 1.811956e-03 1.840929e-03 1.858447e-03 1.864309e-03 
1.267608e-03 1.263283e-03 1.250331e-03 1.228830e-03 1.198906e-03 1.160734e-03 1.114532e-03 1.060558e-03 9.991094e-04 9.305142e-04 8.551312e-04 7.733447e-04 6.855622e-04 5.922124e-04 4.937434e-04 3.906223e-04 2.833353e-04 1.723885e-04 5.830945e-05 5.835112e-05 1.770167e-04 2.970829e-04 4.179148e-04 5.388451e-04 6.591728e-04 7.781631e-04 8.950476e-04 1.009028e-03 1.119278e-03 1.224953e-03 1.325196e-03 1.419149e-03 1.505968e-03 1.584834e-03 1.654968e-03 1.715655e-03 1.766251e-03 1.806206e-03 1.835074e-03 1.852529e-03 1.858369e-03 
1.254641e-03 1.250358e-03 1.237534e-03 1.216247e-03 1.186620e-03 1.148824e-03 1.103076e-03 1.049631e-03 9.887816e-04 9.208523e-04 8.461977e-04 7.651980e-04 6.782563e-04 5.857971e-04 4.882643e-04 3.861210e-04 2.798493e-04 1.699513e-04 5.695055e-05 5.860622e-05 1.761467e-04 2.950708e-04 4.147483e-04 5.345169e-04 6.536813e-04 7.715125e-04 8.872491e-04 1.000100e-03 1.109247e-03 1.213854e-03 1.313075e-03 1.406061e-03 1.491977e-03 1.570014e-03 1.639407e-03 1.699447e-03 1.749500e-03 1.789024e-03 1.817580e-03 1.834845e-03 1.840622e-03 
1.233116e-03 1.228904e-03 1.216294e-03 1.195360e-03 1.166224e-03 1.129053e-03 1.084058e-03 1.031489e-03 9.716331e-04 9.048081e-04 8.313615e-04 7.516665e-04 6.661195e-04 5.751376e-04 4.791581e-04 3.786369e-04 2.740496e-04 1.658915e-04 5.467948e-05 5.904648e-05 1.747211e-04 2.917515e-04 4.095154e-04 5.273589e-04 6.445958e-04 7.605074e-04 8.743434e-04 9.853246e-04 1.092647e-03 1.195490e-03 1.293020e-03 1.384407e-03 1.468832e-03 1.545503e-03 1.613671e-03 1.672643e-03 1.721801e-03 1.760614e-03 1.788654e-03 1.805607e-03 1.811279e-03 
1.203166e-03 1.199053e-03 1.186739e-03 1.166295e-03 1.137840e-03 1.101536e-03 1.057587e-03 1.006236e-03 9.477597e-04 8.824687e-04 8.107008e-04 7.328194e-04 6.492110e-04 5.602830e-04 4.664629e-04 3.681971e-04 2.659517e-04 1.602126e-04 5.148726e-05 5.969401e-05 1.727757e-04 2.871755e-04 4.022818e-04 5.174529e-04 6.320153e-04 7.452647e-04 8.564662e-04 9.648578e-04 1.069655e-03 1.170054e-03 1.265247e-03 1.354424e-03 1.436789e-03 1.511574e-03 1.578052e-03 1.635552e-03 1.683475e-03 1.721309e-03 1.748638e-03 1.765160e-03 1.770688e-03 
1.164968e-03 1.160981e-03 1.149044e-03 1.129224e-03 1.101636e-03 1.066434e-03 1.023815e-03 9.740123e-04 9.172928e-04 8.539546e-04 7.843240e-04 7.087520e-04 6.276127e-04 5.413010e-04 4.502319e-04 3.548396e-04 2.555777e-04 1.529202e-04 4.736207e-05 6.057873e-05 1.703596e-04 2.814116e-04 3.931376e-04 5.049110e-04 6.160753e-04 7.259442e-04 8.338029e-04 9.389111e-04 1.040507e-03 1.137815e-03 1.230051e-03 1.316434e-03 1.396198e-03 1.468602e-03 1.532948e-03 1.588592e-03 1.634960e-03 1.671560e-03 1.697995e-03 1.713975e-03 1.719321e-03 
1.118749e-03 1.114913e-03 1.103429e-03 1.084362e-03 1.057818e-03 1.023946e-03 9.829320e-04 9.349978e-04 8.803980e-04 8.194174e-04 7.523675e-04 6.795848e-04 6.014283e-04 5.182777e-04 4.305328e-04 3.386128e-04 2.429563e-04 1.440220e-04 4.228998e-05 6.173734e-05 1.675333e-04 2.745456e-04 3.821948e-04 4.898732e-04 5.969448e-04 7.027456e-04 8.065849e-04 9.077488e-04 1.005504e-03 1.099104e-03 1.187798e-03 1.270838e-03 1.347491e-03 1.417051e-03 1.478852e-03 1.532282e-03 1.576795e-03 1.611925e-03 1.637294e-03 1.652629e-03 1.657759e-03 
1.064772e-03 1.061113e-03 1.050156e-03 1.031963e-03 1.006635e-03 9.743097e-04 9.351632e-04 8.894040e-04 8.372725e-04 7.790376e-04 7.149944e-04 6.454622e-04 5.707822e-04 4.913167e-04 4.074475e-04 3.195759e-04 2.281227e-04 1.335288e-04 3.625583e-05 6.321211e-05 1.643675e-04 2.666780e-04 3.695853e-04 4.725043e-04 5.748232e-04 6.759041e-04 7.750847e-04 8.716815e-04 9.649942e-04 1.054311e-03 1.138917e-03 1.218103e-03 1.291173e-03 1.357461e-03 1.416338e-03 1.467225e-03 1.509610e-03 1.543053e-03 1.567201e-03 1.581795e-03 1.586678e-03 
1.003338e-03 9.998792e-04 9.895203e-04 9.723185e-04 9.483673e-04 9.177956e-04 8.807663e-04 8.374738e-04 7.881422e-04 7.330229e-04 6.723925e-04 6.065507e-04 5.358188e-04 4.605387e-04 3.810719e-04 2.977989e-04 2.111199e-04 1.214549e-04 2.924430e-05 6.504944e-05 1.609412e-04 2.579220e-04 3.554581e-04 4.529906e-04 5.499356e-04 6.456854e-04 7.396099e-04 8.310601e-04 9.193725e-04 1.003874e-03 1.083891e-03 1.158755e-03 1.227813e-03 1.290440e-03 1.346047e-03 1.394095e-03 1.434104e-03 1.465667e-03 1.488453e-03 1.502223e-03 1.506830e-03 
9.347831e-04 9.315456e-04 9.218504e-04 9.057493e-04 8.833278e-04 8.547042e-04 8.200279e-04 7.794775e-04 7.332595e-04 6.816059e-04 6.247726e-04 5.630379e-04 4.967009e-04 4.260805e-04 3.515152e-04 2.733623e-04 1.919983e-04 1.078191e-04 2.124112e-05 6.729823e-05 1.573395e-04 2.484006e-04 3.399758e-04 4.315360e-04 5.225291e-04 6.123810e-04 7.004977e-04 7.862685e-04 8.690702e-04 9.482727e-04 1.023245e-03 1.093365e-03 1.158024e-03 1.216642e-03 1.268673e-03 1.313618e-03 1.351035e-03 1.380546e-03 1.401848e-03 1.414719e-03 1.419025e-03 
8.594669e-04 8.564718e-04 8.475020e-04 8.326042e-04 8.118555e-04 7.853626e-04 7.532603e-04 7.157105e-04 6.729005e-04 6.250414e-04 5.723667e-04 5.151311e-04 4.536091e-04 3.880946e-04 3.189004e-04 2.463576e-04 1.708163e-04 9.264564e-05 1.223438e-05 7.000817e-05 1.536517e-04 2.382442e-04 3.233118e-04 4.083587e-04 4.928679e-04 5.763027e-04 6.581085e-04 7.377165e-04 8.145470e-04 8.880153e-04 9.575377e-04 1.022538e-03 1.082458e-03 1.136762e-03 1.184949e-03 1.226563e-03 1.261198e-03 1.288509e-03 1.308220e-03 1.320129e-03 1.324112e-03 
7.777754e-04 7.750419e-04 7.668550e-04 7.532561e-04 7.343133e-04 7.101210e-04 6.807987e-04 6.464905e-04 6.073632e-04 5.636054e-04 5.154265e-04 4.630557e-04 4.067409e-04 3.467487e-04 2.833634e-04 2.168875e-04 1.476416e-04 7.596501e-05 2.215881e-06 7.322797e-05 1.499686e-04 2.275879e-04 3.056468e-04 3.836865e-04 4.612286e-04 5.377770e-04 6.128199e-04 6.858329e-04 7.562830e-04 8.236335e-04 8.873496e-04 9.469051e-04 1.001790e-03 1.051517e-03 1.095631e-03 1.133718e-03 1.165411e-03 1.190398e-03 1.208429e-03 1.219322e-03 1.222966e-03 
6.901152e-04 6.876610e-04 6.803104e-04 6.680987e-04 6.510849e-04 6.293505e-04 6.029991e-04 5.721556e-04 5.369652e-04 4.975928e-04 4.542222e-04 4.070549e-04 3.563104e-04 3.022254e-04 2.450536e-04 1.850660e-04 1.225511e-04 5.781515e-05 8.817425e-06 7.700348e-05 1.463809e-04 2.165684e-04 2.871657e-04 3.577538e-04 4.278962e-04 4.971406e-04 5.650205e-04 6.310589e-04 6.947715e-04 7.556716e-04 8.132752e-04 8.671067e-04 9.167061e-04 9.616352e-04 1.001485e-03 1.035884e-03 1.064504e-03 1.087064e-03 1.103342e-03 1.113176e-03 1.116464e-03 
5.969116e-04 5.947532e-04 5.882876e-04 5.775446e-04 5.625731e-04 5.434413e-04 5.202361e-04 4.930625e-04 4.620429e-04 4.273172e-04 3.890416e-04 3.473888e-04 3.025475e-04 2.547223e-04 2.041340e-04 1.510195e-04 9.563218e-05 3.824249e-05 2.086198e-05 8.137595e-05 1.429763e-04 2.053219e-04 2.680541e-04 3.307972e-04 3.931594e-04 4.547346e-04 5.151044e-04 5.738411e-04 6.305113e-04 6.846794e-04 7.359134e-04 7.837892e-04 8.278971e-04 8.678479e-04 9.032787e-04 9.338596e-04 9.592997e-04 9.793524e-04 9.938202e-04 1.002559e-03 1.005482e-03 
4.986074e-04 4.967595e-04 4.912238e-04 4.820237e-04 4.691981e-04 4.528013e-04 4.329025e-04 4.095859e-04 3.829504e-04 3.531092e-04 3.201898e-04 2.843340e-04 2.456979e-04 2.044519e-04 1.607814e-04 1.148866e-04 6.698334e-05 1.730310e-05 3.390624e-05 8.638025e-05 1.398378e-04 1.939811e-04 2.484960e-04 3.030526e-04 3.573066e-04 4.109006e-04 4.634662e-04 5.146268e-04 5.640008e-04 6.112052e-04 6.558602e-04 6.975936e-04 7.360460e-04 7.708763e-04 8.017670e-04 8.284298e-04 8.506106e-04 8.680941e-04 8.807082e-04 8.883276e-04 8.908760e-04 
3.956617e-04 3.941381e-04 3.895729e-04 3.819832e-04 3.713975e-04 3.578554e-04 3.414081e-04 3.221181e-04 3.000594e-04 2.753173e-04 2.479891e-04 2.181841e-04 1.860237e-04 1.516422e-04 1.151871e-04 7.681965e-05 3.671516e-05 4.936234e-06 4.792926e-05 9.204321e-05 1.370418e-04 1.826732e-04 2.286703e-04 2.747519e-04 3.206229e-04 3.659766e-04 4.104964e-04 4.538579e-04 4.957324e-04 5.357898e-04 5.737026e-04 6.091501e-04 6.418227e-04 6.714266e-04 6.976889e-04 7.203614e-04 7.392256e-04 7.540968e-04 7.648272e-04 7.713091e-04 7.734771e-04 
2.885511e-04 2.873639e-04 2.838058e-04 2.778874e-04 2.696260e-04 2.590465e-04 2.461810e-04 2.310693e-04 2.137593e-04 1.943075e-04 1.727793e-04 1.492496e-04 1.238035e-04 9.653690e-05 6.755737e-05 3.698458e-05 4.951118e-06 2.839694e-05 6.289951e-05 9.838216e-05 1.346559e-04 1.715174e-04 2.087491e-04 2.461198e-04 2.833862e-04 3.202934e-04 3.565777e-04 3.919679e-04 4.261883e-04 4.589618e-04 4.900131e-04 5.190722e-04 5.458783e-04 5.701840e-04 5.917591e-04 6.103947e-04 6.259065e-04 6.381390e-04 6.469675e-04 6.523014e-04 6.540856e-04 
1.777698e-04 1.769301e-04 1.744119e-04 1.702188e-04 1.643572e-04 1.568359e-04 1.476674e-04 1.368679e-04 1.244582e-04 1.104643e-04 9.491818e-05 7.785878e-05 5.933293e-05 3.939623e-05 1.811402e-05 4.437729e-06 2.817154e-05 5.298771e-05 7.877367e-05 1.054035e-04 1.327379e-04 1.606238e-04 1.888950e-04 2.173723e-04 2.458651e-04 2.741717e-04 3.020816e-04 3.293773e-04 3.558363e-04 3.812339e-04 4.053461e-04 4.279529e-04 4.488411e-04 4.678080e-04 4.846651e-04 4.992406e-04 5.113836e-04 5.209659e-04 5.278854e-04 5.320673e-04 5.334664e-04 
6.383252e-05 6.334975e-05 6.190018e-05 5.948022e-05 5.608421e-05 5.170484e-05 4.633385e-05 3.996281e-05 3.258403e-05 2.419164e-05 1.478273e-05 4.358548e-06 7.074261e-06 1.950240e-05 3.290471e-05 4.725102e-05 6.250109e-05 7.860366e-05 9.549570e-05 1.131018e-04 1.313340e-04 1.500912e-04 1.692599e-04 1.887141e-04 2.083166e-04 2.279196e-04 2.473661e-04 2.664920e-04 2.851275e-04 3.030998e-04 3.202352e-04 3.363622e-04 3.513138e-04 3.649307e-04 3.770640e-04 3.875782e-04 3.963534e-04 4.032881e-04 4.083010e-04 4.113328e-04 4.123474e-04 
5.272414e-05 5.284160e-05 5.319771e-05 5.380358e-05 5.467730e-05 5.584328e-05 5.733139e-05 5.917594e-05 6.141436e-05 6.408586e-05 6.722994e-05 7.088480e-05 7.508577e-05 7.986374e-05 8.524364e-05 9.124300e-05 9.787067e-05 1.051256e-04 1.129961e-04 1.214586e-04 1.304779e-04 1.400061e-04 1.499832e-04 1.603372e-04 1.709845e-04 1.818311e-04 1.927737e-04 2.037007e-04 2.144945e-04 2.250328e-04 2.351912e-04 2.448451e-04 2.538722e-04 2.621549e-04 2.695825e-04 2.760535e-04 2.814783e-04 2.857802e-04 2.888981e-04 2.907870e-04 2.914197e-04 
1.713382e-04 1.710834e-04 1.703253e-04 1.690829e-04 1.673872e-04 1.652808e-04 1.628162e-04 1.600548e-04 1.570651e-04 1.539215e-04 1.507015e-04 1.474845e-04 1.443498e-04 1.413741e-04 1.386301e-04 1.361849e-04 1.340979e-04 1.324197e-04 1.311912e-04 1.304420e-04 1.301902e-04 1.304420e-04 1.311912e-04 1.324197e-04 1.340979e-04 1.361849e-04 1.386301e-04 1.413741e-04 1.443498e-04 1.474845e-04 1.507015e-04 1.539215e-04 1.570651e-04 1.600548e-04 1.628162e-04 1.652808e-04 1.673872e-04 1.690829e-04 1.703253e-04 1.710834e-04 1.713382e-04 
2.914197e-04 2.907870e-04 2.888981e-04 2.857802e-04 2.814783e-04 2.760535e-04 2.695825e-04 2.621549e-04 2.538722e-04 2.448451e-04 2.351912e-04 2.250328e-04 2.144945e-04 2.037007e-04 1.927737e-04 1.818311e-04 1.709845e-04 1.603372e-04 1.499832e-04 1.400061e-04 1.304779e-04 1.214586e-04 1.129961e-04 1.051256e-04 9.787067e-05 9.124300e-05 8.524364e-05 7.986374e-05 7.508577e-05 7.088480e-05 6.722994e-05 6.408586e-05 6.141436e-05 5.917594e-05 5.733139e-05 5.584328e-05 5.467730e-05 5.380358e-05 5.319771e-05 5.284160e-05 5.272414e-05 
4.123474e-04 4.113328e-04 4.083010e-04 4.032881e-04 3.963534e-04 3.875782e-04 3.770640e-04 3.649307e-04 3.513138e-04 3.363622e-04 3.202352e-04 3.030998e-04 2.851275e-04 2.664920e-04 2.473661e-04 2.279196e-04 2.083166e-04 1.887141e-04 1.692599e-04 1.500912e-04 1.313340e-04 1.131018e-04 9.549570e-05 7.860366e-05 6.250109e-05 4.725102e-05 3.290471e-05 1.950240e-05 7.074261e-06 4.358548e-06 1.478273e-05 2.419164e-05 3.258403e-05 3.996281e-05 4.633385e-05 5.170484e-05 5.608421e-05 5.948022e-05 6.190018e-05 6.334975e-05 6.383252e-05 
5.334664e-04 5.320673e-04 5.278854e-04 5.209659e-04 5.113836e-04 4.992406e-04 4.846651e-04 4.678080e-04 4.488411e-04 4.279529e-04 4.053461e-04 3.812339e-04 3.558363e-04 3.293773e-04 3.020816e-04 2.741717e-04 2.458651e-04 2.173723e-04 1.888950e-04 1.606238e-04 1.327379e-04 1.054035e-04 7.877367e-05 5.298771e-05 2.817154e-05 4.437729e-06 1.811402e-05 3.939623e-05 5.933293e-05 7.785878e-05 9.491818e-05 1.104643e-04 1.244582e-04 1.368679e-04 1.476674e-04 1.568359e-04 1.643572e-04 1.702188e-04 1.744119e-04 1.769301e-04 1.777698e-04 
6.540856e-04 6.523014e-04 6.469675e-04 6.381390e-04 6.259065e-04 6.103947e-04 5.917591e-04 5.701840e-04 5.458783e-04 5.190722e-04 4.900131e-04 4.589618e-04 4.261883e-04 3.919679e-04 3.565777e-04 3.202934e-04 2.833862e-04 2.461198e-04 2.087491e-04 1.715174e-04 1.346559e-04 9.838216e-05 6.289951e-05 2.839694e-05 4.951118e-06 3.698458e-05 6.755737e-05 9.653690e-05 1.238035e-04 1.492496e-04 1.727793e-04 1.943075e-04 2.137593e-04 2.310693e-04 2.461810e-04 2.590465e-04 2.696260e-04 2.778874e-04 2.838058e-04 2.873639e-04 2.885511e-04 
7.734771e-04 7.713091e-04 7.648272e-04 7.540968e-04 7.392256e-04 7.203614e-04 6.976889e-04 6.714266e-04 6.418227e-04 6.091501e-04 5.737026e-04 5.357898e-04 4.957324e-04 4.538579e-04 4.104964e-04 3.659766e-04 3.206229e-04 2.747519e-04 2.286703e-04 1.826732e-04 1.370418e-04 9.204321e-05 4.792926e-05 4.936234e-06 3.671516e-05 7.681965e-05 1.151871e-04 1.516422e-04 1.860237e-04 2.181841e-04 2.479891e-04 2.753173e-04 3.000594e-04 3.221181e-04 3.414081e-04 3.578554e-04 3.713975e-04 3.819832e-04 3.895729e-04 3.941381e-04 3.956617e-04 
8.908760e-04 8.883276e-04 8.807082e-04 8.680941e-04 8.506106e-04 8.284298e-04 8.017670e-04 7.708763e-04 7.360460e-04 6.975936e-04 6.558602e-04 6.112052e-04 5.640008e-04 5.146268e-04 4.634662e-04 4.109006e-04 3.573066e-04 3.030526e-04 2.484960e-04 1.939811e-04 1.398378e-04 8.638025e-05 3.390624e-05 1.730310e-05 6.698334e-05 1.148866e-04 1.607814e-04 2.044519e-04 2.456979e-04 2.843340e-04 3.201898e-04 3.531092e-04 3.829504e-04 4.095859e-04 4.329025e-04 4.528013e-04 4.691981e-04 4.820237e-04 4.912238e-04 4.967595e-04 4.986074e-04 
1.005482e-03 1.002559e-03 9.938202e-04 9.793524e-04 9.592997e-04 9.338596e-04 9.032787e-04 8.678479e-04 8.278971e-04 7.837892e-04 7.359134e-04 6.846794e-04 6.305113e-04 5.738411e-04 5.151044e-04 4.547346e-04 3.931594e-04 3.307972e-04 2.680541e-04 2.053219e-04 1.429763e-04 8.137595e-05 2.086198e-05 3.824249e-05 9.563218e-05 1.510195e-04 2.041340e-04 2.547223e-04 3.025475e-04 3.473888e-04 3.890416e-04 4.273172e-04 4.620429e-04 4.930625e-04 5.202361e-04 5.434413e-04 5.625731e-04 5.775446e-04 5.882876e-04 5.947532e-04 5.969116e-04 
1.116464e-03 1.113176e-03 1.103342e-03 1.087064e-03 1.064504e-03 1.035884e-03 1.001485e-03 9.616352e-04 9.167061e-04 8.671067e-04 8.132752e-04 7.556716e-04 6.947715e-04 6.310589e-04 5.650205e-04 4.971406e-04 4.278962e-04 3.577538e-04 2.871657e-04 2.165684e-04 1.463809e-04 7.700348e-05 8.817425e-06 5.781515e-05 1.225511e-04 1.850660e-04 2.450536e-04 3.022254e-04 3.563104e-04 4.070549e-04 4.542222e-04 4.975928e-04 5.369652e-04 5.721556e-04 6.029991e-04 6.293505e-04 6.510849e-04 6.680987e-04 6.803104e-04 6.876610e-04 6.901152e-04 
1.222966e-03 1.219322e-03 1.208429e-03 1.190398e-03 1.165411e-03 1.133718e-03 1.095631e-03 1.051517e-03 1.001790e-03 9.469051e-04 8.873496e-04 8.236335e-04 7.562830e-04 6.858329e-04 6.128199e-04 5.377770e-04 4.612286e-04 3.836865e-04 3.056468e-04 2.275879e-04 1.499686e-04 7.322797e-05 2.215881e-06 7.596501e-05 1.476416e-04 2.168875e-04 2.833634e-04 3.467487e-04 4.067409e-04 4.630557e-04 5.154265e-04 5.636054e-04 6.073632e-04 6.464905e-04 6.807987e-04 7.101210e-04 7.343133e-04 7.532561e-04 7.668550e-04 7.750419e-04 7.777754e-04 
1.324112e-03 1.320129e-03 1.308220e-03 1.288509e-03 1.261198e-03 1.226563e-03 1.184949e-03 1.136762e-03 1.082458e-03 1.022538e-03 9.575377e-04 8.880153e-04 8.145470e-04 7.377165e-04 6.581085e-04 5.763027e-04 4.928679e-04 4.083587e-04 3.233118e-04 2.382442e-04 1.536517e-04 7.000817e-05 1.223438e-05 9.264564e-05 1.708163e-04 2.463576e-04 3.189004e-04 3.880946e-04 4.536091e-04 5.151311e-04 5.723667e-04 6.250414e-04 6.729005e-04 7.157105e-04 7.532603e-04 7.853626e-04 8.118555e-04 8.326042e-04 8.475020e-04 8.564718e-04 8.594669e-04 
1.419025e-03 1.414719e-03 1.401848e-03 1.380546e-03 1.351035e-03 1.313618e-03 1.268673e-03 1.216642e-03 1.158024e-03 1.093365e-03 1.023245e-03 9.482727e-04 8.690702e-04 7.862685e-04 7.004977e-04 6.123810e-04 5.225291e-04 4.315360e-04 3.399758e-04 2.484006e-04 1.573395e-04 6.729823e-05 2.124112e-05 1.078191e-04 1.919983e-04 2.733623e-04 3.515152e-04 4.260805e-04 4.967009e-04 5.630379e-04 6.247726e-04 6.816059e-04 7.332595e-04 7.794775e-04 8.200279e-04 8.547042e-04 8.833278e-04 9.057493e-04 9.218504e-04 9.315456e-04 9.347831e-04 
1.506830e-03 1.502223e-03 1.488453e-03 1.465667e-03 1.434104e-03 1.394095e-03 1.346047e-03 1.290440e-03 1.227813e-03 1.158755e-03 1.083891e-03 1.003874e-03 9.193725e-04 8.310601e-04 7.396099e-04 6.456854e-04 5.499356e-04 4.529906e-04 3.554581e-04 2.579220e-04 1.609412e-04 6.504944e-05 2.924430e-05 1.214549e-04 2.111199e-04 2.977989e-04 3.810719e-04 4.605387e-04 5.358188e-04 6.065507e-04 6.723925e-04 7.330229e-04 7.881422e-04 8.374738e-04 8.807663e-04 9.177956e-04 9.483673e-04 9.723185e-04 9.895203e-04 9.998792e-04 1.003338e-03 
1.586678e-03 1.581795e-03 1.567201e-03 1.543053e-03 1.509610e-03 1.467225e-03 1.416338e-03 1.357461e-03 1.291173e-03 1.218103e-03 1.138917e-03 1.054311e-03 9.649942e-04 8.716815e-04 7.750847e-04 6.759041e-04 5.748232e-04 4.725043e-04 3.695853e-04 2.666780e-04 1.643675e-04 6.321211e-05 3.625583e-05 1.335288e-04 2.281227e-04 3.195759e-04 4.074475e-04 4.913167e-04 5.707822e-04 6.454622e-04 7.149944e-04 7.790376e-04 8.372725e-04 8.894040e-04 9.351632e-04 9.743097e-04 1.006635e-03 1.031963e-03 1.050156e-03 1.061113e-03 1.064772e-03 
1.657759e-03 1.652629e-03 1.637294e-03 1.611925e-03 1.576795e-03 1.532282e-03 1.478852e-03 1.417051e-03 1.347491e-03 1.270838e-03 1.187798e-03 1.099104e-03 1.005504e-03 9.077488e-04 8.065849e-04 7.027456e-04 5.969448e-04 4.898732e-04 3.821948e-04 2.745456e-04 1.675333e-04 6.173734e-05 4.228998e-05 1.440220e-04 2.429563e-04 3.386128e-04 4.305328e-04 5.182777e-04 6.014283e-04 6.795848e-04 7.523675e-04 8.194174e-04 8.803980e-04 9.349978e-04 9.829320e-04 1.023946e-03 1.057818e-03 1.084362e-03 1.103429e-03 1.114913e-03 1.118749e-03 
1.719321e-03 1.713975e-03 1.697995e-03 1.671560e-03 1.634960e-03 1.588592e-03 1.532948e-03 1.468602e-03 1.396198e-03 1.316434e-03 1.230051e-03 1.137815e-03 1.040507e-03 9.389111e-04 8.338029e-04 7.259442e-04 6.160753e-04 5.049110e-04 3.931376e-04 2.814116e-04 1.703596e-04 6.057873e-05 4.736207e-05 1.529202e-04 2.555777e-04 3.548396e-04 4.502319e-04 5.413010e-04 6.276127e-04 7.087520e-04 7.843240e-04 8.539546e-04 9.172928e-04 9.740123e-04 1.023815e-03 1.066434e-03 1.101636e-03 1.129224e-03 1.149044e-03 1.160981e-03 1.164968e-03 
1.770688e-03 1.765160e-03 1.748638e-03 1.721309e-03 1.683475e-03 1.635552e-03 1.578052e-03 1.511574e-03 1.436789e-03 1.354424e-03 1.265247e-03 1.170054e-03 1.069655e-03 9.648578e-04 8.564662e-04 7.452647e-04 6.320153e-04 5.174529e-04 4.022818e-04 2.871755e-04 1.727757e-04 5.969401e-05 5.148726e-05 1.602126e-04 2.659517e-04 3.681971e-04 4.664629e-04 5.602830e-04 6.492110e-04 7.328194e-04 8.107008e-04 8.824687e-04 9.477597e-04 1.006236e-03 1.057587e-03 1.101536e-03 1.137840e-03 1.166295e-03 1.186739e-03 1.199053e-03 1.203166e-03 
1.811279e-03 1.805607e-03 1.788654e-03 1.760614e-03 1.721801e-03 1.672643e-03 1.613671e-03 1.545503e-03 1.468832e-03 1.384407e-03 1.293020e-03 1.195490e-03 1.092647e-03 9.853246e-04 8.743434e-04 7.605074e-04 6.445958e-04 5.273589e-04 4.095154e-04 2.917515e-04 1.747211e-04 5.904648e-05 5.467948e-05 1.658915e-04 2.740496e-04 3.786369e-04 4.791581e-04 5.751376e-04 6.661195e-04 7.516665e-04 8.313615e-04 9.048081e-04 9.716331e-04 1.031489e-03 1.084058e-03 1.129053e-03 1.166224e-03 1.195360e-03 1.216294e-03 1.228904e-03 1.233116e-03 
1.840622e-03 1.834845e-03 1.817580e-03 1.789024e-03 1.749500e-03 1.699447e-03 1.639407e-03 1.570014e-03 1.491977e-03 1.406061e-03 1.313075e-03 1.213854e-03 1.109247e-03 1.000100e-03 8.872491e-04 7.715125e-04 6.536813e-04 5.345169e-04 4.147483e-04 2.950708e-04 1.761467e-04 5.860622e-05 5.695055e-05 1.699513e-04 2.798493e-04 3.861210e-04 4.882643e-04 5.857971e-04 6.782563e-04 7.651980e-04 8.461977e-04 9.208523e-04 9.887816e-04 1.049631e-03 1.103076e-03 1.148824e-03 1.186620e-03 1.216247e-03 1.237534e-03 1.250358e-03 1.254641e-03 
1.858369e-03 1.852529e-03 1.835074e-03 1.806206e-03 1.766251e-03 1.715655e-03 1.654968e-03 1.584834e-03 1.505968e-03 1.419149e-03 1.325196e-03 1.224953e-03 1.119278e-03 1.009028e-03 8.950476e-04 7.781631e-04 6.591728e-04 5.388451e-04 4.179148e-04 2.970829e-04 1.770167e-04 5.835112e-05 5.830945e-05 1.723885e-04 2.833353e-04 3.906223e-04 4.937434e-04 5.922124e-04 6.855622e-04 7.733447e-04 8.551312e-04 9.305142e-04 9.991094e-04 1.060558e-03 1.114532e-03 1.160734e-03 1.198906e-03 1.228830e-03 1.250331e-03 1.263283e-03 1.267608e-03 
1.864309e-03 1.858447e-03 1.840929e-03 1.811956e-03 1.771857e-03 1.721079e-03 1.660176e-03 1.589792e-03 1.510650e-03 1.423529e-03 1.329251e-03 1.228665e-03 1.122633e-03 1.012014e-03 8.976564e-04 7.803879e-04 6.610101e-04 5.402934e-04 4.189747e-04 2.977571e-04 1.773092e-04 5.826761e-05 5.876179e-05 1.732012e-04 2.844984e-04 3.921246e-04 4.955724e-04 5.943542e-04 6.880016e-04 7.760649e-04 8.581143e-04 9.337408e-04 1.002558e-03 1.064208e-03 1.118358e-03 1.164712e-03 1.203010e-03 1.233032e-03 1.254605e-03 1.267600e-03 1.271940e-03 
