3.536585e-03 3.488196e-03 3.344147e-03 3.107713e-03 2.784098e-03 2.380126e-03 1.903922e-03 1.364647e-03 7.723313e-04 1.378357e-04 5.270745e-04 1.209540e-03 1.895351e-03 2.568683e-03 3.211959e-03 3.805975e-03 4.330453e-03 4.765126e-03 5.091302e-03 5.293725e-03 5.362367e-03 
3.488469e-03 3.440724e-03 3.298588e-03 3.065275e-03 2.745898e-03 2.347171e-03 1.877095e-03 1.344710e-03 7.599264e-04 1.334912e-04 5.229416e-04 1.196628e-03 1.873486e-03 2.537853e-03 3.172355e-03 3.758051e-03 4.274984e-03 4.703244e-03 5.024506e-03 5.223834e-03 5.291419e-03 
3.345298e-03 3.299464e-03 3.163000e-03 2.938945e-03 2.632145e-03 2.248987e-03 1.797113e-03 1.285195e-03 7.227866e-04 1.202889e-04 5.109832e-04 1.158638e-03 1.808991e-03 2.446861e-03 3.055487e-03 3.616702e-03 4.111478e-03 4.520951e-03 4.827842e-03 5.018128e-03 5.082623e-03 
3.110500e-03 3.067779e-03 2.940556e-03 2.731594e-03 2.445316e-03 2.087580e-03 1.665447e-03 1.186985e-03 6.611507e-04 9.775728e-05 4.924631e-04 1.097729e-03 1.705037e-03 2.300024e-03 2.866940e-03 3.388859e-03 3.848227e-03 4.227793e-03 4.511882e-03 4.687855e-03 4.747468e-03 
2.789460e-03 2.750956e-03 2.636257e-03 2.447767e-03 2.189350e-03 1.866164e-03 1.484481e-03 1.051541e-03 5.754616e-04 6.521792e-05 4.693063e-04 1.017221e-03 1.566517e-03 2.103984e-03 2.615263e-03 3.085081e-03 3.497778e-03 3.838139e-03 4.092475e-03 4.249831e-03 4.303104e-03 
2.389131e-03 2.355829e-03 2.256590e-03 2.093388e-03 1.869423e-03 1.589002e-03 1.257424e-03 8.808865e-04 4.664287e-04 2.192687e-05 4.438665e-04 9.212572e-04 1.399547e-03 1.867023e-03 2.311049e-03 2.718336e-03 3.075417e-03 3.369362e-03 3.588661e-03 3.724180e-03 3.770031e-03 
1.917647e-03 1.890406e-03 1.809185e-03 1.675477e-03 1.491725e-03 1.261256e-03 9.882338e-04 6.776084e-04 3.351060e-04 3.276160e-05 4.186633e-04 8.144097e-04 1.210934e-03 1.598325e-03 1.965960e-03 2.302764e-03 2.597634e-03 2.840020e-03 3.020625e-03 3.132127e-03 3.169834e-03 
1.384021e-03 1.363572e-03 1.302549e-03 1.201917e-03 1.063280e-03 8.888741e-04 6.815678e-04 4.448752e-04 1.829802e-04 9.922925e-05 3.961263e-04 7.013210e-04 1.007667e-03 1.307320e-03 1.591878e-03 1.852620e-03 2.080862e-03 2.268410e-03 2.408093e-03 2.494300e-03 2.523446e-03 
7.979657e-04 7.849192e-04 7.459074e-04 6.813233e-04 5.918542e-04 4.785274e-04 3.427694e-04 1.864721e-04 1.206080e-05 1.774428e-04 3.783730e-04 5.863956e-04 7.965204e-04 1.003163e-03 1.200273e-03 1.381531e-03 1.540632e-03 1.671633e-03 1.769338e-03 1.829690e-03 1.850104e-03 
1.698587e-04 1.647098e-04 1.491776e-04 1.230282e-04 8.594447e-05 3.762417e-05 2.210145e-05 9.314248e-05 1.750324e-04 2.668279e-04 3.670355e-04 4.735721e-04 5.837650e-04 6.943996e-04 8.018177e-04 9.020730e-04 9.911403e-04 1.065170e-03 1.120768e-03 1.155267e-03 1.166962e-03 
4.891597e-04 4.860250e-04 4.769424e-04 4.628390e-04 4.451422e-04 4.256217e-04 4.062020e-04 3.887693e-04 3.749923e-04 3.661736e-04 3.631398e-04 3.661736e-04 3.749923e-04 3.887693e-04 4.062020e-04 4.256217e-04 4.451422e-04 4.628390e-04 4.769424e-04 4.860250e-04 4.891597e-04 
1.166962e-03 1.155267e-03 1.120768e-03 1.065170e-03 9.911403e-04 9.020730e-04 8.018177e-04 6.943996e-04 5.837650e-04 4.735721e-04 3.670355e-04 2.668279e-04 1.750324e-04 9.314248e-05 2.210145e-05 3.762417e-05 8.594447e-05 1.230282e-04 1.491776e-04 1.647098e-04 1.698587e-04 
1.850104e-03 1.829690e-03 1.769338e-03 1.671633e-03 1.540632e-03 1.381531e-03 1.200273e-03 1.003163e-03 7.965204e-04 5.863956e-04 3.783730e-04 1.774428e-04 1.206080e-05 1.864721e-04 3.427694e-04 4.785274e-04 5.918542e-04 6.813233e-04 7.459074e-04 7.849192e-04 7.979657e-04 
2.523446e-03 2.494300e-03 2.408093e-03 2.268410e-03 2.080862e-03 1.852620e-03 1.591878e-03 1.307320e-03 1.007667e-03 7.013210e-04 3.961263e-04 9.922925e-05 1.829802e-04 4.448752e-04 6.815678e-04 8.888741e-04 1.063280e-03 1.201917e-03 1.302549e-03 1.363572e-03 1.384021e-03 
3.169834e-03 3.132127e-03 3.020625e-03 2.840020e-03 2.597634e-03 2.302764e-03 1.965960e-03 1.598325e-03 1.210934e-03 8.144097e-04 4.186633e-04 3.276160e-05 3.351060e-04 6.776084e-04 9.882338e-04 1.261256e-03 1.491725e-03 1.675477e-03 1.809185e-03 1.890406e-03 1.917647e-03 
3.770031e-03 3.724180e-03 3.588661e-03 3.369362e-03 3.075417e-03 2.718336e-03 2.311049e-03 1.867023e-03 1.399547e-03 9.212572e-04 4.438665e-04 2.192687e-05 4.664287e-04 8.808865e-04 1.257424e-03 1.589002e-03 1.869423e-03 2.093388e-03 2.256590e-03 2.355829e-03 2.389131e-03 
4.303104e-03 4.249831e-03 4.092475e-03 3.838139e-03 3.497778e-03 3.085081e-03 2.615263e-03 2.103984e-03 1.566517e-03 1.017221e-03 4.693063e-04 6.521792e-05 5.754616e-04 1.051541e-03 1.484481e-03 1.866164e-03 2.189350e-03 2.447767e-03 2.636257e-03 2.750956e-03 2.789460e-03 
4.747468e-03 4.687855e-03 4.511882e-03 4.227793e-03 3.848227e-03 3.388859e-03 2.866940e-03 2.300024e-03 1.705037e-03 1.097729e-03 4.924631e-04 9.775728e-05 6.611507e-04 1.186985e-03 1.665447e-03 2.087580e-03 2.445316e-03 2.731594e-03 2.940556e-03 3.067779e-03 3.110500e-03 
5.082623e-03 5.018128e-03 4.827842e-03 4.520951e-03 4.111478e-03 3.616702e-03 3.055487e-03 2.446861e-03 1.808991e-03 1.158638e-03 5.109832e-04 1.202889e-04 7.227866e-04 1.285195e-03 1.797113e-03 2.248987e-03 2.632145e-03 2.938945e-03 3.163000e-03 3.299464e-03 3.345298e-03 
5.291419e-03 5.223834e-03 5.024506e-03 4.703244e-03 4.274984e-03 3.758051e-03 3.172355e-03 2.537853e-03 1.873486e-03 1.196628e-03 5.229416e-04 1.334912e-04 7.599264e-04 1.344710e-03 1.877095e-03 2.347171e-03 2.745898e-03 3.065275e-03 3.298588e-03 3.440724e-03 3.488469e-03 
5.362367e-03 5.293725e-03 5.091302e-03 4.765126e-03 4.330453e-03 3.805975e-03 3.211959e-03 2.568683e-03 1.895351e-03 1.209540e-03 5.270745e-04 1.378357e-04 7.723313e-04 1.364647e-03 1.903922e-03 2.380126e-03 2.784098e-03 3.107713e-03 3.344147e-03 3.488196e-03 3.536585e-03 
