9.061094e-01 9.033157e-01 8.949520e-01 8.810697e-01 8.617545e-01 8.371255e-01 8.073344e-01 7.725649e-01 7.330314e-01 6.889775e-01 6.406748e-01 5.884210e-01 5.325381e-01 4.733706e-01 4.112832e-01 3.466584e-01 2.798946e-01 2.114033e-01 1.416065e-01 7.093446e-02 -1.773092e-04 -7.129048e-02 -1.419667e-01 -2.117704e-01 -2.802711e-01 -3.470467e-01 -4.116852e-01 -4.737883e-01 -5.329727e-01 -5.888736e-01 -6.411459e-01 -6.894673e-01 -7.335395e-01 -7.730905e-01 -8.078762e-01 -8.376818e-01 -8.623234e-01 -8.816486e-01 -8.955383e-01 -9.039066e-01 -9.067017e-01 
9.033157e-01 9.005307e-01 8.921927e-01 8.783533e-01 8.590976e-01 8.345445e-01 8.048453e-01 7.701830e-01 7.307714e-01 6.868533e-01 6.386995e-01 5.866067e-01 5.308961e-01 4.719111e-01 4.100150e-01 3.455895e-01 2.790315e-01 2.107513e-01 1.411697e-01 7.071553e-02 -1.770167e-04 -7.107096e-02 -1.415293e-01 -2.111178e-01 -2.794074e-01 -3.459770e-01 -4.104163e-01 -4.723279e-01 -5.313299e-01 -5.870583e-01 -6.391695e-01 -6.873419e-01 -7.312782e-01 -7.707073e-01 -8.053857e-01 -8.350994e-01 -8.596650e-01 -8.789307e-01 -8.927775e-01 -9.011199e-01 -9.039065e-01 
8.949520e-01 8.921928e-01 8.839320e-01 8.702207e-01 8.511433e-01 8.268175e-01 7.973933e-01 7.630519e-01 7.240051e-01 6.804937e-01 6.327857e-01 5.811752e-01 5.259804e-01 4.675414e-01 4.062184e-01 3.423893e-01 2.764475e-01 2.087995e-01 1.398620e-01 7.006008e-02 -1.761467e-04 -7.041376e-02 -1.402198e-01 -2.091640e-01 -2.768214e-01 -3.427747e-01 -4.066174e-01 -4.679557e-01 -5.264114e-01 -5.816239e-01 -6.332525e-01 -6.809789e-01 -7.245083e-01 -7.635723e-01 -7.979296e-01 -8.273682e-01 -8.517062e-01 -8.707935e-01 -8.845120e-01 -8.927772e-01 -8.955380e-01 
8.810698e-01 8.783533e-01 8.702207e-01 8.567221e-01 8.379406e-01 8.139922e-01 7.850243e-01 7.512156e-01 7.127745e-01 6.699379e-01 6.229698e-01 5.721599e-01 5.178211e-01 4.602885e-01 3.999167e-01 3.370776e-01 2.721585e-01 2.055597e-01 1.376915e-01 6.897214e-02 -1.747211e-04 -6.932294e-02 -1.380463e-01 -2.059212e-01 -2.725291e-01 -3.374594e-01 -4.003118e-01 -4.606987e-01 -5.182477e-01 -5.726037e-01 -6.234315e-01 -6.704175e-01 -7.132717e-01 -7.517296e-01 -7.855539e-01 -8.145358e-01 -8.384962e-01 -8.572873e-01 -8.707931e-01 -8.789301e-01 -8.816480e-01 
8.617547e-01 8.590978e-01 8.511434e-01 8.379407e-01 8.195710e-01 7.961475e-01 7.678146e-01 7.347470e-01 6.971486e-01 6.552510e-01 6.093125e-01 5.596163e-01 5.064687e-01 4.501972e-01 3.911487e-01 3.296870e-01 2.661910e-01 2.010520e-01 1.346714e-01 6.745840e-02 -1.727757e-04 -6.780527e-02 -1.350222e-01 -2.014092e-01 -2.665571e-01 -3.300641e-01 -3.915387e-01 -4.506018e-01 -5.068891e-01 -5.600536e-01 -6.097671e-01 -6.557229e-01 -6.976376e-01 -7.352524e-01 -7.683351e-01 -7.966815e-01 -8.201166e-01 -8.384957e-01 -8.517053e-01 -8.596639e-01 -8.623222e-01 
8.371257e-01 8.345448e-01 8.268178e-01 8.139923e-01 7.961476e-01 7.733935e-01 7.458703e-01 7.137477e-01 6.772238e-01 6.365235e-01 5.918979e-01 5.436218e-01 4.919930e-01 4.373296e-01 3.799685e-01 3.202632e-01 2.585817e-01 1.953041e-01 1.308204e-01 6.552815e-02 -1.703596e-04 -6.587014e-02 -1.311662e-01 -1.956561e-01 -2.589422e-01 -3.206343e-01 -3.803521e-01 -4.377272e-01 -4.924059e-01 -5.440509e-01 -5.923436e-01 -6.369860e-01 -6.777027e-01 -7.142423e-01 -7.463794e-01 -7.739156e-01 -7.966809e-01 -8.145347e-01 -8.273667e-01 -8.350978e-01 -8.376801e-01 
8.073348e-01 8.048457e-01 7.973936e-01 7.850246e-01 7.678148e-01 7.458704e-01 7.193267e-01 6.883472e-01 6.531229e-01 6.138709e-01 5.708332e-01 5.242750e-01 4.744833e-01 4.217650e-01 3.664450e-01 3.088641e-01 2.493774e-01 1.883514e-01 1.261623e-01 6.319324e-02 -1.675333e-04 -6.352953e-02 -1.265022e-01 -1.886973e-01 -2.497314e-01 -3.092283e-01 -3.668210e-01 -4.221545e-01 -4.748874e-01 -5.246945e-01 -5.712686e-01 -6.143223e-01 -6.535900e-01 -6.888292e-01 -7.198226e-01 -7.463788e-01 -7.683338e-01 -7.855522e-01 -7.979275e-01 -8.053834e-01 -8.078738e-01 
7.725655e-01 7.701836e-01 7.630524e-01 7.512161e-01 7.347474e-01 7.137480e-01 6.883473e-01 6.587019e-01 6.249945e-01 5.874328e-01 5.462484e-01 5.016951e-01 4.540475e-01 4.035993e-01 3.506614e-01 2.955601e-01 2.386350e-01 1.802368e-01 1.207256e-01 6.046804e-02 -1.643675e-04 -6.079793e-02 -1.210589e-01 -1.805758e-01 -2.389817e-01 -2.959164e-01 -3.510291e-01 -4.039797e-01 -4.544417e-01 -5.021040e-01 -5.466723e-01 -5.878719e-01 -6.254484e-01 -6.591700e-01 -6.888285e-01 -7.142410e-01 -7.352504e-01 -7.517272e-01 -7.635695e-01 -7.707042e-01 -7.730874e-01 
7.330322e-01 7.307721e-01 7.240059e-01 7.127752e-01 6.971492e-01 6.772243e-01 6.531232e-01 6.249947e-01 5.930119e-01 5.573721e-01 5.182950e-01 4.760213e-01 4.308116e-01 3.829446e-01 3.327152e-01 2.804331e-01 2.264205e-01 1.710102e-01 1.145438e-01 5.736927e-02 -1.609412e-04 -5.769224e-02 -1.148700e-01 -1.713417e-01 -2.267593e-01 -2.807810e-01 -3.330738e-01 -3.833151e-01 -4.311951e-01 -4.764186e-01 -5.187065e-01 -5.577979e-01 -5.934516e-01 -6.254476e-01 -6.535885e-01 -6.777006e-01 -6.976349e-01 -7.132685e-01 -7.245048e-01 -7.312745e-01 -7.335357e-01 
6.889786e-01 6.868543e-01 6.804947e-01 6.699388e-01 6.552518e-01 6.365243e-01 6.138715e-01 5.874332e-01 5.573724e-01 5.238742e-01 4.871452e-01 4.474117e-01 4.049187e-01 3.599280e-01 3.127169e-01 2.635763e-01 2.128092e-01 1.607284e-01 1.076550e-01 5.391599e-02 -1.573395e-04 -5.423169e-02 -1.079737e-01 -1.610522e-01 -2.131397e-01 -2.639153e-01 -3.130658e-01 -3.602882e-01 -4.052911e-01 -4.477970e-01 -4.875437e-01 -5.242860e-01 -5.577971e-01 -5.878704e-01 -6.143202e-01 -6.369832e-01 -6.557195e-01 -6.704136e-01 -6.809747e-01 -6.873375e-01 -6.894628e-01 
6.406761e-01 6.387008e-01 6.327870e-01 6.229711e-01 6.093137e-01 5.918989e-01 5.708341e-01 5.462491e-01 5.182955e-01 4.871455e-01 4.529911e-01 4.160428e-01 3.765284e-01 3.346914e-01 2.907896e-01 2.450936e-01 1.978850e-01 1.494549e-01 1.001016e-01 5.012943e-02 -1.536517e-04 -5.043768e-02 -1.004127e-01 -1.497706e-01 -1.982071e-01 -2.454235e-01 -2.911288e-01 -3.350410e-01 -3.768894e-01 -4.164157e-01 -4.533762e-01 -4.875430e-01 -5.187050e-01 -5.466702e-01 -5.712658e-01 -5.923401e-01 -6.097630e-01 -6.234270e-01 -6.332477e-01 -6.391645e-01 -6.411408e-01 
5.884227e-01 5.866084e-01 5.811769e-01 5.721615e-01 5.596178e-01 5.436232e-01 5.242762e-01 5.016961e-01 4.760221e-01 4.474123e-01 4.160431e-01 3.821079e-01 3.458157e-01 3.073904e-01 2.670686e-01 2.250989e-01 1.817399e-01 1.372589e-01 9.193013e-02 4.603286e-02 -1.499686e-04 -4.633367e-02 -9.223356e-02 -1.375667e-01 -1.820535e-01 -2.254197e-01 -2.673980e-01 -3.077294e-01 -3.461653e-01 -3.824685e-01 -4.164150e-01 -4.477956e-01 -4.764165e-01 -5.021012e-01 -5.246911e-01 -5.440468e-01 -5.600489e-01 -5.725986e-01 -5.816184e-01 -5.870527e-01 -5.888679e-01 
5.325402e-01 5.308982e-01 5.259824e-01 5.178231e-01 5.064706e-01 4.919948e-01 4.744849e-01 4.540489e-01 4.308127e-01 4.049196e-01 3.765290e-01 3.458161e-01 3.129699e-01 2.781931e-01 2.416999e-01 2.037153e-01 1.644733e-01 1.242158e-01 8.319087e-02 4.165147e-02 -1.463809e-04 -4.194505e-02 -8.348685e-02 -1.245157e-01 -1.647786e-01 -2.040274e-01 -2.420199e-01 -2.785220e-01 -3.133084e-01 -3.461647e-01 -3.768881e-01 -4.052891e-01 -4.311925e-01 -4.544384e-01 -4.748834e-01 -4.924013e-01 -5.068840e-01 -5.182421e-01 -5.264055e-01 -5.313237e-01 -5.329666e-01 
4.733732e-01 4.719136e-01 4.675439e-01 4.602910e-01 4.501995e-01 4.373317e-01 4.217670e-01 4.036011e-01 3.829461e-01 3.599292e-01 3.346923e-01 3.073910e-01 2.781935e-01 2.472796e-01 2.148401e-01 1.810747e-01 1.461915e-01 1.104057e-01 7.393764e-02 3.701222e-02 -1.429763e-04 -3.729892e-02 -7.422655e-02 -1.106982e-01 -1.464891e-01 -1.813784e-01 -2.151510e-01 -2.475988e-01 -2.785214e-01 -3.077283e-01 -3.350392e-01 -3.602857e-01 -3.833119e-01 -4.039759e-01 -4.221500e-01 -4.377222e-01 -4.505962e-01 -4.606928e-01 -4.679494e-01 -4.723214e-01 -4.737817e-01 
4.112862e-01 4.100180e-01 4.062213e-01 3.999195e-01 3.911514e-01 3.799710e-01 3.664473e-01 3.506636e-01 3.327171e-01 3.127184e-01 2.907909e-01 2.670695e-01 2.417006e-01 2.148404e-01 1.866544e-01 1.573165e-01 1.270073e-01 9.591376e-02 6.422743e-02 3.214364e-02 -1.398378e-04 -3.242400e-02 -6.450983e-02 -9.619951e-02 -1.272977e-01 -1.576125e-01 -1.869571e-01 -2.151506e-01 -2.420189e-01 -2.673964e-01 -2.911266e-01 -3.130629e-01 -3.330702e-01 -3.510249e-01 -3.668162e-01 -3.803467e-01 -3.915328e-01 -4.003056e-01 -4.066108e-01 -4.104096e-01 -4.116785e-01 
3.466620e-01 3.455930e-01 3.423927e-01 3.370809e-01 3.296902e-01 3.202662e-01 3.088669e-01 2.955627e-01 2.804354e-01 2.635783e-01 2.450952e-01 2.251001e-01 2.037162e-01 1.810753e-01 1.573168e-01 1.325872e-01 1.070389e-01 8.082932e-02 5.412005e-02 2.707570e-02 -1.370418e-04 -2.735041e-02 -5.439665e-02 -8.110901e-02 -1.073228e-01 -1.328763e-01 -1.576121e-01 -1.813775e-01 -2.040260e-01 -2.254178e-01 -2.454209e-01 -2.639121e-01 -2.807771e-01 -2.959120e-01 -3.092232e-01 -3.206287e-01 -3.300580e-01 -3.374530e-01 -3.427680e-01 -3.459702e-01 -3.470398e-01 
2.798987e-01 2.790356e-01 2.764515e-01 2.721624e-01 2.661947e-01 2.585851e-01 2.493806e-01 2.386379e-01 2.264231e-01 2.128115e-01 1.978870e-01 1.817415e-01 1.644745e-01 1.461924e-01 1.270079e-01 1.070392e-01 8.640924e-02 6.524529e-02 4.367776e-02 2.183958e-02 -1.346559e-04 -2.210948e-02 -4.394941e-02 -6.551981e-02 -8.668767e-02 -1.073225e-01 -1.272969e-01 -1.464879e-01 -1.647769e-01 -1.820512e-01 -1.982042e-01 -2.131363e-01 -2.267552e-01 -2.389770e-01 -2.497262e-01 -2.589365e-01 -2.665510e-01 -2.725226e-01 -2.768146e-01 -2.794005e-01 -2.802642e-01 
2.114079e-01 2.107559e-01 2.088039e-01 2.055640e-01 2.010561e-01 1.953080e-01 1.883551e-01 1.802401e-01 1.710132e-01 1.607311e-01 1.494572e-01 1.372608e-01 1.242173e-01 1.104068e-01 9.591457e-02 8.082982e-02 6.524552e-02 4.925770e-02 3.296489e-02 1.646752e-02 -1.327379e-04 -1.673355e-02 -3.323256e-02 -4.952806e-02 -6.551956e-02 -8.110843e-02 -9.619854e-02 -1.106968e-01 -1.245138e-01 -1.375642e-01 -1.497676e-01 -1.610486e-01 -1.713376e-01 -1.805711e-01 -1.886921e-01 -1.956504e-01 -2.014031e-01 -2.059148e-01 -2.091574e-01 -2.111110e-01 -2.117636e-01 
1.416116e-01 1.411748e-01 1.398670e-01 1.376963e-01 1.346760e-01 1.308248e-01 1.261663e-01 1.207293e-01 1.145471e-01 1.076580e-01 1.001042e-01 9.193227e-02 8.319261e-02 7.393900e-02 6.422843e-02 5.412073e-02 4.367816e-02 3.296506e-02 2.204745e-02 1.099261e-02 -1.313340e-04 -1.125580e-02 -2.231221e-02 -3.323238e-02 -4.394898e-02 -5.439590e-02 -6.450870e-02 -7.422499e-02 -8.348481e-02 -9.223101e-02 -1.004096e-01 -1.079701e-01 -1.148659e-01 -1.210542e-01 -1.264970e-01 -1.311607e-01 -1.350163e-01 -1.380401e-01 -1.402134e-01 -1.415227e-01 -1.419601e-01 
7.094000e-02 7.072104e-02 7.006549e-02 6.897739e-02 6.746342e-02 6.553288e-02 6.319765e-02 6.047207e-02 5.737291e-02 5.391921e-02 5.013221e-02 4.603520e-02 4.165339e-02 3.701373e-02 3.214478e-02 2.707650e-02 2.184009e-02 1.646780e-02 1.099271e-02 5.448566e-03 -1.304779e-04 -5.710031e-03 -1.125569e-02 -1.673326e-02 -2.210894e-02 -2.734957e-02 -3.242280e-02 -3.729730e-02 -4.194297e-02 -4.633112e-02 -5.043463e-02 -5.422814e-02 -5.768819e-02 -6.079340e-02 -6.352456e-02 -6.586478e-02 -6.779957e-02 -6.931697e-02 -7.040759e-02 -7.106467e-02 -7.128415e-02 
-1.713382e-04 -1.710834e-04 -1.703253e-04 -1.690829e-04 -1.673872e-04 -1.652808e-04 -1.628162e-04 -1.600548e-04 -1.570651e-04 -1.539215e-04 -1.507015e-04 -1.474845e-04 -1.443498e-04 -1.413741e-04 -1.386301e-04 -1.361849e-04 -1.340979e-04 -1.324197e-04 -1.311912e-04 -1.304420e-04 -1.301902e-04 -1.304420e-04 -1.311912e-04 -1.324197e-04 -1.340979e-04 -1.361849e-04 -1.386301e-04 -1.413741e-04 -1.443498e-04 -1.474845e-04 -1.507015e-04 -1.539215e-04 -1.570651e-04 -1.600548e-04 -1.628162e-04 -1.652808e-04 -1.673872e-04 -1.690829e-04 -1.703253e-04 -1.710834e-04 -1.713382e-04 
-7.128415e-02 -7.106467e-02 -7.040759e-02 -6.931697e-02 -6.779957e-02 -6.586478e-02 -6.352456e-02 -6.079340e-02 -5.768819e-02 -5.422814e-02 -5.043463e-02 -4.633112e-02 -4.194297e-02 -3.729730e-02 -3.242280e-02 -2.734957e-02 -2.210894e-02 -1.673326e-02 -1.125569e-02 -5.710031e-03 -1.304779e-04 5.448566e-03 1.099271e-02 1.646780e-02 2.184009e-02 2.707650e-02 3.214478e-02 3.701373e-02 4.165339e-02 4.603520e-02 5.013221e-02 5.391921e-02 5.737291e-02 6.047207e-02 6.319765e-02 6.553288e-02 6.746342e-02 6.897739e-02 7.006549e-02 7.072104e-02 7.094000e-02 
-1.419601e-01 -1.415227e-01 -1.402134e-01 -1.380401e-01 -1.350163e-01 -1.311607e-01 -1.264970e-01 -1.210542e-01 -1.148659e-01 -1.079701e-01 -1.004096e-01 -9.223101e-02 -8.348481e-02 -7.422499e-02 -6.450870e-02 -5.439590e-02 -4.394898e-02 -3.323238e-02 -2.231221e-02 -1.125580e-02 -1.313340e-04 1.099261e-02 2.204745e-02 3.296506e-02 4.367816e-02 5.412073e-02 6.422843e-02 7.393900e-02 8.319261e-02 9.193227e-02 1.001042e-01 1.076580e-01 1.145471e-01 1.207293e-01 1.261663e-01 1.308248e-01 1.346760e-01 1.376963e-01 1.398670e-01 1.411748e-01 1.416116e-01 
-2.117636e-01 -2.111110e-01 -2.091574e-01 -2.059148e-01 -2.014031e-01 -1.956504e-01 -1.886921e-01 -1.805711e-01 -1.713376e-01 -1.610486e-01 -1.497676e-01 -1.375642e-01 -1.245138e-01 -1.106968e-01 -9.619854e-02 -8.110843e-02 -6.551956e-02 -4.952806e-02 -3.323256e-02 -1.673355e-02 -1.327379e-04 1.646752e-02 3.296489e-02 4.925770e-02 6.524552e-02 8.082982e-02 9.591457e-02 1.104068e-01 1.242173e-01 1.372608e-01 1.494572e-01 1.607311e-01 1.710132e-01 1.802401e-01 1.883551e-01 1.953080e-01 2.010561e-01 2.055640e-01 2.088039e-01 2.107559e-01 2.114079e-01 
-2.802642e-01 -2.794005e-01 -2.768146e-01 -2.725226e-01 -2.665510e-01 -2.589365e-01 -2.497262e-01 -2.389770e-01 -2.267552e-01 -2.131363e-01 -1.982042e-01 -1.820512e-01 -1.647769e-01 -1.464879e-01 -1.272969e-01 -1.073225e-01 -8.668767e-02 -6.551981e-02 -4.394941e-02 -2.210948e-02 -1.346559e-04 2.183958e-02 4.367776e-02 6.524529e-02 8.640924e-02 1.070392e-01 1.270079e-01 1.461924e-01 1.644745e-01 1.817415e-01 1.978870e-01 2.128115e-01 2.264231e-01 2.386379e-01 2.493806e-01 2.585851e-01 2.661947e-01 2.721624e-01 2.764515e-01 2.790356e-01 2.798987e-01 
-3.470398e-01 -3.459702e-01 -3.427680e-01 -3.374530e-01 -3.300580e-01 -3.206287e-01 -3.092232e-01 -2.959120e-01 -2.807771e-01 -2.639121e-01 -2.454209e-01 -2.254178e-01 -2.040260e-01 -1.813775e-01 -1.576121e-01 -1.328763e-01 -1.073228e-01 -8.110901e-02 -5.439665e-02 -2.735041e-02 -1.370418e-04 2.707570e-02 5.412005e-02 8.082932e-02 1.070389e-01 1.325872e-01 1.573168e-01 1.810753e-01 2.037162e-01 2.251001e-01 2.450952e-01 2.635783e-01 2.804354e-01 2.955627e-01 3.088669e-01 3.202662e-01 3.296902e-01 3.370809e-01 3.423927e-01 3.455930e-01 3.466620e-01 
-4.116785e-01 -4.104096e-01 -4.066108e-01 -4.003056e-01 -3.915328e-01 -3.803467e-01 -3.668162e-01 -3.510249e-01 -3.330702e-01 -3.130629e-01 -2.911266e-01 -2.673964e-01 -2.420189e-01 -2.151506e-01 -1.869571e-01 -1.576125e-01 -1.272977e-01 -9.619951e-02 -6.450983e-02 -3.242400e-02 -1.398378e-04 3.214364e-02 6.422743e-02 9.591376e-02 1.270073e-01 1.573165e-01 1.866544e-01 2.148404e-01 2.417006e-01 2.670695e-01 2.907909e-01 3.127184e-01 3.327171e-01 3.506636e-01 3.664473e-01 3.799710e-01 3.911514e-01 3.999195e-01 4.062213e-01 4.100180e-01 4.112862e-01 
-4.737817e-01 -4.723214e-01 -4.679494e-01 -4.606928e-01 -4.505962e-01 -4.377222e-01 -4.221500e-01 -4.039759e-01 -3.833119e-01 -3.602857e-01 -3.350392e-01 -3.077283e-01 -2.785214e-01 -2.475988e-01 -2.151510e-01 -1.813784e-01 -1.464891e-01 -1.106982e-01 -7.422655e-02 -3.729892e-02 -1.429763e-04 3.701222e-02 7.393764e-02 1.104057e-01 1.461915e-01 1.810747e-01 2.148401e-01 2.472796e-01 2.781935e-01 3.073910e-01 3.346923e-01 3.599292e-01 3.829461e-01 4.036011e-01 4.217670e-01 4.373317e-01 4.501995e-01 4.602910e-01 4.675439e-01 4.719136e-01 4.733732e-01 
-5.329666e-01 -5.313237e-01 -5.264055e-01 -5.182421e-01 -5.068840e-01 -4.924013e-01 -4.748834e-01 -4.544384e-01 -4.311925e-01 -4.052891e-01 -3.768881e-01 -3.461647e-01 -3.133084e-01 -2.785220e-01 -2.420199e-01 -2.040274e-01 -1.647786e-01 -1.245157e-01 -8.348685e-02 -4.194505e-02 -1.463809e-04 4.165147e-02 8.319087e-02 1.242158e-01 1.644733e-01 2.037153e-01 2.416999e-01 2.781931e-01 3.129699e-01 3.458161e-01 3.765290e-01 4.049196e-01 4.308127e-01 4.540489e-01 4.744849e-01 4.919948e-01 5.064706e-01 5.178231e-01 5.259824e-01 5.308982e-01 5.325402e-01 
-5.888679e-01 -5.870527e-01 -5.816184e-01 -5.725986e-01 -5.600489e-01 -5.440468e-01 -5.246911e-01 -5.021012e-01 -4.764165e-01 -4.477956e-01 -4.164150e-01 -3.824685e-01 -3.461653e-01 -3.077294e-01 -2.673980e-01 -2.254197e-01 -1.820535e-01 -1.375667e-01 -9.223356e-02 -4.633367e-02 -1.499686e-04 4.603286e-02 9.193013e-02 1.372589e-01 1.817399e-01 2.250989e-01 2.670686e-01 3.073904e-01 3.458157e-01 3.821079e-01 4.160431e-01 4.474123e-01 4.760221e-01 5.016961e-01 5.242762e-01 5.436232e-01 5.596178e-01 5.721615e-01 5.811769e-01 5.866084e-01 5.884227e-01 
-6.411408e-01 -6.391645e-01 -6.332477e-01 -6.234270e-01 -6.097630e-01 -5.923401e-01 -5.712658e-01 -5.466702e-01 -5.187050e-01 -4.875430e-01 -4.533762e-01 -4.164157e-01 -3.768894e-01 -3.350410e-01 -2.911288e-01 -2.454235e-01 -1.982071e-01 -1.497706e-01 -1.004127e-01 -5.043768e-02 -1.536517e-04 5.012943e-02 1.001016e-01 1.494549e-01 1.978850e-01 2.450936e-01 2.907896e-01 3.346914e-01 3.765284e-01 4.160428e-01 4.529911e-01 4.871455e-01 5.182955e-01 5.462491e-01 5.708341e-01 5.918989e-01 6.093137e-01 6.229711e-01 6.327870e-01 6.387008e-01 6.406761e-01 
-6.894628e-01 -6.873375e-01 -6.809747e-01 -6.704136e-01 -6.557195e-01 -6.369832e-01 -6.143202e-01 -5.878704e-01 -5.577971e-01 -5.242860e-01 -4.875437e-01 -4.477970e-01 -4.052911e-01 -3.602882e-01 -3.130658e-01 -2.639153e-01 -2.131397e-01 -1.610522e-01 -1.079737e-01 -5.423169e-02 -1.573395e-04 5.391599e-02 1.076550e-01 1.607284e-01 2.128092e-01 2.635763e-01 3.127169e-01 3.599280e-01 4.049187e-01 4.474117e-01 4.871452e-01 5.238742e-01 5.573724e-01 5.874332e-01 6.138715e-01 6.365243e-01 6.552518e-01 6.699388e-01 6.804947e-01 6.868543e-01 6.889786e-01 
-7.335357e-01 -7.312745e-01 -7.245048e-01 -7.132685e-01 -6.976349e-01 -6.777006e-01 -6.535885e-01 -6.254476e-01 -5.934516e-01 -5.577979e-01 -5.187065e-01 -4.764186e-01 -4.311951e-01 -3.833151e-01 -3.330738e-01 -2.807810e-01 -2.267593e-01 -1.713417e-01 -1.148700e-01 -5.769224e-02 -1.609412e-04 5.736927e-02 1.145438e-01 1.710102e-01 2.264205e-01 2.804331e-01 3.327152e-01 3.829446e-01 4.308116e-01 4.760213e-01 5.182950e-01 5.573721e-01 5.930119e-01 6.249947e-01 6.531232e-01 6.772243e-01 6.971492e-01 7.127752e-01 7.240059e-01 7.307721e-01 7.330322e-01 
-7.730874e-01 -7.707042e-01 -7.635695e-01 -7.517272e-01 -7.352504e-01 -7.142410e-01 -6.888285e-01 -6.591700e-01 -6.254484e-01 -5.878719e-01 -5.466723e-01 -5.021040e-01 -4.544417e-01 -4.039797e-01 -3.510291e-01 -2.959164e-01 -2.389817e-01 -1.805758e-01 -1.210589e-01 -6.079793e-02 -1.643675e-04 6.046804e-02 1.207256e-01 1.802368e-01 2.386350e-01 2.955601e-01 3.506614e-01 4.035993e-01 4.540475e-01 5.016951e-01 5.462484e-01 5.874328e-01 6.249945e-01 6.587019e-01 6.883473e-01 7.137480e-01 7.347474e-01 7.512161e-01 7.630524e-01 7.701836e-01 7.725655e-01 
-8.078738e-01 -8.053834e-01 -7.979275e-01 -7.855522e-01 -7.683338e-01 -7.463788e-01 -7.198226e-01 -6.888292e-01 -6.535900e-01 -6.143223e-01 -5.712686e-01 -5.246945e-01 -4.748874e-01 -4.221545e-01 -3.668210e-01 -3.092283e-01 -2.497314e-01 -1.886973e-01 -1.265022e-01 -6.352953e-02 -1.675333e-04 6.319324e-02 1.261623e-01 1.883514e-01 2.493774e-01 3.088641e-01 3.664450e-01 4.217650e-01 4.744833e-01 5.242750e-01 5.708332e-01 6.138709e-01 6.531229e-01 6.883472e-01 7.193267e-01 7.458704e-01 7.678148e-01 7.850246e-01 7.973936e-01 8.048457e-01 8.073348e-01 
-8.376801e-01 -8.350978e-01 -8.273667e-01 -8.145347e-01 -7.966809e-01 -7.739156e-01 -7.463794e-01 -7.142423e-01 -6.777027e-01 -6.369860e-01 -5.923436e-01 -5.440509e-01 -4.924059e-01 -4.377272e-01 -3.803521e-01 -3.206343e-01 -2.589422e-01 -1.956561e-01 -1.311662e-01 -6.587014e-02 -1.703596e-04 6.552815e-02 1.308204e-01 1.953041e-01 2.585817e-01 3.202632e-01 3.799685e-01 4.373296e-01 4.919930e-01 5.436218e-01 5.918979e-01 6.365235e-01 6.772238e-01 7.137477e-01 7.458703e-01 7.733935e-01 7.961476e-01 8.139923e-01 8.268178e-01 8.345448e-01 8.371257e-01 
-8.623222e-01 -8.596639e-01 -8.517053e-01 -8.384957e-01 -8.201166e-01 -7.966815e-01 -7.683351e-01 -7.352524e-01 -6.976376e-01 -6.557229e-01 -6.097671e-01 -5.600536e-01 -5.068891e-01 -4.506018e-01 -3.915387e-01 -3.300641e-01 -2.665571e-01 -2.014092e-01 -1.350222e-01 -6.780527e-02 -1.727757e-04 6.745840e-02 1.346714e-01 2.010520e-01 2.661910e-01 3.296870e-01 3.911487e-01 4.501972e-01 5.064687e-01 5.596163e-01 6.093125e-01 6.552510e-01 6.971486e-01 7.347470e-01 7.678146e-01 7.961475e-01 8.195710e-01 8.379407e-01 8.511434e-01 8.590978e-01 8.617547e-01 
-8.816480e-01 -8.789301e-01 -8.707931e-01 -8.572873e-01 -8.384962e-01 -8.145358e-01 -7.855539e-01 -7.517296e-01 -7.132717e-01 -6.704175e-01 -6.234315e-01 -5.726037e-01 -5.182477e-01 -4.606987e-01 -4.003118e-01 -3.374594e-01 -2.725291e-01 -2.059212e-01 -1.380463e-01 -6.932294e-02 -1.747211e-04 6.897214e-02 1.376915e-01 2.055597e-01 2.721585e-01 3.370776e-01 3.999167e-01 4.602885e-01 5.178211e-01 5.721599e-01 6.229698e-01 6.699379e-01 7.127745e-01 7.512156e-01 7.850243e-01 8.139922e-01 8.379406e-01 8.567221e-01 8.702207e-01 8.783533e-01 8.810698e-01 
-8.955380e-01 -8.927772e-01 -8.845120e-01 -8.707935e-01 -8.517062e-01 -8.273682e-01 -7.979296e-01 -7.635723e-01 -7.245083e-01 -6.809789e-01 -6.332525e-01 -5.816239e-01 -5.264114e-01 -4.679557e-01 -4.066174e-01 -3.427747e-01 -2.768214e-01 -2.091640e-01 -1.402198e-01 -7.041376e-02 -1.761467e-04 7.006008e-02 1.398620e-01 2.087995e-01 2.764475e-01 3.423893e-01 4.062184e-01 4.675414e-01 5.259804e-01 5.811752e-01 6.327857e-01 6.804937e-01 7.240051e-01 7.630519e-01 7.973933e-01 8.268175e-01 8.511433e-01 8.702207e-01 8.839320e-01 8.921928e-01 8.949520e-01 
-9.039065e-01 -9.011199e-01 -8.927775e-01 -8.789307e-01 -8.596650e-01 -8.350994e-01 -8.053857e-01 -7.707073e-01 -7.312782e-01 -6.873419e-01 -6.391695e-01 -5.870583e-01 -5.313299e-01 -4.723279e-01 -4.104163e-01 -3.459770e-01 -2.794074e-01 -2.111178e-01 -1.415293e-01 -7.107096e-02 -1.770167e-04 7.071553e-02 1.411697e-01 2.107513e-01 2.790315e-01 3.455895e-01 4.100150e-01 4.719111e-01 5.308961e-01 5.866067e-01 6.386995e-01 6.868533e-01 7.307714e-01 7.701830e-01 8.048453e-01 8.345445e-01 8.590976e-01 8.783533e-01 8.921927e-01 9.005307e-01 9.033157e-01 
-9.067017e-01 -9.039066e-01 -8.955383e-01 -8.816486e-01 -8.623234e-01 -8.376818e-01 -8.078762e-01 -7.730905e-01 -7.335395e-01 -6.894673e-01 -6.411459e-01 -5.888736e-01 -5.329727e-01 -4.737883e-01 -4.116852e-01 -3.470467e-01 -2.802711e-01 -2.117704e-01 -1.419667e-01 -7.129048e-02 -1.773092e-04 7.093446e-02 1.416065e-01 2.114033e-01 2.798946e-01 3.466584e-01 4.112832e-01 4.733706e-01 5.325381e-01 5.884210e-01 6.406748e-01 6.889775e-01 7.330314e-01 7.725649e-01 8.073344e-01 8.371255e-01 8.617545e-01 8.810697e-01 8.949520e-01 9.033157e-01 9.061094e-01 
