9.083740e-01 8.971856e-01 8.638957e-01 8.093238e-01 7.348129e-01 6.421968e-01 5.337540e-01 4.121522e-01 2.803825e-01 1.416856e-01 -5.270745e-04 -1.427573e-01 -2.815055e-01 -4.133563e-01 -5.350620e-01 -6.436226e-01 -7.363593e-01 -8.109812e-01 -8.656428e-01 -8.989911e-01 -9.101998e-01 
8.971858e-01 8.861352e-01 8.532553e-01 7.993555e-01 7.257623e-01 6.342866e-01 5.271792e-01 4.070748e-01 2.769276e-01 1.399386e-01 -5.229416e-04 -1.410017e-01 -2.780412e-01 -4.082680e-01 -5.284745e-01 -6.356975e-01 -7.272913e-01 -8.009934e-01 -8.549812e-01 -8.879183e-01 -8.989888e-01 
8.638968e-01 8.532562e-01 8.215961e-01 7.696960e-01 6.988330e-01 6.107508e-01 5.076166e-01 3.919674e-01 2.666478e-01 1.347402e-01 -5.109832e-04 -1.357786e-01 -2.677340e-01 -3.931291e-01 -5.088750e-01 -6.121185e-01 -7.003123e-01 -7.712780e-01 -8.232610e-01 -8.549748e-01 -8.656341e-01 
8.093265e-01 7.993580e-01 7.696976e-01 7.210753e-01 6.546878e-01 5.721684e-01 4.755473e-01 3.672014e-01 2.497956e-01 1.262177e-01 -4.924631e-04 -1.272177e-01 -2.508395e-01 -3.683144e-01 -4.767488e-01 -5.734697e-01 -6.560907e-01 -7.225715e-01 -7.712689e-01 -8.009780e-01 -8.109635e-01 
7.348183e-01 7.257673e-01 6.988371e-01 6.546902e-01 5.944131e-01 5.194887e-01 4.317602e-01 3.333857e-01 2.267848e-01 1.145798e-01 -4.693063e-04 -1.155318e-01 -2.277759e-01 -3.344381e-01 -4.328910e-01 -5.207076e-01 -5.957216e-01 -6.560806e-01 -7.002933e-01 -7.272662e-01 -7.363320e-01 
6.422058e-01 6.342953e-01 6.107584e-01 5.721742e-01 5.194920e-01 4.540077e-01 3.773322e-01 2.913516e-01 1.981807e-01 1.001113e-01 -4.438665e-04 -1.010106e-01 -1.991138e-01 -2.923377e-01 -3.783859e-01 -4.551370e-01 -5.206980e-01 -5.734502e-01 -6.120905e-01 -6.356636e-01 -6.435867e-01 
5.337677e-01 5.271925e-01 5.076287e-01 4.755574e-01 4.317675e-01 3.773361e-01 3.136019e-01 2.421325e-01 1.646858e-01 8.316692e-02 -4.186633e-04 -8.401409e-02 -1.655616e-01 -2.430532e-01 -3.145796e-01 -3.783776e-01 -4.328734e-01 -4.767219e-01 -5.088401e-01 -5.284343e-01 -5.350199e-01 
4.121716e-01 4.070937e-01 3.919848e-01 3.672163e-01 3.333974e-01 2.913596e-01 2.421365e-01 1.869385e-01 1.271233e-01 6.416211e-02 -3.961263e-04 -6.496266e-02 -1.279480e-01 -1.878010e-01 -2.430468e-01 -2.923233e-01 -3.344150e-01 -3.682828e-01 -3.930903e-01 -4.082244e-01 -4.133110e-01 
2.804081e-01 2.769526e-01 2.666710e-01 2.498158e-01 2.268012e-01 1.981928e-01 1.646935e-01 1.271268e-01 8.641635e-02 4.356322e-02 -3.783730e-04 -4.432706e-02 -8.720081e-02 -1.279435e-01 -1.655510e-01 -1.990958e-01 -2.277500e-01 -2.508061e-01 -2.676944e-01 -2.779974e-01 -2.814602e-01 
1.417176e-01 1.399698e-01 1.347691e-01 1.262430e-01 1.146005e-01 1.001270e-01 8.317758e-02 6.416819e-02 4.356563e-02 2.187612e-02 -3.670355e-04 -2.261652e-02 -4.432443e-02 -6.495574e-02 -8.400150e-02 -1.009915e-01 -1.155057e-01 -1.271851e-01 -1.357407e-01 -1.409603e-01 -1.427147e-01 
-4.891597e-04 -4.860250e-04 -4.769424e-04 -4.628390e-04 -4.451422e-04 -4.256217e-04 -4.062020e-04 -3.887693e-04 -3.749923e-04 -3.661736e-04 -3.631398e-04 -3.661736e-04 -3.749923e-04 -3.887693e-04 -4.062020e-04 -4.256217e-04 -4.451422e-04 -4.628390e-04 -4.769424e-04 -4.860250e-04 -4.891597e-04 
-1.427147e-01 -1.409603e-01 -1.357407e-01 -1.271851e-01 -1.155057e-01 -1.009915e-01 -8.400150e-02 -6.495574e-02 -4.432443e-02 -2.261652e-02 -3.670355e-04 2.187612e-02 4.356563e-02 6.416819e-02 8.317758e-02 1.001270e-01 1.146005e-01 1.262430e-01 1.347691e-01 1.399698e-01 1.417176e-01 
-2.814602e-01 -2.779974e-01 -2.676944e-01 -2.508061e-01 -2.277500e-01 -1.990958e-01 -1.655510e-01 -1.279435e-01 -8.720081e-02 -4.432706e-02 -3.783730e-04 4.356322e-02 8.641635e-02 1.271268e-01 1.646935e-01 1.981928e-01 2.268012e-01 2.498158e-01 2.666710e-01 2.769526e-01 2.804081e-01 
-4.133110e-01 -4.082244e-01 -3.930903e-01 -3.682828e-01 -3.344150e-01 -2.923233e-01 -2.430468e-01 -1.878010e-01 -1.279480e-01 -6.496266e-02 -3.961263e-04 6.416211e-02 1.271233e-01 1.869385e-01 2.421365e-01 2.913596e-01 3.333974e-01 3.672163e-01 3.919848e-01 4.070937e-01 4.121716e-01 
-5.350199e-01 -5.284343e-01 -5.088401e-01 -4.767219e-01 -4.328734e-01 -3.783776e-01 -3.145796e-01 -2.430532e-01 -1.655616e-01 -8.401409e-02 -4.186633e-04 8.316692e-02 1.646858e-01 2.421325e-01 3.136019e-01 3.773361e-01 4.317675e-01 4.755574e-01 5.076287e-01 5.271925e-01 5.337677e-01 
-6.435867e-01 -6.356636e-01 -6.120905e-01 -5.734502e-01 -5.206980e-01 -4.551370e-01 -3.783859e-01 -2.923377e-01 -1.991138e-01 -1.010106e-01 -4.438665e-04 1.001113e-01 1.981807e-01 2.913516e-01 3.773322e-01 4.540077e-01 5.194920e-01 5.721742e-01 6.107584e-01 6.342953e-01 6.422058e-01 
-7.363320e-01 -7.272662e-01 -7.002933e-01 -6.560806e-01 -5.957216e-01 -5.207076e-01 -4.328910e-01 -3.344381e-01 -2.277759e-01 -1.155318e-01 -4.693063e-04 1.145798e-01 2.267848e-01 3.333857e-01 4.317602e-01 5.194887e-01 5.944131e-01 6.546902e-01 6.988371e-01 7.257673e-01 7.348183e-01 
-8.109635e-01 -8.009780e-01 -7.712689e-01 -7.225715e-01 -6.560907e-01 -5.734697e-01 -4.767488e-01 -3.683144e-01 -2.508395e-01 -1.272177e-01 -4.924631e-04 1.262177e-01 2.497956e-01 3.672014e-01 4.755473e-01 5.721684e-01 6.546878e-01 7.210753e-01 7.696976e-01 7.993580e-01 8.093265e-01 
-8.656341e-01 -8.549748e-01 -8.232610e-01 -7.712780e-01 -7.003123e-01 -6.121185e-01 -5.088750e-01 -3.931291e-01 -2.677340e-01 -1.357786e-01 -5.109832e-04 1.347402e-01 2.666478e-01 3.919674e-01 5.076166e-01 6.107508e-01 6.988330e-01 7.696960e-01 8.215961e-01 8.532562e-01 8.638968e-01 
-8.989888e-01 -8.879183e-01 -8.549812e-01 -8.009934e-01 -7.272913e-01 -6.356975e-01 -5.284745e-01 -4.082680e-01 -2.780412e-01 -1.410017e-01 -5.229416e-04 1.399386e-01 2.769276e-01 4.070748e-01 5.271792e-01 6.342866e-01 7.257623e-01 7.993555e-01 8.532553e-01 8.861352e-01 8.971858e-01 
-9.101998e-01 -8.989911e-01 -8.656428e-01 -8.109812e-01 -7.363593e-01 -6.436226e-01 -5.350620e-01 -4.133563e-01 -2.815055e-01 -1.427573e-01 -5.270745e-04 1.416856e-01 2.803825e-01 4.121522e-01 5.337540e-01 6.421968e-01 7.348129e-01 8.093238e-01 8.638957e-01 8.971856e-01 9.083740e-01 
