1.715789e-03 1.693263e-03 1.625844e-03 1.514030e-03 1.358693e-03 1.161177e-03 9.234411e-04 6.482446e-04 3.393223e-04 1.520975e-06 3.591340e-04 7.354292e-04 1.118983e-03 1.500258e-03 1.868564e-03 2.212120e-03 2.518296e-03 2.774183e-03 2.967558e-03 3.088189e-03 3.129207e-03 
1.691528e-03 1.669283e-03 1.602705e-03 1.492282e-03 1.338871e-03 1.143796e-03 9.089891e-04 6.371755e-04 3.320444e-04 1.615277e-06 3.578473e-04 7.295171e-04 1.108330e-03 1.484844e-03 1.848485e-03 2.187605e-03 2.489741e-03 2.742175e-03 2.932888e-03 3.051832e-03 3.092273e-03 
1.619010e-03 1.597608e-03 1.533549e-03 1.427289e-03 1.279639e-03 1.091861e-03 8.658057e-04 6.040917e-04 3.102695e-04 1.104683e-05 3.541094e-04 7.120198e-04 1.076744e-03 1.439134e-03 1.788949e-03 2.114950e-03 2.405159e-03 2.647419e-03 2.830300e-03 2.944290e-03 2.983033e-03 
1.499060e-03 1.479056e-03 1.419173e-03 1.319815e-03 1.181710e-03 1.006009e-03 7.944198e-04 5.493740e-04 2.741836e-04 2.683275e-05 3.482757e-04 6.836419e-04 1.025334e-03 1.364691e-03 1.692031e-03 1.996778e-03 2.267735e-03 2.493632e-03 2.663957e-03 2.770024e-03 2.806055e-03 
1.333109e-03 1.315047e-03 1.260964e-03 1.171187e-03 1.046320e-03 8.873437e-04 6.957487e-04 4.736877e-04 2.241254e-04 4.904120e-05 3.409048e-04 6.455159e-04 9.558905e-04 1.264046e-03 1.561077e-03 1.837302e-03 2.082561e-03 2.286726e-03 2.440450e-03 2.536073e-03 2.568537e-03 
1.123268e-03 1.107677e-03 1.060970e-03 9.833636e-04 8.752897e-04 7.374893e-04 5.711449e-04 3.780255e-04 1.606278e-04 7.770650e-05 3.327078e-04 5.991399e-04 8.708038e-04 1.140584e-03 1.400544e-03 1.642100e-03 1.856322e-03 2.034406e-03 2.168311e-03 2.251517e-03 2.279749e-03 
8.724214e-04 8.598061e-04 8.219774e-04 7.590088e-04 6.710947e-04 5.586525e-04 4.224524e-04 2.637586e-04 8.446761e-05 1.127743e-04 3.244833e-04 5.462919e-04 7.729496e-04 9.983758e-04 1.215771e-03 1.417802e-03 1.596898e-03 1.745667e-03 1.857430e-03 1.926825e-03 1.950361e-03 
5.843012e-04 5.751373e-04 5.475990e-04 5.015700e-04 4.369350e-04 3.536876e-04 2.520645e-04 1.326910e-04 3.279164e-06 1.540404e-04 3.170404e-04 4.889265e-04 6.655422e-04 8.419811e-04 1.012705e-03 1.171730e-03 1.312899e-03 1.430245e-03 1.518422e-03 1.573171e-03 1.591739e-03 
2.635747e-04 2.582996e-04 2.423448e-04 2.153501e-04 1.768023e-04 1.261556e-04 6.297831e-05 1.288984e-05 1.011860e-04 2.010897e-04 3.111178e-04 4.290605e-04 5.519716e-04 6.762187e-04 7.975977e-04 9.115100e-04 1.013204e-03 1.098078e-03 1.162029e-03 1.201801e-03 1.215300e-03 
8.407978e-05 8.507686e-05 8.830223e-05 9.442598e-05 1.044615e-04 1.196246e-04 1.411628e-04 1.701744e-04 2.074348e-04 2.532444e-04 3.073078e-04 3.686582e-04 4.356375e-04 5.059386e-04 5.767096e-04 6.447131e-04 7.065349e-04 7.588347e-04 7.986194e-04 8.235132e-04 8.319872e-04 
4.519001e-04 4.482893e-04 4.378227e-04 4.215563e-04 4.011208e-04 3.785452e-04 3.560472e-04 3.358140e-04 3.197960e-04 3.095287e-04 3.059937e-04 3.095287e-04 3.197960e-04 3.358140e-04 3.560472e-04 3.785452e-04 4.011208e-04 4.215563e-04 4.378227e-04 4.482893e-04 4.519001e-04 
8.319872e-04 8.235132e-04 7.986194e-04 7.588347e-04 7.065349e-04 6.447131e-04 5.767096e-04 5.059386e-04 4.356375e-04 3.686582e-04 3.073078e-04 2.532444e-04 2.074348e-04 1.701744e-04 1.411628e-04 1.196246e-04 1.044615e-04 9.442598e-05 8.830223e-05 8.507686e-05 8.407978e-05 
1.215300e-03 1.201801e-03 1.162029e-03 1.098078e-03 1.013204e-03 9.115100e-04 7.975977e-04 6.762187e-04 5.519716e-04 4.290605e-04 3.111178e-04 2.010897e-04 1.011860e-04 1.288984e-05 6.297831e-05 1.261556e-04 1.768023e-04 2.153501e-04 2.423448e-04 2.582996e-04 2.635747e-04 
1.591739e-03 1.573171e-03 1.518422e-03 1.430245e-03 1.312899e-03 1.171730e-03 1.012705e-03 8.419811e-04 6.655422e-04 4.889265e-04 3.170404e-04 1.540404e-04 3.279164e-06 1.326910e-04 2.520645e-04 3.536876e-04 4.369350e-04 5.015700e-04 5.475990e-04 5.751373e-04 5.843012e-04 
1.950361e-03 1.926825e-03 1.857430e-03 1.745667e-03 1.596898e-03 1.417802e-03 1.215771e-03 9.983758e-04 7.729496e-04 5.462919e-04 3.244833e-04 1.127743e-04 8.446761e-05 2.637586e-04 4.224524e-04 5.586525e-04 6.710947e-04 7.590088e-04 8.219774e-04 8.598061e-04 8.724214e-04 
2.279749e-03 2.251517e-03 2.168311e-03 2.034406e-03 1.856322e-03 1.642100e-03 1.400544e-03 1.140584e-03 8.708038e-04 5.991399e-04 3.327078e-04 7.770650e-05 1.606278e-04 3.780255e-04 5.711449e-04 7.374893e-04 8.752897e-04 9.833636e-04 1.060970e-03 1.107677e-03 1.123268e-03 
2.568537e-03 2.536073e-03 2.440450e-03 2.286726e-03 2.082561e-03 1.837302e-03 1.561077e-03 1.264046e-03 9.558905e-04 6.455159e-04 3.409048e-04 4.904120e-05 2.241254e-04 4.736877e-04 6.957487e-04 8.873437e-04 1.046320e-03 1.171187e-03 1.260964e-03 1.315047e-03 1.333109e-03 
2.806055e-03 2.770024e-03 2.663957e-03 2.493632e-03 2.267735e-03 1.996778e-03 1.692031e-03 1.364691e-03 1.025334e-03 6.836419e-04 3.482757e-04 2.683275e-05 2.741836e-04 5.493740e-04 7.944198e-04 1.006009e-03 1.181710e-03 1.319815e-03 1.419173e-03 1.479056e-03 1.499060e-03 
2.983033e-03 2.944290e-03 2.830300e-03 2.647419e-03 2.405159e-03 2.114950e-03 1.788949e-03 1.439134e-03 1.076744e-03 7.120198e-04 3.541094e-04 1.104683e-05 3.102695e-04 6.040917e-04 8.658057e-04 1.091861e-03 1.279639e-03 1.427289e-03 1.533549e-03 1.597608e-03 1.619010e-03 
3.092273e-03 3.051832e-03 2.932888e-03 2.742175e-03 2.489741e-03 2.187605e-03 1.848485e-03 1.484844e-03 1.108330e-03 7.295171e-04 3.578473e-04 1.615277e-06 3.320444e-04 6.371755e-04 9.089891e-04 1.143796e-03 1.338871e-03 1.492282e-03 1.602705e-03 1.669283e-03 1.691528e-03 
3.129207e-03 3.088189e-03 2.967558e-03 2.774183e-03 2.518296e-03 2.212120e-03 1.868564e-03 1.500258e-03 1.118983e-03 7.354292e-04 3.591340e-04 1.520975e-06 3.393223e-04 6.482446e-04 9.234411e-04 1.161177e-03 1.358693e-03 1.514030e-03 1.625844e-03 1.693263e-03 1.715789e-03 
