2.778992e-03 2.769233e-03 2.740014e-03 2.691510e-03 2.624007e-03 2.537895e-03 2.433662e-03 2.311879e-03 2.173197e-03 2.018329e-03 1.848044e-03 1.663156e-03 1.464519e-03 1.253025e-03 1.029596e-03 7.951914e-04 5.508071e-04 2.974840e-04 3.631492e-05 2.315455e-04 5.048707e-04 7.823509e-04 1.062584e-03 1.344065e-03 1.625182e-03 1.904212e-03 2.179321e-03 2.448570e-03 2.709929e-03 2.961290e-03 3.200495e-03 3.425363e-03 3.633728e-03 3.823476e-03 3.992594e-03 4.139210e-03 4.261647e-03 4.358460e-03 4.428478e-03 4.470841e-03 4.485022e-03 
2.769318e-03 2.759593e-03 2.730475e-03 2.682137e-03 2.614865e-03 2.529046e-03 2.425166e-03 2.303795e-03 2.165578e-03 2.011226e-03 1.841505e-03 1.657225e-03 1.459239e-03 1.248433e-03 1.025729e-03 7.920809e-04 5.484839e-04 2.959758e-04 3.564711e-05 2.313502e-04 5.037920e-04 7.803716e-04 1.059690e-03 1.340245e-03 1.620431e-03 1.898527e-03 2.172706e-03 2.441035e-03 2.701491e-03 2.951974e-03 3.190334e-03 3.414398e-03 3.622010e-03 3.811066e-03 3.979561e-03 4.125634e-03 4.247613e-03 4.344061e-03 4.413815e-03 4.456017e-03 4.470144e-03 
2.740362e-03 2.730737e-03 2.701920e-03 2.654080e-03 2.587498e-03 2.502557e-03 2.399734e-03 2.279591e-03 2.142765e-03 1.989957e-03 1.821923e-03 1.639464e-03 1.443423e-03 1.234677e-03 1.014139e-03 7.827566e-04 5.415151e-04 2.914455e-04 3.363080e-05 2.307844e-04 5.005840e-04 7.744698e-04 1.051052e-03 1.328841e-03 1.606241e-03 1.881547e-03 2.152947e-03 2.418529e-03 2.676288e-03 2.924148e-03 3.159984e-03 3.381650e-03 3.587016e-03 3.774007e-03 3.940643e-03 4.085092e-03 4.205706e-03 4.301068e-03 4.370033e-03 4.411757e-03 4.425723e-03 
2.692320e-03 2.682861e-03 2.654541e-03 2.607525e-03 2.542086e-03 2.458597e-03 2.357525e-03 2.239416e-03 2.104894e-03 1.954644e-03 1.789405e-03 1.609963e-03 1.417145e-03 1.211814e-03 9.948678e-04 7.672396e-04 5.299028e-04 2.838754e-04 3.022784e-05 2.299081e-04 4.953296e-04 7.647529e-04 1.036804e-03 1.310012e-03 1.582802e-03 1.853492e-03 2.120299e-03 2.381339e-03 2.634643e-03 2.878172e-03 3.109842e-03 3.327551e-03 3.529213e-03 3.712798e-03 3.876373e-03 4.018147e-03 4.136511e-03 4.230086e-03 4.297752e-03 4.338688e-03 4.352390e-03 
2.625510e-03 2.616281e-03 2.588650e-03 2.542775e-03 2.478920e-03 2.397445e-03 2.298799e-03 2.183512e-03 2.052185e-03 1.905483e-03 1.744123e-03 1.568870e-03 1.380527e-03 1.179938e-03 9.679789e-04 7.455653e-04 5.136515e-04 2.732376e-04 2.537617e-05 2.288190e-04 4.881642e-04 7.513964e-04 1.017165e-03 1.284023e-03 1.550426e-03 1.814726e-03 2.075176e-03 2.329936e-03 2.577083e-03 2.814632e-03 3.040554e-03 3.252805e-03 3.449362e-03 3.628256e-03 3.787617e-03 3.925709e-03 4.040981e-03 4.132097e-03 4.197978e-03 4.237831e-03 4.251170e-03 
2.540363e-03 2.531426e-03 2.504669e-03 2.460242e-03 2.398398e-03 2.319478e-03 2.223912e-03 2.112207e-03 1.984940e-03 1.842746e-03 1.686316e-03 1.516387e-03 1.333735e-03 1.139177e-03 9.335624e-04 7.177826e-04 4.927678e-04 2.594945e-04 1.899208e-05 2.276497e-04 4.792721e-04 7.346391e-04 9.924297e-04 1.251231e-03 1.509536e-03 1.765739e-03 2.018142e-03 2.264959e-03 2.504327e-03 2.734325e-03 2.952994e-03 3.158367e-03 3.348494e-03 3.521486e-03 3.675546e-03 3.809013e-03 3.920399e-03 4.008428e-03 4.072069e-03 4.110563e-03 4.123446e-03 
2.437411e-03 2.428826e-03 2.403119e-03 2.360434e-03 2.301007e-03 2.225161e-03 2.133302e-03 2.025910e-03 1.903530e-03 1.766767e-03 1.616279e-03 1.452768e-03 1.276978e-03 1.089693e-03 8.917316e-04 6.839544e-04 4.672620e-04 2.426015e-04 1.097323e-05 2.265631e-04 4.688803e-04 7.147762e-04 9.629666e-04 1.212081e-03 1.460656e-03 1.707142e-03 1.949896e-03 2.187198e-03 2.417258e-03 2.638231e-03 2.848243e-03 3.045411e-03 3.227878e-03 3.393843e-03 3.541599e-03 3.669568e-03 3.776340e-03 3.860705e-03 3.921687e-03 3.958569e-03 3.970912e-03 
2.317272e-03 2.309095e-03 2.284606e-03 2.243940e-03 2.187317e-03 2.115038e-03 2.027481e-03 1.925095e-03 1.808392e-03 1.677940e-03 1.534357e-03 1.378309e-03 1.210501e-03 1.031677e-03 8.426218e-04 6.441573e-04 4.371490e-04 2.225092e-04 1.202348e-06 2.257480e-04 4.572530e-04 6.921512e-04 9.292035e-04 1.167088e-03 1.404398e-03 1.639643e-03 1.871250e-03 2.097574e-03 2.316906e-03 2.527492e-03 2.727550e-03 2.915299e-03 3.088981e-03 3.246896e-03 3.387437e-03 3.509119e-03 3.610618e-03 3.690799e-03 3.748747e-03 3.783789e-03 3.795516e-03 
2.180634e-03 2.172916e-03 2.149803e-03 2.111418e-03 2.057962e-03 1.989713e-03 1.907020e-03 1.810297e-03 1.700016e-03 1.576706e-03 1.440943e-03 1.293348e-03 1.134584e-03 9.653505e-04 7.863896e-04 5.984815e-04 4.024501e-04 1.991659e-04 1.044842e-05 2.254127e-04 4.446833e-04 6.671474e-04 8.916181e-04 1.116831e-03 1.341444e-03 1.564036e-03 1.783112e-03 1.997111e-03 2.204417e-03 2.403374e-03 2.592307e-03 2.769539e-03 2.933426e-03 3.082378e-03 3.214893e-03 3.329589e-03 3.425233e-03 3.500771e-03 3.555354e-03 3.588357e-03 3.599401e-03 
2.028238e-03 2.021029e-03 1.999438e-03 1.963578e-03 1.913630e-03 1.849846e-03 1.772542e-03 1.682094e-03 1.578936e-03 1.463550e-03 1.336466e-03 1.198257e-03 1.049537e-03 8.909575e-04 7.232117e-04 5.470321e-04 3.631946e-04 1.725217e-04 2.411278e-05 2.257791e-04 4.314862e-04 6.401776e-04 8.507269e-04 1.061936e-03 1.272534e-03 1.481178e-03 1.686461e-03 1.886916e-03 2.081026e-03 2.267243e-03 2.444004e-03 2.609751e-03 2.762953e-03 2.902141e-03 3.025924e-03 3.133027e-03 3.222315e-03 3.292815e-03 3.343749e-03 3.374542e-03 3.384846e-03 
1.860866e-03 1.854211e-03 1.834280e-03 1.801171e-03 1.755047e-03 1.696131e-03 1.624705e-03 1.541107e-03 1.445724e-03 1.338992e-03 1.221390e-03 1.093439e-03 9.556982e-04 8.087676e-04 6.532852e-04 4.899296e-04 3.194225e-04 1.425317e-04 3.992509e-05 2.270757e-04 4.179897e-04 6.116745e-04 8.070724e-04 1.003059e-03 1.198444e-03 1.391973e-03 1.582330e-03 1.768151e-03 1.948029e-03 2.120529e-03 2.284205e-03 2.437623e-03 2.579376e-03 2.708113e-03 2.822564e-03 2.921562e-03 3.004069e-03 3.069201e-03 3.116248e-03 3.144688e-03 3.154204e-03 
1.679329e-03 1.673271e-03 1.655125e-03 1.624978e-03 1.582969e-03 1.529295e-03 1.464201e-03 1.387983e-03 1.300981e-03 1.203580e-03 1.096206e-03 9.793220e-04 8.534311e-04 7.190733e-04 5.768273e-04 4.273116e-04 2.711872e-04 1.091601e-04 5.801504e-05 2.295315e-04 4.045270e-04 5.820809e-04 7.612122e-04 9.408787e-04 1.119978e-03 1.297349e-03 1.471781e-03 1.642014e-03 1.806757e-03 1.964695e-03 2.114506e-03 2.254881e-03 2.384540e-03 2.502256e-03 2.606877e-03 2.697347e-03 2.772728e-03 2.832224e-03 2.875192e-03 2.901164e-03 2.909854e-03 
1.484457e-03 1.479034e-03 1.462790e-03 1.435797e-03 1.398174e-03 1.350086e-03 1.291742e-03 1.223393e-03 1.145332e-03 1.057889e-03 9.614305e-04 8.563621e-04 7.431232e-04 6.221903e-04 4.940767e-04 3.593350e-04 2.185586e-04 7.238487e-05 7.850201e-05 2.333682e-04 3.914276e-04 5.518393e-04 7.137068e-04 8.760774e-04 1.037944e-03 1.198248e-03 1.355884e-03 1.509709e-03 1.658550e-03 1.801214e-03 1.936509e-03 2.063251e-03 2.180290e-03 2.286523e-03 2.380916e-03 2.462523e-03 2.530508e-03 2.584157e-03 2.622898e-03 2.646312e-03 2.654146e-03 
1.277093e-03 1.272341e-03 1.258106e-03 1.234445e-03 1.201456e-03 1.159271e-03 1.108061e-03 1.048033e-03 9.794261e-04 9.025146e-04 8.176054e-04 7.250386e-04 6.251872e-04 5.184587e-04 4.052959e-04 2.861787e-04 1.616269e-04 3.220203e-05 1.014895e-04 2.387945e-04 3.790103e-04 5.213835e-04 6.651095e-04 8.093323e-04 9.531469e-04 1.095602e-03 1.235707e-03 1.372434e-03 1.504735e-03 1.631543e-03 1.751794e-03 1.864434e-03 1.968439e-03 2.062830e-03 2.146691e-03 2.219184e-03 2.279569e-03 2.327216e-03 2.361620e-03 2.382412e-03 2.389368e-03 
1.058093e-03 1.054045e-03 1.041917e-03 1.021752e-03 9.936229e-04 9.576323e-04 9.139102e-04 8.626150e-04 8.039333e-04 7.380796e-04 6.652969e-04 5.858571e-04 5.000621e-04 4.082452e-04 3.107730e-04 2.080471e-04 1.005066e-04 1.136947e-05 1.270598e-04 2.459988e-04 3.675750e-04 4.911296e-04 6.159565e-04 7.413033e-04 8.663726e-04 9.903263e-04 1.112290e-03 1.231359e-03 1.346609e-03 1.457101e-03 1.561900e-03 1.660079e-03 1.750742e-03 1.833029e-03 1.906139e-03 1.969340e-03 2.021985e-03 2.063525e-03 2.093520e-03 2.111647e-03 2.117712e-03 
8.283254e-04 8.250117e-04 8.150805e-04 7.985609e-04 7.755020e-04 7.459722e-04 7.100604e-04 6.678757e-04 6.195484e-04 5.652310e-04 5.050989e-04 4.393519e-04 3.682163e-04 2.919462e-04 2.108263e-04 1.251737e-04 3.534075e-05 5.828294e-05 1.552680e-04 2.551437e-04 3.573963e-04 4.614682e-04 5.667584e-04 6.726231e-04 7.783780e-04 8.833017e-04 9.866401e-04 1.087613e-03 1.185420e-03 1.279253e-03 1.368302e-03 1.451768e-03 1.528876e-03 1.598885e-03 1.661105e-03 1.714905e-03 1.759727e-03 1.795100e-03 1.820643e-03 1.836082e-03 1.841247e-03 
5.886794e-04 5.861275e-04 5.784762e-04 5.657397e-04 5.479418e-04 5.251167e-04 4.973097e-04 4.645789e-04 4.269956e-04 3.846470e-04 3.376373e-04 2.860904e-04 2.301519e-04 1.699920e-04 1.058078e-04 3.782592e-05 3.369439e-05 1.084592e-04 1.861378e-04 2.663604e-04 3.487173e-04 4.327582e-04 5.179924e-04 6.038896e-04 6.898822e-04 7.753686e-04 8.597173e-04 9.422725e-04 1.022361e-03 1.099299e-03 1.172404e-03 1.240999e-03 1.304428e-03 1.362065e-03 1.413325e-03 1.457674e-03 1.494641e-03 1.523824e-03 1.544905e-03 1.557649e-03 1.561912e-03 
3.400718e-04 3.383069e-04 3.330116e-04 3.241841e-04 3.118220e-04 2.959237e-04 2.764894e-04 2.535231e-04 2.270346e-04 1.970424e-04 1.635758e-04 1.266781e-04 8.640990e-05 4.285181e-05 3.892027e-06 5.369100e-05 1.063851e-04 1.617822e-04 2.196558e-04 2.797433e-04 3.417444e-04 4.053210e-04 4.700968e-04 5.356589e-04 6.015592e-04 6.673179e-04 7.324269e-04 7.963547e-04 8.585531e-04 9.184629e-04 9.755228e-04 1.029177e-03 1.078883e-03 1.124125e-03 1.164419e-03 1.199321e-03 1.228443e-03 1.251451e-03 1.268080e-03 1.278137e-03 1.281502e-03 
8.345950e-05 8.250492e-05 7.963494e-05 7.483117e-05 6.806396e-05 5.929385e-05 4.847359e-05 3.555060e-05 2.046990e-05 3.177366e-06 1.637675e-05 3.823404e-05 6.242419e-05 8.896104e-05 1.178389e-04 1.490289e-04 1.824756e-04 2.180943e-04 2.557681e-04 2.953463e-04 3.366428e-04 3.794353e-04 4.234657e-04 4.684406e-04 5.140333e-04 5.598862e-04 6.056143e-04 6.508098e-04 6.950469e-04 7.378879e-04 7.788900e-04 8.176125e-04 8.536242e-04 8.865116e-04 9.158863e-04 9.413934e-04 9.627183e-04 9.795936e-04 9.918049e-04 9.991953e-04 1.001670e-03 
1.801462e-04 1.802695e-04 1.806512e-04 1.813274e-04 1.823565e-04 1.838179e-04 1.858089e-04 1.884418e-04 1.918401e-04 1.961346e-04 2.014585e-04 2.079432e-04 2.157136e-04 2.248832e-04 2.355500e-04 2.477921e-04 2.616640e-04 2.771928e-04 2.943761e-04 3.131790e-04 3.335329e-04 3.553345e-04 3.784457e-04 4.026941e-04 4.278747e-04 4.537517e-04 4.800623e-04 5.065194e-04 5.328173e-04 5.586358e-04 5.836466e-04 6.075194e-04 6.299281e-04 6.505576e-04 6.691105e-04 6.853136e-04 6.989240e-04 7.097345e-04 7.175787e-04 7.223348e-04 7.239285e-04 
4.496645e-04 4.489375e-04 4.467748e-04 4.432310e-04 4.383950e-04 4.323886e-04 4.253621e-04 4.174913e-04 4.089722e-04 4.000166e-04 3.908461e-04 3.816868e-04 3.727639e-04 3.642958e-04 3.564891e-04 3.495338e-04 3.435985e-04 3.388267e-04 3.353338e-04 3.332038e-04 3.324881e-04 3.332038e-04 3.353338e-04 3.388267e-04 3.435985e-04 3.495338e-04 3.564891e-04 3.642958e-04 3.727639e-04 3.816868e-04 3.908461e-04 4.000166e-04 4.089722e-04 4.174913e-04 4.253621e-04 4.323886e-04 4.383950e-04 4.432310e-04 4.467748e-04 4.489375e-04 4.496645e-04 
7.239285e-04 7.223348e-04 7.175787e-04 7.097345e-04 6.989240e-04 6.853136e-04 6.691105e-04 6.505576e-04 6.299281e-04 6.075194e-04 5.836466e-04 5.586358e-04 5.328173e-04 5.065194e-04 4.800623e-04 4.537517e-04 4.278747e-04 4.026941e-04 3.784457e-04 3.553345e-04 3.335329e-04 3.131790e-04 2.943761e-04 2.771928e-04 2.616640e-04 2.477921e-04 2.355500e-04 2.248832e-04 2.157136e-04 2.079432e-04 2.014585e-04 1.961346e-04 1.918401e-04 1.884418e-04 1.858089e-04 1.838179e-04 1.823565e-04 1.813274e-04 1.806512e-04 1.802695e-04 1.801462e-04 
1.001670e-03 9.991953e-04 9.918049e-04 9.795936e-04 9.627183e-04 9.413934e-04 9.158863e-04 8.865116e-04 8.536242e-04 8.176125e-04 7.788900e-04 7.378879e-04 6.950469e-04 6.508098e-04 6.056143e-04 5.598862e-04 5.140333e-04 4.684406e-04 4.234657e-04 3.794353e-04 3.366428e-04 2.953463e-04 2.557681e-04 2.180943e-04 1.824756e-04 1.490289e-04 1.178389e-04 8.896104e-05 6.242419e-05 3.823404e-05 1.637675e-05 3.177366e-06 2.046990e-05 3.555060e-05 4.847359e-05 5.929385e-05 6.806396e-05 7.483117e-05 7.963494e-05 8.250492e-05 8.345950e-05 
1.281502e-03 1.278137e-03 1.268080e-03 1.251451e-03 1.228443e-03 1.199321e-03 1.164419e-03 1.124125e-03 1.078883e-03 1.029177e-03 9.755228e-04 9.184629e-04 8.585531e-04 7.963547e-04 7.324269e-04 6.673179e-04 6.015592e-04 5.356589e-04 4.700968e-04 4.053210e-04 3.417444e-04 2.797433e-04 2.196558e-04 1.617822e-04 1.063851e-04 5.369100e-05 3.892027e-06 4.285181e-05 8.640990e-05 1.266781e-04 1.635758e-04 1.970424e-04 2.270346e-04 2.535231e-04 2.764894e-04 2.959237e-04 3.118220e-04 3.241841e-04 3.330116e-04 3.383069e-04 3.400718e-04 
1.561912e-03 1.557649e-03 1.544905e-03 1.523824e-03 1.494641e-03 1.457674e-03 1.413325e-03 1.362065e-03 1.304428e-03 1.240999e-03 1.172404e-03 1.099299e-03 1.022361e-03 9.422725e-04 8.597173e-04 7.753686e-04 6.898822e-04 6.038896e-04 5.179924e-04 4.327582e-04 3.487173e-04 2.663604e-04 1.861378e-04 1.084592e-04 3.369439e-05 3.782592e-05 1.058078e-04 1.699920e-04 2.301519e-04 2.860904e-04 3.376373e-04 3.846470e-04 4.269956e-04 4.645789e-04 4.973097e-04 5.251167e-04 5.479418e-04 5.657397e-04 5.784762e-04 5.861275e-04 5.886794e-04 
1.841247e-03 1.836082e-03 1.820643e-03 1.795100e-03 1.759727e-03 1.714905e-03 1.661105e-03 1.598885e-03 1.528876e-03 1.451768e-03 1.368302e-03 1.279253e-03 1.185420e-03 1.087613e-03 9.866401e-04 8.833017e-04 7.783780e-04 6.726231e-04 5.667584e-04 4.614682e-04 3.573963e-04 2.551437e-04 1.552680e-04 5.828294e-05 3.534075e-05 1.251737e-04 2.108263e-04 2.919462e-04 3.682163e-04 4.393519e-04 5.050989e-04 5.652310e-04 6.195484e-04 6.678757e-04 7.100604e-04 7.459722e-04 7.755020e-04 7.985609e-04 8.150805e-04 8.250117e-04 8.283254e-04 
2.117712e-03 2.111647e-03 2.093520e-03 2.063525e-03 2.021985e-03 1.969340e-03 1.906139e-03 1.833029e-03 1.750742e-03 1.660079e-03 1.561900e-03 1.457101e-03 1.346609e-03 1.231359e-03 1.112290e-03 9.903263e-04 8.663726e-04 7.413033e-04 6.159565e-04 4.911296e-04 3.675750e-04 2.459988e-04 1.270598e-04 1.136947e-05 1.005066e-04 2.080471e-04 3.107730e-04 4.082452e-04 5.000621e-04 5.858571e-04 6.652969e-04 7.380796e-04 8.039333e-04 8.626150e-04 9.139102e-04 9.576323e-04 9.936229e-04 1.021752e-03 1.041917e-03 1.054045e-03 1.058093e-03 
2.389368e-03 2.382412e-03 2.361620e-03 2.327216e-03 2.279569e-03 2.219184e-03 2.146691e-03 2.062830e-03 1.968439e-03 1.864434e-03 1.751794e-03 1.631543e-03 1.504735e-03 1.372434e-03 1.235707e-03 1.095602e-03 9.531469e-04 8.093323e-04 6.651095e-04 5.213835e-04 3.790103e-04 2.387945e-04 1.014895e-04 3.220203e-05 1.616269e-04 2.861787e-04 4.052959e-04 5.184587e-04 6.251872e-04 7.250386e-04 8.176054e-04 9.025146e-04 9.794261e-04 1.048033e-03 1.108061e-03 1.159271e-03 1.201456e-03 1.234445e-03 1.258106e-03 1.272341e-03 1.277093e-03 
2.654146e-03 2.646312e-03 2.622898e-03 2.584157e-03 2.530508e-03 2.462523e-03 2.380916e-03 2.286523e-03 2.180290e-03 2.063251e-03 1.936509e-03 1.801214e-03 1.658550e-03 1.509709e-03 1.355884e-03 1.198248e-03 1.037944e-03 8.760774e-04 7.137068e-04 5.518393e-04 3.914276e-04 2.333682e-04 7.850201e-05 7.238487e-05 2.185586e-04 3.593350e-04 4.940767e-04 6.221903e-04 7.431232e-04 8.563621e-04 9.614305e-04 1.057889e-03 1.145332e-03 1.223393e-03 1.291742e-03 1.350086e-03 1.398174e-03 1.435797e-03 1.462790e-03 1.479034e-03 1.484457e-03 
2.909854e-03 2.901164e-03 2.875192e-03 2.832224e-03 2.772728e-03 2.697347e-03 2.606877e-03 2.502256e-03 2.384540e-03 2.254881e-03 2.114506e-03 1.964695e-03 1.806757e-03 1.642014e-03 1.471781e-03 1.297349e-03 1.119978e-03 9.408787e-04 7.612122e-04 5.820809e-04 4.045270e-04 2.295315e-04 5.801504e-05 1.091601e-04 2.711872e-04 4.273116e-04 5.768273e-04 7.190733e-04 8.534311e-04 9.793220e-04 1.096206e-03 1.203580e-03 1.300981e-03 1.387983e-03 1.464201e-03 1.529295e-03 1.582969e-03 1.624978e-03 1.655125e-03 1.673271e-03 1.679329e-03 
3.154204e-03 3.144688e-03 3.116248e-03 3.069201e-03 3.004069e-03 2.921562e-03 2.822564e-03 2.708113e-03 2.579376e-03 2.437623e-03 2.284205e-03 2.120529e-03 1.948029e-03 1.768151e-03 1.582330e-03 1.391973e-03 1.198444e-03 1.003059e-03 8.070724e-04 6.116745e-04 4.179897e-04 2.270757e-04 3.992509e-05 1.425317e-04 3.194225e-04 4.899296e-04 6.532852e-04 8.087676e-04 9.556982e-04 1.093439e-03 1.221390e-03 1.338992e-03 1.445724e-03 1.541107e-03 1.624705e-03 1.696131e-03 1.755047e-03 1.801171e-03 1.834280e-03 1.854211e-03 1.860866e-03 
3.384846e-03 3.374542e-03 3.343749e-03 3.292815e-03 3.222315e-03 3.133027e-03 3.025924e-03 2.902141e-03 2.762953e-03 2.609751e-03 2.444004e-03 2.267243e-03 2.081026e-03 1.886916e-03 1.686461e-03 1.481178e-03 1.272534e-03 1.061936e-03 8.507269e-04 6.401776e-04 4.314862e-04 2.257791e-04 2.411278e-05 1.725217e-04 3.631946e-04 5.470321e-04 7.232117e-04 8.909575e-04 1.049537e-03 1.198257e-03 1.336466e-03 1.463550e-03 1.578936e-03 1.682094e-03 1.772542e-03 1.849846e-03 1.913630e-03 1.963578e-03 1.999438e-03 2.021029e-03 2.028238e-03 
3.599401e-03 3.588357e-03 3.555354e-03 3.500771e-03 3.425233e-03 3.329589e-03 3.214893e-03 3.082378e-03 2.933426e-03 2.769539e-03 2.592307e-03 2.403374e-03 2.204417e-03 1.997111e-03 1.783112e-03 1.564036e-03 1.341444e-03 1.116831e-03 8.916181e-04 6.671474e-04 4.446833e-04 2.254127e-04 1.044842e-05 1.991659e-04 4.024501e-04 5.984815e-04 7.863896e-04 9.653505e-04 1.134584e-03 1.293348e-03 1.440943e-03 1.576706e-03 1.700016e-03 1.810297e-03 1.907020e-03 1.989713e-03 2.057962e-03 2.111418e-03 2.149803e-03 2.172916e-03 2.180634e-03 
3.795516e-03 3.783789e-03 3.748747e-03 3.690799e-03 3.610618e-03 3.509119e-03 3.387437e-03 3.246896e-03 3.088981e-03 2.915299e-03 2.727550e-03 2.527492e-03 2.316906e-03 2.097574e-03 1.871250e-03 1.639643e-03 1.404398e-03 1.167088e-03 9.292035e-04 6.921512e-04 4.572530e-04 2.257480e-04 1.202348e-06 2.225092e-04 4.371490e-04 6.441573e-04 8.426218e-04 1.031677e-03 1.210501e-03 1.378309e-03 1.534357e-03 1.677940e-03 1.808392e-03 1.925095e-03 2.027481e-03 2.115038e-03 2.187317e-03 2.243940e-03 2.284606e-03 2.309095e-03 2.317272e-03 
3.970912e-03 3.958569e-03 3.921687e-03 3.860705e-03 3.776340e-03 3.669568e-03 3.541599e-03 3.393843e-03 3.227878e-03 3.045411e-03 2.848243e-03 2.638231e-03 2.417258e-03 2.187198e-03 1.949896e-03 1.707142e-03 1.460656e-03 1.212081e-03 9.629666e-04 7.147762e-04 4.688803e-04 2.265631e-04 1.097323e-05 2.426015e-04 4.672620e-04 6.839544e-04 8.917316e-04 1.089693e-03 1.276978e-03 1.452768e-03 1.616279e-03 1.766767e-03 1.903530e-03 2.025910e-03 2.133302e-03 2.225161e-03 2.301007e-03 2.360434e-03 2.403119e-03 2.428826e-03 2.437411e-03 
4.123446e-03 4.110563e-03 4.072069e-03 4.008428e-03 3.920399e-03 3.809013e-03 3.675546e-03 3.521486e-03 3.348494e-03 3.158367e-03 2.952994e-03 2.734325e-03 2.504327e-03 2.264959e-03 2.018142e-03 1.765739e-03 1.509536e-03 1.251231e-03 9.924297e-04 7.346391e-04 4.792721e-04 2.276497e-04 1.899208e-05 2.594945e-04 4.927678e-04 7.177826e-04 9.335624e-04 1.139177e-03 1.333735e-03 1.516387e-03 1.686316e-03 1.842746e-03 1.984940e-03 2.112207e-03 2.223912e-03 2.319478e-03 2.398398e-03 2.460242e-03 2.504669e-03 2.531426e-03 2.540363e-03 
4.251170e-03 4.237831e-03 4.197978e-03 4.132097e-03 4.040981e-03 3.925709e-03 3.787617e-03 3.628256e-03 3.449362e-03 3.252805e-03 3.040554e-03 2.814632e-03 2.577083e-03 2.329936e-03 2.075176e-03 1.814726e-03 1.550426e-03 1.284023e-03 1.017165e-03 7.513964e-04 4.881642e-04 2.288190e-04 2.537617e-05 2.732376e-04 5.136515e-04 7.455653e-04 9.679789e-04 1.179938e-03 1.380527e-03 1.568870e-03 1.744123e-03 1.905483e-03 2.052185e-03 2.183512e-03 2.298799e-03 2.397445e-03 2.478920e-03 2.542775e-03 2.588650e-03 2.616281e-03 2.625510e-03 
4.352390e-03 4.338688e-03 4.297752e-03 4.230086e-03 4.136511e-03 4.018147e-03 3.876373e-03 3.712798e-03 3.529213e-03 3.327551e-03 3.109842e-03 2.878172e-03 2.634643e-03 2.381339e-03 2.120299e-03 1.853492e-03 1.582802e-03 1.310012e-03 1.036804e-03 7.647529e-04 4.953296e-04 2.299081e-04 3.022784e-05 2.838754e-04 5.299028e-04 7.672396e-04 9.948678e-04 1.211814e-03 1.417145e-03 1.609963e-03 1.789405e-03 1.954644e-03 2.104894e-03 2.239416e-03 2.357525e-03 2.458597e-03 2.542086e-03 2.607525e-03 2.654541e-03 2.682861e-03 2.692320e-03 
4.425723e-03 4.411757e-03 4.370033e-03 4.301068e-03 4.205706e-03 4.085092e-03 3.940643e-03 3.774007e-03 3.587016e-03 3.381650e-03 3.159984e-03 2.924148e-03 2.676288e-03 2.418529e-03 2.152947e-03 1.881547e-03 1.606241e-03 1.328841e-03 1.051052e-03 7.744698e-04 5.005840e-04 2.307844e-04 3.363080e-05 2.914455e-04 5.415151e-04 7.827566e-04 1.014139e-03 1.234677e-03 1.443423e-03 1.639464e-03 1.821923e-03 1.989957e-03 2.142765e-03 2.279591e-03 2.399734e-03 2.502557e-03 2.587498e-03 2.654080e-03 2.701920e-03 2.730737e-03 2.740362e-03 
4.470144e-03 4.456017e-03 4.413815e-03 4.344061e-03 4.247613e-03 4.125634e-03 3.979561e-03 3.811066e-03 3.622010e-03 3.414398e-03 3.190334e-03 2.951974e-03 2.701491e-03 2.441035e-03 2.172706e-03 1.898527e-03 1.620431e-03 1.340245e-03 1.059690e-03 7.803716e-04 5.037920e-04 2.313502e-04 3.564711e-05 2.959758e-04 5.484839e-04 7.920809e-04 1.025729e-03 1.248433e-03 1.459239e-03 1.657225e-03 1.841505e-03 2.011226e-03 2.165578e-03 2.303795e-03 2.425166e-03 2.529046e-03 2.614865e-03 2.682137e-03 2.730475e-03 2.759593e-03 2.769318e-03 
4.485022e-03 4.470841e-03 4.428478e-03 4.358460e-03 4.261647e-03 4.139210e-03 3.992594e-03 3.823476e-03 3.633728e-03 3.425363e-03 3.200495e-03 2.961290e-03 2.709929e-03 2.448570e-03 2.179321e-03 1.904212e-03 1.625182e-03 1.344065e-03 1.062584e-03 7.823509e-04 5.048707e-04 2.315455e-04 3.631492e-05 2.974840e-04 5.508071e-04 7.951914e-04 1.029596e-03 1.253025e-03 1.464519e-03 1.663156e-03 1.848044e-03 2.018329e-03 2.173197e-03 2.311879e-03 2.433662e-03 2.537895e-03 2.624007e-03 2.691510e-03 2.740014e-03 2.769233e-03 2.778992e-03 
