6.251691e-03 6.161126e-03 5.891504e-03 5.448831e-03 4.842450e-03 4.084248e-03 3.187872e-03 2.168178e-03 1.041024e-03 1.765037e-04 1.465458e-03 2.804080e-03 4.166667e-03 5.522509e-03 6.835215e-03 8.062846e-03 9.159239e-03 1.007679e-02 1.077060e-02 1.120345e-02 1.135063e-02 
6.163870e-03 6.074605e-03 5.808839e-03 5.372443e-03 4.774562e-03 4.026853e-03 3.142734e-03 2.136849e-03 1.024881e-03 1.762276e-04 1.447661e-03 2.767803e-03 4.111150e-03 5.447293e-03 6.740294e-03 7.948853e-03 9.027633e-03 9.929993e-03 1.061203e-02 1.103741e-02 1.118202e-02 
5.902910e-03 5.817484e-03 5.563093e-03 5.145223e-03 4.572446e-03 3.855748e-03 3.007865e-03 2.042817e-03 9.757512e-04 1.768434e-04 1.396565e-03 2.662257e-03 3.949036e-03 5.227412e-03 6.462796e-03 7.615753e-03 8.643328e-03 9.501634e-03 1.014960e-02 1.055338e-02 1.069058e-02 
5.475922e-03 5.396687e-03 5.160659e-03 4.772719e-03 4.240542e-03 3.574052e-03 2.784889e-03 1.886041e-03 8.917405e-04 1.823296e-04 1.318534e-03 2.496570e-03 3.692662e-03 4.878884e-03 6.022851e-03 7.088084e-03 8.035310e-03 8.824822e-03 9.419787e-03 9.790058e-03 9.915793e-03 
4.893533e-03 4.822582e-03 4.611138e-03 4.263312e-03 3.785625e-03 3.186614e-03 2.476455e-03 1.666713e-03 7.703048e-04 1.983080e-04 1.222696e-03 2.283897e-03 3.359811e-03 4.424745e-03 5.449296e-03 6.400824e-03 7.244682e-03 7.946284e-03 8.473892e-03 8.801747e-03 8.912989e-03 
4.168484e-03 4.107616e-03 3.926112e-03 3.627199e-03 3.216053e-03 2.699565e-03 2.086125e-03 1.385502e-03 6.088714e-04 2.309950e-04 1.119394e-03 2.039273e-03 2.970831e-03 3.891263e-03 4.774818e-03 5.593332e-03 6.317341e-03 6.917829e-03 7.368467e-03 7.648075e-03 7.742873e-03 
3.314296e-03 3.265027e-03 3.117984e-03 2.875429e-03 2.541050e-03 2.119882e-03 1.618241e-03 1.043736e-03 4.053636e-04 2.863060e-04 1.018867e-03 1.777793e-03 2.546206e-03 3.304792e-03 4.031970e-03 4.704433e-03 5.298112e-03 5.789586e-03 6.157822e-03 6.386033e-03 6.463357e-03 
2.344369e-03 2.307972e-03 2.199188e-03 2.019246e-03 1.770223e-03 1.455101e-03 1.077852e-03 6.435601e-04 1.585907e-04 3.692152e-04 9.303325e-04 1.513366e-03 2.104941e-03 2.689721e-03 3.250640e-03 3.769391e-03 4.227226e-03 4.606051e-03 4.889730e-03 5.065458e-03 5.124985e-03 
1.271671e-03 1.249230e-03 1.181933e-03 1.069897e-03 9.134494e-04 7.133101e-04 4.708112e-04 1.881373e-04 1.314347e-04 4.833134e-04 8.614057e-04 1.257986e-03 1.663649e-03 2.067380e-03 2.456782e-03 2.818490e-03 3.138801e-03 3.404498e-03 3.603811e-03 3.727415e-03 3.769307e-03 
1.090661e-04 1.015286e-04 7.852346e-05 3.894585e-05 1.881225e-05 9.655545e-05 1.959271e-04 3.180474e-04 4.631832e-04 6.304753e-04 8.177361e-04 1.021328e-03 1.236130e-03 1.455612e-03 1.672021e-03 1.876716e-03 2.060641e-03 2.214937e-03 2.331640e-03 2.404405e-03 2.429132e-03 
1.129798e-03 1.121584e-03 1.097807e-03 1.060957e-03 1.014837e-03 9.641139e-04 9.138073e-04 8.687767e-04 8.332742e-04 8.105881e-04 8.027905e-04 8.105881e-04 8.332742e-04 8.687767e-04 9.138073e-04 9.641139e-04 1.014837e-03 1.060957e-03 1.097807e-03 1.121584e-03 1.129798e-03 
2.429132e-03 2.404405e-03 2.331640e-03 2.214937e-03 2.060641e-03 1.876716e-03 1.672021e-03 1.455612e-03 1.236130e-03 1.021328e-03 8.177361e-04 6.304753e-04 4.631832e-04 3.180474e-04 1.959271e-04 9.655545e-05 1.881225e-05 3.894585e-05 7.852346e-05 1.015286e-04 1.090661e-04 
3.769307e-03 3.727415e-03 3.603811e-03 3.404498e-03 3.138801e-03 2.818490e-03 2.456782e-03 2.067380e-03 1.663649e-03 1.257986e-03 8.614057e-04 4.833134e-04 1.314347e-04 1.881373e-04 4.708112e-04 7.133101e-04 9.134494e-04 1.069897e-03 1.181933e-03 1.249230e-03 1.271671e-03 
5.124985e-03 5.065458e-03 4.889730e-03 4.606051e-03 4.227226e-03 3.769391e-03 3.250640e-03 2.689721e-03 2.104941e-03 1.513366e-03 9.303325e-04 3.692152e-04 1.585907e-04 6.435601e-04 1.077852e-03 1.455101e-03 1.770223e-03 2.019246e-03 2.199188e-03 2.307972e-03 2.344369e-03 
6.463357e-03 6.386033e-03 6.157822e-03 5.789586e-03 5.298112e-03 4.704433e-03 4.031970e-03 3.304792e-03 2.546206e-03 1.777793e-03 1.018867e-03 2.863060e-04 4.053636e-04 1.043736e-03 1.618241e-03 2.119882e-03 2.541050e-03 2.875429e-03 3.117984e-03 3.265027e-03 3.314296e-03 
7.742873e-03 7.648075e-03 7.368467e-03 6.917829e-03 6.317341e-03 5.593332e-03 4.774818e-03 3.891263e-03 2.970831e-03 2.039273e-03 1.119394e-03 2.309950e-04 6.088714e-04 1.385502e-03 2.086125e-03 2.699565e-03 3.216053e-03 3.627199e-03 3.926112e-03 4.107616e-03 4.168484e-03 
8.912989e-03 8.801747e-03 8.473892e-03 7.946284e-03 7.244682e-03 6.400824e-03 5.449296e-03 4.424745e-03 3.359811e-03 2.283897e-03 1.222696e-03 1.983080e-04 7.703048e-04 1.666713e-03 2.476455e-03 3.186614e-03 3.785625e-03 4.263312e-03 4.611138e-03 4.822582e-03 4.893533e-03 
9.915793e-03 9.790058e-03 9.419787e-03 8.824822e-03 8.035310e-03 7.088084e-03 6.022851e-03 4.878884e-03 3.692662e-03 2.496570e-03 1.318534e-03 1.823296e-04 8.917405e-04 1.886041e-03 2.784889e-03 3.574052e-03 4.240542e-03 4.772719e-03 5.160659e-03 5.396687e-03 5.475922e-03 
1.069058e-02 1.055338e-02 1.014960e-02 9.501634e-03 8.643328e-03 7.615753e-03 6.462796e-03 5.227412e-03 3.949036e-03 2.662257e-03 1.396565e-03 1.768434e-04 9.757512e-04 2.042817e-03 3.007865e-03 3.855748e-03 4.572446e-03 5.145223e-03 5.563093e-03 5.817484e-03 5.902910e-03 
1.118202e-02 1.103741e-02 1.061203e-02 9.929993e-03 9.027633e-03 7.948853e-03 6.740294e-03 5.447293e-03 4.111150e-03 2.767803e-03 1.447661e-03 1.762276e-04 1.024881e-03 2.136849e-03 3.142734e-03 4.026853e-03 4.774562e-03 5.372443e-03 5.808839e-03 6.074605e-03 6.163870e-03 
1.135063e-02 1.120345e-02 1.077060e-02 1.007679e-02 9.159239e-03 8.062846e-03 6.835215e-03 5.522509e-03 4.166667e-03 2.804080e-03 1.465458e-03 1.765037e-04 1.041024e-03 2.168178e-03 3.187872e-03 4.084248e-03 4.842450e-03 5.448831e-03 5.891504e-03 6.161126e-03 6.251691e-03 
