1.000000e+00 9.969173e-01 9.876883e-01 9.723699e-01 9.510565e-01 9.238795e-01 8.910065e-01 8.526402e-01 8.090170e-01 7.604060e-01 7.071068e-01 6.494480e-01 5.877853e-01 5.224986e-01 4.539905e-01 3.826834e-01 3.090170e-01 2.334454e-01 1.564345e-01 7.845910e-02 6.123234e-17 -7.845910e-02 -1.564345e-01 -2.334454e-01 -3.090170e-01 -3.826834e-01 -4.539905e-01 -5.224986e-01 -5.877853e-01 -6.494480e-01 -7.071068e-01 -7.604060e-01 -8.090170e-01 -8.526402e-01 -8.910065e-01 -9.238795e-01 -9.510565e-01 -9.723699e-01 -9.876883e-01 -9.969173e-01 -1.000000e+00 
9.969173e-01 9.938442e-01 9.846436e-01 9.693724e-01 9.481247e-01 9.210315e-01 8.882598e-01 8.500118e-01 8.065231e-01 7.580619e-01 7.049270e-01 6.474460e-01 5.859733e-01 5.208879e-01 4.525910e-01 3.815037e-01 3.080644e-01 2.327257e-01 1.559522e-01 7.821723e-02 6.104358e-17 -7.821723e-02 -1.559522e-01 -2.327257e-01 -3.080644e-01 -3.815037e-01 -4.525910e-01 -5.208879e-01 -5.859733e-01 -6.474460e-01 -7.049270e-01 -7.580619e-01 -8.065231e-01 -8.500118e-01 -8.882598e-01 -9.210315e-01 -9.481247e-01 -9.693724e-01 -9.846436e-01 -9.938442e-01 -9.969173e-01 
9.876883e-01 9.846436e-01 9.755283e-01 9.603984e-01 9.393474e-01 9.125050e-01 8.800368e-01 8.421427e-01 7.990567e-01 7.510441e-01 6.984011e-01 6.414523e-01 5.805486e-01 5.160657e-01 4.484011e-01 3.779720e-01 3.052125e-01 2.305713e-01 1.545085e-01 7.749313e-02 6.047847e-17 -7.749313e-02 -1.545085e-01 -2.305713e-01 -3.052125e-01 -3.779720e-01 -4.484011e-01 -5.160657e-01 -5.805486e-01 -6.414523e-01 -6.984011e-01 -7.510441e-01 -7.990567e-01 -8.421427e-01 -8.800368e-01 -9.125050e-01 -9.393474e-01 -9.603984e-01 -9.755283e-01 -9.846436e-01 -9.876883e-01 
9.723699e-01 9.693724e-01 9.603984e-01 9.455033e-01 9.247787e-01 8.983527e-01 8.663879e-01 8.290816e-01 7.866638e-01 7.393959e-01 6.875694e-01 6.315037e-01 5.715447e-01 5.080619e-01 4.414467e-01 3.721099e-01 3.004788e-01 2.269952e-01 1.521122e-01 7.629126e-02 5.954049e-17 -7.629126e-02 -1.521122e-01 -2.269952e-01 -3.004788e-01 -3.721099e-01 -4.414467e-01 -5.080619e-01 -5.715447e-01 -6.315037e-01 -6.875694e-01 -7.393959e-01 -7.866638e-01 -8.290816e-01 -8.663879e-01 -8.983527e-01 -9.247787e-01 -9.455033e-01 -9.603984e-01 -9.693724e-01 -9.723699e-01 
9.510565e-01 9.481247e-01 9.393474e-01 9.247787e-01 9.045085e-01 8.786616e-01 8.473976e-01 8.109090e-01 7.694209e-01 7.231890e-01 6.724985e-01 6.176618e-01 5.590170e-01 4.969257e-01 4.317706e-01 3.639536e-01 2.938926e-01 2.220197e-01 1.487780e-01 7.461903e-02 5.823542e-17 -7.461903e-02 -1.487780e-01 -2.220197e-01 -2.938926e-01 -3.639536e-01 -4.317706e-01 -4.969257e-01 -5.590170e-01 -6.176618e-01 -6.724985e-01 -7.231890e-01 -7.694209e-01 -8.109090e-01 -8.473976e-01 -8.786616e-01 -9.045085e-01 -9.247787e-01 -9.393474e-01 -9.481247e-01 -9.510565e-01 
9.238795e-01 9.210315e-01 9.125050e-01 8.983527e-01 8.786616e-01 8.535534e-01 8.231827e-01 7.877368e-01 7.474342e-01 7.025235e-01 6.532815e-01 6.000118e-01 5.430428e-01 4.827257e-01 4.194325e-01 3.535534e-01 2.854945e-01 2.156754e-01 1.445266e-01 7.248675e-02 5.657131e-17 -7.248675e-02 -1.445266e-01 -2.156754e-01 -2.854945e-01 -3.535534e-01 -4.194325e-01 -4.827257e-01 -5.430428e-01 -6.000118e-01 -6.532815e-01 -7.025235e-01 -7.474342e-01 -7.877368e-01 -8.231827e-01 -8.535534e-01 -8.786616e-01 -8.983527e-01 -9.125050e-01 -9.210315e-01 -9.238795e-01 
8.910065e-01 8.882598e-01 8.800368e-01 8.663879e-01 8.473976e-01 8.231827e-01 7.938926e-01 7.597079e-01 7.208394e-01 6.775267e-01 6.300368e-01 5.786624e-01 5.237205e-01 4.655496e-01 4.045085e-01 3.409734e-01 2.753362e-01 2.080013e-01 1.393841e-01 6.990757e-02 5.455841e-17 -6.990757e-02 -1.393841e-01 -2.080013e-01 -2.753362e-01 -3.409734e-01 -4.045085e-01 -4.655496e-01 -5.237205e-01 -5.786624e-01 -6.300368e-01 -6.775267e-01 -7.208394e-01 -7.597079e-01 -7.938926e-01 -8.231827e-01 -8.473976e-01 -8.663879e-01 -8.800368e-01 -8.882598e-01 -8.910065e-01 
8.526402e-01 8.500118e-01 8.421427e-01 8.290816e-01 8.109090e-01 7.877368e-01 7.597079e-01 7.269952e-01 6.898004e-01 6.483527e-01 6.029076e-01 5.537455e-01 5.011693e-01 4.455033e-01 3.870905e-01 3.262913e-01 2.634803e-01 1.990449e-01 1.333823e-01 6.689738e-02 5.220915e-17 -6.689738e-02 -1.333823e-01 -1.990449e-01 -2.634803e-01 -3.262913e-01 -3.870905e-01 -4.455033e-01 -5.011693e-01 -5.537455e-01 -6.029076e-01 -6.483527e-01 -6.898004e-01 -7.269952e-01 -7.597079e-01 -7.877368e-01 -8.109090e-01 -8.290816e-01 -8.421427e-01 -8.500118e-01 -8.526402e-01 
8.090170e-01 8.065231e-01 7.990567e-01 7.866638e-01 7.694209e-01 7.474342e-01 7.208394e-01 6.898004e-01 6.545085e-01 6.151813e-01 5.720614e-01 5.254145e-01 4.755283e-01 4.227102e-01 3.672860e-01 3.095974e-01 2.500000e-01 1.888613e-01 1.265581e-01 6.347474e-02 4.953800e-17 -6.347474e-02 -1.265581e-01 -1.888613e-01 -2.500000e-01 -3.095974e-01 -3.672860e-01 -4.227102e-01 -4.755283e-01 -5.254145e-01 -5.720614e-01 -6.151813e-01 -6.545085e-01 -6.898004e-01 -7.208394e-01 -7.474342e-01 -7.694209e-01 -7.866638e-01 -7.990567e-01 -8.065231e-01 -8.090170e-01 
7.604060e-01 7.580619e-01 7.510441e-01 7.393959e-01 7.231890e-01 7.025235e-01 6.775267e-01 6.483527e-01 6.151813e-01 5.782172e-01 5.376882e-01 4.938442e-01 4.469554e-01 3.973110e-01 3.452171e-01 2.909948e-01 2.349784e-01 1.775132e-01 1.189537e-01 5.966076e-02 4.656144e-17 -5.966076e-02 -1.189537e-01 -1.775132e-01 -2.349784e-01 -2.909948e-01 -3.452171e-01 -3.973110e-01 -4.469554e-01 -4.938442e-01 -5.376882e-01 -5.782172e-01 -6.151813e-01 -6.483527e-01 -6.775267e-01 -7.025235e-01 -7.231890e-01 -7.393959e-01 -7.510441e-01 -7.580619e-01 -7.604060e-01 
7.071068e-01 7.049270e-01 6.984011e-01 6.875694e-01 6.724985e-01 6.532815e-01 6.300368e-01 6.029076e-01 5.720614e-01 5.376882e-01 5.000000e-01 4.592291e-01 4.156269e-01 3.694623e-01 3.210198e-01 2.705981e-01 2.185080e-01 1.650708e-01 1.106159e-01 5.547896e-02 4.329780e-17 -5.547896e-02 -1.106159e-01 -1.650708e-01 -2.185080e-01 -2.705981e-01 -3.210198e-01 -3.694623e-01 -4.156269e-01 -4.592291e-01 -5.000000e-01 -5.376882e-01 -5.720614e-01 -6.029076e-01 -6.300368e-01 -6.532815e-01 -6.724985e-01 -6.875694e-01 -6.984011e-01 -7.049270e-01 -7.071068e-01 
6.494480e-01 6.474460e-01 6.414523e-01 6.315037e-01 6.176618e-01 6.000118e-01 5.786624e-01 5.537455e-01 5.254145e-01 4.938442e-01 4.592291e-01 4.217828e-01 3.817360e-01 3.393357e-01 2.948432e-01 2.485330e-01 2.006905e-01 1.516106e-01 1.015961e-01 5.095511e-02 3.976722e-17 -5.095511e-02 -1.015961e-01 -1.516106e-01 -2.006905e-01 -2.485330e-01 -2.948432e-01 -3.393357e-01 -3.817360e-01 -4.217828e-01 -4.592291e-01 -4.938442e-01 -5.254145e-01 -5.537455e-01 -5.786624e-01 -6.000118e-01 -6.176618e-01 -6.315037e-01 -6.414523e-01 -6.474460e-01 -6.494480e-01 
5.877853e-01 5.859733e-01 5.805486e-01 5.715447e-01 5.590170e-01 5.430428e-01 5.237205e-01 5.011693e-01 4.755283e-01 4.469554e-01 4.156269e-01 3.817360e-01 3.454915e-01 3.071170e-01 2.668489e-01 2.249357e-01 1.816356e-01 1.372157e-01 9.194987e-02 4.611710e-02 3.599147e-17 -4.611710e-02 -9.194987e-02 -1.372157e-01 -1.816356e-01 -2.249357e-01 -2.668489e-01 -3.071170e-01 -3.454915e-01 -3.817360e-01 -4.156269e-01 -4.469554e-01 -4.755283e-01 -5.011693e-01 -5.237205e-01 -5.430428e-01 -5.590170e-01 -5.715447e-01 -5.805486e-01 -5.859733e-01 -5.877853e-01 
5.224986e-01 5.208879e-01 5.160657e-01 5.080619e-01 4.969257e-01 4.827257e-01 4.655496e-01 4.455033e-01 4.227102e-01 3.973110e-01 3.694623e-01 3.393357e-01 3.071170e-01 2.730048e-01 2.372094e-01 1.999515e-01 1.614609e-01 1.219749e-01 8.173678e-02 4.099476e-02 3.199381e-17 -4.099476e-02 -8.173678e-02 -1.219749e-01 -1.614609e-01 -1.999515e-01 -2.372094e-01 -2.730048e-01 -3.071170e-01 -3.393357e-01 -3.694623e-01 -3.973110e-01 -4.227102e-01 -4.455033e-01 -4.655496e-01 -4.827257e-01 -4.969257e-01 -5.080619e-01 -5.160657e-01 -5.208879e-01 -5.224986e-01 
4.539905e-01 4.525910e-01 4.484011e-01 4.414467e-01 4.317706e-01 4.194325e-01 4.045085e-01 3.870905e-01 3.672860e-01 3.452171e-01 3.210198e-01 2.948432e-01 2.668489e-01 2.372094e-01 2.061074e-01 1.737346e-01 1.402908e-01 1.059820e-01 7.101976e-02 3.561968e-02 2.779890e-17 -3.561968e-02 -7.101976e-02 -1.059820e-01 -1.402908e-01 -1.737346e-01 -2.061074e-01 -2.372094e-01 -2.668489e-01 -2.948432e-01 -3.210198e-01 -3.452171e-01 -3.672860e-01 -3.870905e-01 -4.045085e-01 -4.194325e-01 -4.317706e-01 -4.414467e-01 -4.484011e-01 -4.525910e-01 -4.539905e-01 
3.826834e-01 3.815037e-01 3.779720e-01 3.721099e-01 3.639536e-01 3.535534e-01 3.409734e-01 3.262913e-01 3.095974e-01 2.909948e-01 2.705981e-01 2.485330e-01 2.249357e-01 1.999515e-01 1.737346e-01 1.464466e-01 1.182557e-01 8.933567e-02 5.986488e-02 3.002500e-02 2.343260e-17 -3.002500e-02 -5.986488e-02 -8.933567e-02 -1.182557e-01 -1.464466e-01 -1.737346e-01 -1.999515e-01 -2.249357e-01 -2.485330e-01 -2.705981e-01 -2.909948e-01 -3.095974e-01 -3.262913e-01 -3.409734e-01 -3.535534e-01 -3.639536e-01 -3.721099e-01 -3.779720e-01 -3.815037e-01 -3.826834e-01 
3.090170e-01 3.080644e-01 3.052125e-01 3.004788e-01 2.938926e-01 2.854945e-01 2.753362e-01 2.634803e-01 2.500000e-01 2.349784e-01 2.185080e-01 2.006905e-01 1.816356e-01 1.614609e-01 1.402908e-01 1.182557e-01 9.549150e-02 7.213858e-02 4.834091e-02 2.424519e-02 1.892183e-17 -2.424519e-02 -4.834091e-02 -7.213858e-02 -9.549150e-02 -1.182557e-01 -1.402908e-01 -1.614609e-01 -1.816356e-01 -2.006905e-01 -2.185080e-01 -2.349784e-01 -2.500000e-01 -2.634803e-01 -2.753362e-01 -2.854945e-01 -2.938926e-01 -3.004788e-01 -3.052125e-01 -3.080644e-01 -3.090170e-01 
2.334454e-01 2.327257e-01 2.305713e-01 2.269952e-01 2.220197e-01 2.156754e-01 2.080013e-01 1.990449e-01 1.888613e-01 1.775132e-01 1.650708e-01 1.516106e-01 1.372157e-01 1.219749e-01 1.059820e-01 8.933567e-02 7.213858e-02 5.449674e-02 3.651890e-02 1.831591e-02 1.429441e-17 -1.831591e-02 -3.651890e-02 -5.449674e-02 -7.213858e-02 -8.933567e-02 -1.059820e-01 -1.219749e-01 -1.372157e-01 -1.516106e-01 -1.650708e-01 -1.775132e-01 -1.888613e-01 -1.990449e-01 -2.080013e-01 -2.156754e-01 -2.220197e-01 -2.269952e-01 -2.305713e-01 -2.327257e-01 -2.334454e-01 
1.564345e-01 1.559522e-01 1.545085e-01 1.521122e-01 1.487780e-01 1.445266e-01 1.393841e-01 1.333823e-01 1.265581e-01 1.189537e-01 1.106159e-01 1.015961e-01 9.194987e-02 8.173678e-02 7.101976e-02 5.986488e-02 4.834091e-02 3.651890e-02 2.447174e-02 1.227371e-02 9.578848e-18 -1.227371e-02 -2.447174e-02 -3.651890e-02 -4.834091e-02 -5.986488e-02 -7.101976e-02 -8.173678e-02 -9.194987e-02 -1.015961e-01 -1.106159e-01 -1.189537e-01 -1.265581e-01 -1.333823e-01 -1.393841e-01 -1.445266e-01 -1.487780e-01 -1.521122e-01 -1.545085e-01 -1.559522e-01 -1.564345e-01 
7.845910e-02 7.821723e-02 7.749313e-02 7.629126e-02 7.461903e-02 7.248675e-02 6.990757e-02 6.689738e-02 6.347474e-02 5.966076e-02 5.547896e-02 5.095511e-02 4.611710e-02 4.099476e-02 3.561968e-02 3.002500e-02 2.424519e-02 1.831591e-02 1.227371e-02 6.155830e-03 4.804234e-18 -6.155830e-03 -1.227371e-02 -1.831591e-02 -2.424519e-02 -3.002500e-02 -3.561968e-02 -4.099476e-02 -4.611710e-02 -5.095511e-02 -5.547896e-02 -5.966076e-02 -6.347474e-02 -6.689738e-02 -6.990757e-02 -7.248675e-02 -7.461903e-02 -7.629126e-02 -7.749313e-02 -7.821723e-02 -7.845910e-02 
6.123234e-17 6.104358e-17 6.047847e-17 5.954049e-17 5.823542e-17 5.657131e-17 5.455841e-17 5.220915e-17 4.953800e-17 4.656144e-17 4.329780e-17 3.976722e-17 3.599147e-17 3.199381e-17 2.779890e-17 2.343260e-17 1.892183e-17 1.429441e-17 9.578848e-18 4.804234e-18 3.749399e-33 -4.804234e-18 -9.578848e-18 -1.429441e-17 -1.892183e-17 -2.343260e-17 -2.779890e-17 -3.199381e-17 -3.599147e-17 -3.976722e-17 -4.329780e-17 -4.656144e-17 -4.953800e-17 -5.220915e-17 -5.455841e-17 -5.657131e-17 -5.823542e-17 -5.954049e-17 -6.047847e-17 -6.104358e-17 -6.123234e-17 
-7.845910e-02 -7.821723e-02 -7.749313e-02 -7.629126e-02 -7.461903e-02 -7.248675e-02 -6.990757e-02 -6.689738e-02 -6.347474e-02 -5.966076e-02 -5.547896e-02 -5.095511e-02 -4.611710e-02 -4.099476e-02 -3.561968e-02 -3.002500e-02 -2.424519e-02 -1.831591e-02 -1.227371e-02 -6.155830e-03 -4.804234e-18 6.155830e-03 1.227371e-02 1.831591e-02 2.424519e-02 3.002500e-02 3.561968e-02 4.099476e-02 4.611710e-02 5.095511e-02 5.547896e-02 5.966076e-02 6.347474e-02 6.689738e-02 6.990757e-02 7.248675e-02 7.461903e-02 7.629126e-02 7.749313e-02 7.821723e-02 7.845910e-02 
-1.564345e-01 -1.559522e-01 -1.545085e-01 -1.521122e-01 -1.487780e-01 -1.445266e-01 -1.393841e-01 -1.333823e-01 -1.265581e-01 -1.189537e-01 -1.106159e-01 -1.015961e-01 -9.194987e-02 -8.173678e-02 -7.101976e-02 -5.986488e-02 -4.834091e-02 -3.651890e-02 -2.447174e-02 -1.227371e-02 -9.578848e-18 1.227371e-02 2.447174e-02 3.651890e-02 4.834091e-02 5.986488e-02 7.101976e-02 8.173678e-02 9.194987e-02 1.015961e-01 1.106159e-01 1.189537e-01 1.265581e-01 1.333823e-01 1.393841e-01 1.445266e-01 1.487780e-01 1.521122e-01 1.545085e-01 1.559522e-01 1.564345e-01 
-2.334454e-01 -2.327257e-01 -2.305713e-01 -2.269952e-01 -2.220197e-01 -2.156754e-01 -2.080013e-01 -1.990449e-01 -1.888613e-01 -1.775132e-01 -1.650708e-01 -1.516106e-01 -1.372157e-01 -1.219749e-01 -1.059820e-01 -8.933567e-02 -7.213858e-02 -5.449674e-02 -3.651890e-02 -1.831591e-02 -1.429441e-17 1.831591e-02 3.651890e-02 5.449674e-02 7.213858e-02 8.933567e-02 1.059820e-01 1.219749e-01 1.372157e-01 1.516106e-01 1.650708e-01 1.775132e-01 1.888613e-01 1.990449e-01 2.080013e-01 2.156754e-01 2.220197e-01 2.269952e-01 2.305713e-01 2.327257e-01 2.334454e-01 
-3.090170e-01 -3.080644e-01 -3.052125e-01 -3.004788e-01 -2.938926e-01 -2.854945e-01 -2.753362e-01 -2.634803e-01 -2.500000e-01 -2.349784e-01 -2.185080e-01 -2.006905e-01 -1.816356e-01 -1.614609e-01 -1.402908e-01 -1.182557e-01 -9.549150e-02 -7.213858e-02 -4.834091e-02 -2.424519e-02 -1.892183e-17 2.424519e-02 4.834091e-02 7.213858e-02 9.549150e-02 1.182557e-01 1.402908e-01 1.614609e-01 1.816356e-01 2.006905e-01 2.185080e-01 2.349784e-01 2.500000e-01 2.634803e-01 2.753362e-01 2.854945e-01 2.938926e-01 3.004788e-01 3.052125e-01 3.080644e-01 3.090170e-01 
-3.826834e-01 -3.815037e-01 -3.779720e-01 -3.721099e-01 -3.639536e-01 -3.535534e-01 -3.409734e-01 -3.262913e-01 -3.095974e-01 -2.909948e-01 -2.705981e-01 -2.485330e-01 -2.249357e-01 -1.999515e-01 -1.737346e-01 -1.464466e-01 -1.182557e-01 -8.933567e-02 -5.986488e-02 -3.002500e-02 -2.343260e-17 3.002500e-02 5.986488e-02 8.933567e-02 1.182557e-01 1.464466e-01 1.737346e-01 1.999515e-01 2.249357e-01 2.485330e-01 2.705981e-01 2.909948e-01 3.095974e-01 3.262913e-01 3.409734e-01 3.535534e-01 3.639536e-01 3.721099e-01 3.779720e-01 3.815037e-01 3.826834e-01 
-4.539905e-01 -4.525910e-01 -4.484011e-01 -4.414467e-01 -4.317706e-01 -4.194325e-01 -4.045085e-01 -3.870905e-01 -3.672860e-01 -3.452171e-01 -3.210198e-01 -2.948432e-01 -2.668489e-01 -2.372094e-01 -2.061074e-01 -1.737346e-01 -1.402908e-01 -1.059820e-01 -7.101976e-02 -3.561968e-02 -2.779890e-17 3.561968e-02 7.101976e-02 1.059820e-01 1.402908e-01 1.737346e-01 2.061074e-01 2.372094e-01 2.668489e-01 2.948432e-01 3.210198e-01 3.452171e-01 3.672860e-01 3.870905e-01 4.045085e-01 4.194325e-01 4.317706e-01 4.414467e-01 4.484011e-01 4.525910e-01 4.539905e-01 
-5.224986e-01 -5.208879e-01 -5.160657e-01 -5.080619e-01 -4.969257e-01 -4.827257e-01 -4.655496e-01 -4.455033e-01 -4.227102e-01 -3.973110e-01 -3.694623e-01 -3.393357e-01 -3.071170e-01 -2.730048e-01 -2.372094e-01 -1.999515e-01 -1.614609e-01 -1.219749e-01 -8.173678e-02 -4.099476e-02 -3.199381e-17 4.099476e-02 8.173678e-02 1.219749e-01 1.614609e-01 1.999515e-01 2.372094e-01 2.730048e-01 3.071170e-01 3.393357e-01 3.694623e-01 3.973110e-01 4.227102e-01 4.455033e-01 4.655496e-01 4.827257e-01 4.969257e-01 5.080619e-01 5.160657e-01 5.208879e-01 5.224986e-01 
-5.877853e-01 -5.859733e-01 -5.805486e-01 -5.715447e-01 -5.590170e-01 -5.430428e-01 -5.237205e-01 -5.011693e-01 -4.755283e-01 -4.469554e-01 -4.156269e-01 -3.817360e-01 -3.454915e-01 -3.071170e-01 -2.668489e-01 -2.249357e-01 -1.816356e-01 -1.372157e-01 -9.194987e-02 -4.611710e-02 -3.599147e-17 4.611710e-02 9.194987e-02 1.372157e-01 1.816356e-01 2.249357e-01 2.668489e-01 3.071170e-01 3.454915e-01 3.817360e-01 4.156269e-01 4.469554e-01 4.755283e-01 5.011693e-01 5.237205e-01 5.430428e-01 5.590170e-01 5.715447e-01 5.805486e-01 5.859733e-01 5.877853e-01 
-6.494480e-01 -6.474460e-01 -6.414523e-01 -6.315037e-01 -6.176618e-01 -6.000118e-01 -5.786624e-01 -5.537455e-01 -5.254145e-01 -4.938442e-01 -4.592291e-01 -4.217828e-01 -3.817360e-01 -3.393357e-01 -2.948432e-01 -2.485330e-01 -2.006905e-01 -1.516106e-01 -1.015961e-01 -5.095511e-02 -3.976722e-17 5.095511e-02 1.015961e-01 1.516106e-01 2.006905e-01 2.485330e-01 2.948432e-01 3.393357e-01 3.817360e-01 4.217828e-01 4.592291e-01 4.938442e-01 5.254145e-01 5.537455e-01 5.786624e-01 6.000118e-01 6.176618e-01 6.315037e-01 6.414523e-01 6.474460e-01 6.494480e-01 
-7.071068e-01 -7.049270e-01 -6.984011e-01 -6.875694e-01 -6.724985e-01 -6.532815e-01 -6.300368e-01 -6.029076e-01 -5.720614e-01 -5.376882e-01 -5.000000e-01 -4.592291e-01 -4.156269e-01 -3.694623e-01 -3.210198e-01 -2.705981e-01 -2.185080e-01 -1.650708e-01 -1.106159e-01 -5.547896e-02 -4.329780e-17 5.547896e-02 1.106159e-01 1.650708e-01 2.185080e-01 2.705981e-01 3.210198e-01 3.694623e-01 4.156269e-01 4.592291e-01 5.000000e-01 5.376882e-01 5.720614e-01 6.029076e-01 6.300368e-01 6.532815e-01 6.724985e-01 6.875694e-01 6.984011e-01 7.049270e-01 7.071068e-01 
-7.604060e-01 -7.580619e-01 -7.510441e-01 -7.393959e-01 -7.231890e-01 -7.025235e-01 -6.775267e-01 -6.483527e-01 -6.151813e-01 -5.782172e-01 -5.376882e-01 -4.938442e-01 -4.469554e-01 -3.973110e-01 -3.452171e-01 -2.909948e-01 -2.349784e-01 -1.775132e-01 -1.189537e-01 -5.966076e-02 -4.656144e-17 5.966076e-02 1.189537e-01 1.775132e-01 2.349784e-01 2.909948e-01 3.452171e-01 3.973110e-01 4.469554e-01 4.938442e-01 5.376882e-01 5.782172e-01 6.151813e-01 6.483527e-01 6.775267e-01 7.025235e-01 7.231890e-01 7.393959e-01 7.510441e-01 7.580619e-01 7.604060e-01 
-8.090170e-01 -8.065231e-01 -7.990567e-01 -7.866638e-01 -7.694209e-01 -7.474342e-01 -7.208394e-01 -6.898004e-01 -6.545085e-01 -6.151813e-01 -5.720614e-01 -5.254145e-01 -4.755283e-01 -4.227102e-01 -3.672860e-01 -3.095974e-01 -2.500000e-01 -1.888613e-01 -1.265581e-01 -6.347474e-02 -4.953800e-17 6.347474e-02 1.265581e-01 1.888613e-01 2.500000e-01 3.095974e-01 3.672860e-01 4.227102e-01 4.755283e-01 5.254145e-01 5.720614e-01 6.151813e-01 6.545085e-01 6.898004e-01 7.208394e-01 7.474342e-01 7.694209e-01 7.866638e-01 7.990567e-01 8.065231e-01 8.090170e-01 
-8.526402e-01 -8.500118e-01 -8.421427e-01 -8.290816e-01 -8.109090e-01 -7.877368e-01 -7.597079e-01 -7.269952e-01 -6.898004e-01 -6.483527e-01 -6.029076e-01 -5.537455e-01 -5.011693e-01 -4.455033e-01 -3.870905e-01 -3.262913e-01 -2.634803e-01 -1.990449e-01 -1.333823e-01 -6.689738e-02 -5.220915e-17 6.689738e-02 1.333823e-01 1.990449e-01 2.634803e-01 3.262913e-01 3.870905e-01 4.455033e-01 5.011693e-01 5.537455e-01 6.029076e-01 6.483527e-01 6.898004e-01 7.269952e-01 7.597079e-01 7.877368e-01 8.109090e-01 8.290816e-01 8.421427e-01 8.500118e-01 8.526402e-01 
-8.910065e-01 -8.882598e-01 -8.800368e-01 -8.663879e-01 -8.473976e-01 -8.231827e-01 -7.938926e-01 -7.597079e-01 -7.208394e-01 -6.775267e-01 -6.300368e-01 -5.786624e-01 -5.237205e-01 -4.655496e-01 -4.045085e-01 -3.409734e-01 -2.753362e-01 -2.080013e-01 -1.393841e-01 -6.990757e-02 -5.455841e-17 6.990757e-02 1.393841e-01 2.080013e-01 2.753362e-01 3.409734e-01 4.045085e-01 4.655496e-01 5.237205e-01 5.786624e-01 6.300368e-01 6.775267e-01 7.208394e-01 7.597079e-01 7.938926e-01 8.231827e-01 8.473976e-01 8.663879e-01 8.800368e-01 8.882598e-01 8.910065e-01 
-9.238795e-01 -9.210315e-01 -9.125050e-01 -8.983527e-01 -8.786616e-01 -8.535534e-01 -8.231827e-01 -7.877368e-01 -7.474342e-01 -7.025235e-01 -6.532815e-01 -6.000118e-01 -5.430428e-01 -4.827257e-01 -4.194325e-01 -3.535534e-01 -2.854945e-01 -2.156754e-01 -1.445266e-01 -7.248675e-02 -5.657131e-17 7.248675e-02 1.445266e-01 2.156754e-01 2.854945e-01 3.535534e-01 4.194325e-01 4.827257e-01 5.430428e-01 6.000118e-01 6.532815e-01 7.025235e-01 7.474342e-01 7.877368e-01 8.231827e-01 8.535534e-01 8.786616e-01 8.983527e-01 9.125050e-01 9.210315e-01 9.238795e-01 
-9.510565e-01 -9.481247e-01 -9.393474e-01 -9.247787e-01 -9.045085e-01 -8.786616e-01 -8.473976e-01 -8.109090e-01 -7.694209e-01 -7.231890e-01 -6.724985e-01 -6.176618e-01 -5.590170e-01 -4.969257e-01 -4.317706e-01 -3.639536e-01 -2.938926e-01 -2.220197e-01 -1.487780e-01 -7.461903e-02 -5.823542e-17 7.461903e-02 1.487780e-01 2.220197e-01 2.938926e-01 3.639536e-01 4.317706e-01 4.969257e-01 5.590170e-01 6.176618e-01 6.724985e-01 7.231890e-01 7.694209e-01 8.109090e-01 8.473976e-01 8.786616e-01 9.045085e-01 9.247787e-01 9.393474e-01 9.481247e-01 9.510565e-01 
-9.723699e-01 -9.693724e-01 -9.603984e-01 -9.455033e-01 -9.247787e-01 -8.983527e-01 -8.663879e-01 -8.290816e-01 -7.866638e-01 -7.393959e-01 -6.875694e-01 -6.315037e-01 -5.715447e-01 -5.080619e-01 -4.414467e-01 -3.721099e-01 -3.004788e-01 -2.269952e-01 -1.521122e-01 -7.629126e-02 -5.954049e-17 7.629126e-02 1.521122e-01 2.269952e-01 3.004788e-01 3.721099e-01 4.414467e-01 5.080619e-01 5.715447e-01 6.315037e-01 6.875694e-01 7.393959e-01 7.866638e-01 8.290816e-01 8.663879e-01 8.983527e-01 9.247787e-01 9.455033e-01 9.603984e-01 9.693724e-01 9.723699e-01 
-9.876883e-01 -9.846436e-01 -9.755283e-01 -9.603984e-01 -9.393474e-01 -9.125050e-01 -8.800368e-01 -8.421427e-01 -7.990567e-01 -7.510441e-01 -6.984011e-01 -6.414523e-01 -5.805486e-01 -5.160657e-01 -4.484011e-01 -3.779720e-01 -3.052125e-01 -2.305713e-01 -1.545085e-01 -7.749313e-02 -6.047847e-17 7.749313e-02 1.545085e-01 2.305713e-01 3.052125e-01 3.779720e-01 4.484011e-01 5.160657e-01 5.805486e-01 6.414523e-01 6.984011e-01 7.510441e-01 7.990567e-01 8.421427e-01 8.800368e-01 9.125050e-01 9.393474e-01 9.603984e-01 9.755283e-01 9.846436e-01 9.876883e-01 
-9.969173e-01 -9.938442e-01 -9.846436e-01 -9.693724e-01 -9.481247e-01 -9.210315e-01 -8.882598e-01 -8.500118e-01 -8.065231e-01 -7.580619e-01 -7.049270e-01 -6.474460e-01 -5.859733e-01 -5.208879e-01 -4.525910e-01 -3.815037e-01 -3.080644e-01 -2.327257e-01 -1.559522e-01 -7.821723e-02 -6.104358e-17 7.821723e-02 1.559522e-01 2.327257e-01 3.080644e-01 3.815037e-01 4.525910e-01 5.208879e-01 5.859733e-01 6.474460e-01 7.049270e-01 7.580619e-01 8.065231e-01 8.500118e-01 8.882598e-01 9.210315e-01 9.481247e-01 9.693724e-01 9.846436e-01 9.938442e-01 9.969173e-01 
-1.000000e+00 -9.969173e-01 -9.876883e-01 -9.723699e-01 -9.510565e-01 -9.238795e-01 -8.910065e-01 -8.526402e-01 -8.090170e-01 -7.604060e-01 -7.071068e-01 -6.494480e-01 -5.877853e-01 -5.224986e-01 -4.539905e-01 -3.826834e-01 -3.090170e-01 -2.334454e-01 -1.564345e-01 -7.845910e-02 -6.123234e-17 7.845910e-02 1.564345e-01 2.334454e-01 3.090170e-01 3.826834e-01 4.539905e-01 5.224986e-01 5.877853e-01 6.494480e-01 7.071068e-01 7.604060e-01 8.090170e-01 8.526402e-01 8.910065e-01 9.238795e-01 9.510565e-01 9.723699e-01 9.876883e-01 9.969173e-01 1.000000e+00 
