1.000000e+00 9.876883e-01 9.510565e-01 8.910065e-01 8.090170e-01 7.071068e-01 5.877853e-01 4.539905e-01 3.090170e-01 1.564345e-01 6.123234e-17 -1.564345e-01 -3.090170e-01 -4.539905e-01 -5.877853e-01 -7.071068e-01 -8.090170e-01 -8.910065e-01 -9.510565e-01 -9.876883e-01 -1.000000e+00 
9.876883e-01 9.755283e-01 9.393474e-01 8.800368e-01 7.990567e-01 6.984011e-01 5.805486e-01 4.484011e-01 3.052125e-01 1.545085e-01 6.047847e-17 -1.545085e-01 -3.052125e-01 -4.484011e-01 -5.805486e-01 -6.984011e-01 -7.990567e-01 -8.800368e-01 -9.393474e-01 -9.755283e-01 -9.876883e-01 
9.510565e-01 9.393474e-01 9.045085e-01 8.473976e-01 7.694209e-01 6.724985e-01 5.590170e-01 4.317706e-01 2.938926e-01 1.487780e-01 5.823542e-17 -1.487780e-01 -2.938926e-01 -4.317706e-01 -5.590170e-01 -6.724985e-01 -7.694209e-01 -8.473976e-01 -9.045085e-01 -9.393474e-01 -9.510565e-01 
8.910065e-01 8.800368e-01 8.473976e-01 7.938926e-01 7.208394e-01 6.300368e-01 5.237205e-01 4.045085e-01 2.753362e-01 1.393841e-01 5.455841e-17 -1.393841e-01 -2.753362e-01 -4.045085e-01 -5.237205e-01 -6.300368e-01 -7.208394e-01 -7.938926e-01 -8.473976e-01 -8.800368e-01 -8.910065e-01 
8.090170e-01 7.990567e-01 7.694209e-01 7.208394e-01 6.545085e-01 5.720614e-01 4.755283e-01 3.672860e-01 2.500000e-01 1.265581e-01 4.953800e-17 -1.265581e-01 -2.500000e-01 -3.672860e-01 -4.755283e-01 -5.720614e-01 -6.545085e-01 -7.208394e-01 -7.694209e-01 -7.990567e-01 -8.090170e-01 
7.071068e-01 6.984011e-01 6.724985e-01 6.300368e-01 5.720614e-01 5.000000e-01 4.156269e-01 3.210198e-01 2.185080e-01 1.106159e-01 4.329780e-17 -1.106159e-01 -2.185080e-01 -3.210198e-01 -4.156269e-01 -5.000000e-01 -5.720614e-01 -6.300368e-01 -6.724985e-01 -6.984011e-01 -7.071068e-01 
5.877853e-01 5.805486e-01 5.590170e-01 5.237205e-01 4.755283e-01 4.156269e-01 3.454915e-01 2.668489e-01 1.816356e-01 9.194987e-02 3.599147e-17 -9.194987e-02 -1.816356e-01 -2.668489e-01 -3.454915e-01 -4.156269e-01 -4.755283e-01 -5.237205e-01 -5.590170e-01 -5.805486e-01 -5.877853e-01 
4.539905e-01 4.484011e-01 4.317706e-01 4.045085e-01 3.672860e-01 3.210198e-01 2.668489e-01 2.061074e-01 1.402908e-01 7.101976e-02 2.779890e-17 -7.101976e-02 -1.402908e-01 -2.061074e-01 -2.668489e-01 -3.210198e-01 -3.672860e-01 -4.045085e-01 -4.317706e-01 -4.484011e-01 -4.539905e-01 
3.090170e-01 3.052125e-01 2.938926e-01 2.753362e-01 2.500000e-01 2.185080e-01 1.816356e-01 1.402908e-01 9.549150e-02 4.834091e-02 1.892183e-17 -4.834091e-02 -9.549150e-02 -1.402908e-01 -1.816356e-01 -2.185080e-01 -2.500000e-01 -2.753362e-01 -2.938926e-01 -3.052125e-01 -3.090170e-01 
1.564345e-01 1.545085e-01 1.487780e-01 1.393841e-01 1.265581e-01 1.106159e-01 9.194987e-02 7.101976e-02 4.834091e-02 2.447174e-02 9.578848e-18 -2.447174e-02 -4.834091e-02 -7.101976e-02 -9.194987e-02 -1.106159e-01 -1.265581e-01 -1.393841e-01 -1.487780e-01 -1.545085e-01 -1.564345e-01 
6.123234e-17 6.047847e-17 5.823542e-17 5.455841e-17 4.953800e-17 4.329780e-17 3.599147e-17 2.779890e-17 1.892183e-17 9.578848e-18 3.749399e-33 -9.578848e-18 -1.892183e-17 -2.779890e-17 -3.599147e-17 -4.329780e-17 -4.953800e-17 -5.455841e-17 -5.823542e-17 -6.047847e-17 -6.123234e-17 
-1.564345e-01 -1.545085e-01 -1.487780e-01 -1.393841e-01 -1.265581e-01 -1.106159e-01 -9.194987e-02 -7.101976e-02 -4.834091e-02 -2.447174e-02 -9.578848e-18 2.447174e-02 4.834091e-02 7.101976e-02 9.194987e-02 1.106159e-01 1.265581e-01 1.393841e-01 1.487780e-01 1.545085e-01 1.564345e-01 
-3.090170e-01 -3.052125e-01 -2.938926e-01 -2.753362e-01 -2.500000e-01 -2.185080e-01 -1.816356e-01 -1.402908e-01 -9.549150e-02 -4.834091e-02 -1.892183e-17 4.834091e-02 9.549150e-02 1.402908e-01 1.816356e-01 2.185080e-01 2.500000e-01 2.753362e-01 2.938926e-01 3.052125e-01 3.090170e-01 
-4.539905e-01 -4.484011e-01 -4.317706e-01 -4.045085e-01 -3.672860e-01 -3.210198e-01 -2.668489e-01 -2.061074e-01 -1.402908e-01 -7.101976e-02 -2.779890e-17 7.101976e-02 1.402908e-01 2.061074e-01 2.668489e-01 3.210198e-01 3.672860e-01 4.045085e-01 4.317706e-01 4.484011e-01 4.539905e-01 
-5.877853e-01 -5.805486e-01 -5.590170e-01 -5.237205e-01 -4.755283e-01 -4.156269e-01 -3.454915e-01 -2.668489e-01 -1.816356e-01 -9.194987e-02 -3.599147e-17 9.194987e-02 1.816356e-01 2.668489e-01 3.454915e-01 4.156269e-01 4.755283e-01 5.237205e-01 5.590170e-01 5.805486e-01 5.877853e-01 
-7.071068e-01 -6.984011e-01 -6.724985e-01 -6.300368e-01 -5.720614e-01 -5.000000e-01 -4.156269e-01 -3.210198e-01 -2.185080e-01 -1.106159e-01 -4.329780e-17 1.106159e-01 2.185080e-01 3.210198e-01 4.156269e-01 5.000000e-01 5.720614e-01 6.300368e-01 6.724985e-01 6.984011e-01 7.071068e-01 
-8.090170e-01 -7.990567e-01 -7.694209e-01 -7.208394e-01 -6.545085e-01 -5.720614e-01 -4.755283e-01 -3.672860e-01 -2.500000e-01 -1.265581e-01 -4.953800e-17 1.265581e-01 2.500000e-01 3.672860e-01 4.755283e-01 5.720614e-01 6.545085e-01 7.208394e-01 7.694209e-01 7.990567e-01 8.090170e-01 
-8.910065e-01 -8.800368e-01 -8.473976e-01 -7.938926e-01 -7.208394e-01 -6.300368e-01 -5.237205e-01 -4.045085e-01 -2.753362e-01 -1.393841e-01 -5.455841e-17 1.393841e-01 2.753362e-01 4.045085e-01 5.237205e-01 6.300368e-01 7.208394e-01 7.938926e-01 8.473976e-01 8.800368e-01 8.910065e-01 
-9.510565e-01 -9.393474e-01 -9.045085e-01 -8.473976e-01 -7.694209e-01 -6.724985e-01 -5.590170e-01 -4.317706e-01 -2.938926e-01 -1.487780e-01 -5.823542e-17 1.487780e-01 2.938926e-01 4.317706e-01 5.590170e-01 6.724985e-01 7.694209e-01 8.473976e-01 9.045085e-01 9.393474e-01 9.510565e-01 
-9.876883e-01 -9.755283e-01 -9.393474e-01 -8.800368e-01 -7.990567e-01 -6.984011e-01 -5.805486e-01 -4.484011e-01 -3.052125e-01 -1.545085e-01 -6.047847e-17 1.545085e-01 3.052125e-01 4.484011e-01 5.805486e-01 6.984011e-01 7.990567e-01 8.800368e-01 9.393474e-01 9.755283e-01 9.876883e-01 
-1.000000e+00 -9.876883e-01 -9.510565e-01 -8.910065e-01 -8.090170e-01 -7.071068e-01 -5.877853e-01 -4.539905e-01 -3.090170e-01 -1.564345e-01 -6.123234e-17 1.564345e-01 3.090170e-01 4.539905e-01 5.877853e-01 7.071068e-01 8.090170e-01 8.910065e-01 9.510565e-01 9.876883e-01 1.000000e+00 
