9.065532e-01 8.953906e-01 8.621774e-01 8.077301e-01 7.333875e-01 6.409778e-01 5.327735e-01 4.114358e-01 2.799495e-01 1.415493e-01 -3.591340e-04 -1.422832e-01 -2.807291e-01 -4.122878e-01 -5.337187e-01 -6.420288e-01 -7.345471e-01 -8.089902e-01 -8.635191e-01 -8.967856e-01 -9.079666e-01 
8.953889e-01 8.843638e-01 8.515594e-01 7.977825e-01 7.243552e-01 6.330833e-01 5.262111e-01 4.063673e-01 2.764997e-01 1.398035e-01 -3.578473e-04 -1.405346e-01 -2.772760e-01 -4.072150e-01 -5.271506e-01 -6.341271e-01 -7.255061e-01 -7.990324e-01 -8.528896e-01 -8.857463e-01 -8.967896e-01 
8.621705e-01 8.515543e-01 8.199667e-01 7.681843e-01 6.974804e-01 6.095937e-01 5.066853e-01 3.912863e-01 2.662353e-01 1.346089e-01 -3.541094e-04 -1.353319e-01 -2.670018e-01 -3.921213e-01 -5.076084e-01 -6.106168e-01 -6.986060e-01 -7.694044e-01 -8.212634e-01 -8.529010e-01 -8.635346e-01 
8.077151e-01 7.977692e-01 7.681762e-01 7.196636e-01 6.534242e-01 5.710868e-01 4.746763e-01 3.665638e-01 2.494086e-01 1.260931e-01 -3.482757e-04 -1.268036e-01 -2.501598e-01 -3.673791e-01 -4.755739e-01 -5.720776e-01 -6.545102e-01 -7.208374e-01 -7.694210e-01 -7.990602e-01 -8.090221e-01 
7.333620e-01 7.243314e-01 6.974618e-01 6.534137e-01 5.932701e-01 5.185099e-01 4.309715e-01 3.328078e-01 2.264335e-01 1.144655e-01 -3.409048e-04 -1.151601e-01 -2.271652e-01 -3.335982e-01 -4.318368e-01 -5.194599e-01 -5.943063e-01 -6.545292e-01 -6.986413e-01 -7.255524e-01 -7.345974e-01 
6.409399e-01 6.330471e-01 6.095628e-01 5.710642e-01 5.184979e-01 4.531562e-01 3.766459e-01 2.908487e-01 1.978749e-01 1.000117e-01 -3.327078e-04 -1.006885e-01 -1.985850e-01 -2.916113e-01 -3.774753e-01 -4.540608e-01 -5.194789e-01 -5.721152e-01 -6.106701e-01 -6.341910e-01 -6.420964e-01 
5.327225e-01 5.261619e-01 5.066415e-01 4.746409e-01 4.309469e-01 3.766335e-01 3.130361e-01 2.417186e-01 1.644352e-01 8.308691e-02 -3.244833e-04 -8.374598e-02 -1.651237e-01 -2.424533e-01 -3.138294e-01 -3.774926e-01 -4.318727e-01 -4.756276e-01 -5.076769e-01 -5.272290e-01 -5.338005e-01 
4.113719e-01 4.063053e-01 3.912298e-01 3.665160e-01 3.327711e-01 2.908244e-01 2.417070e-01 1.866264e-01 1.269371e-01 6.410730e-02 -3.170404e-04 -6.475026e-02 -1.276059e-01 -1.873356e-01 -2.424676e-01 -2.916424e-01 -3.336470e-01 -3.674447e-01 -3.922006e-01 -4.073033e-01 -4.123793e-01 
2.798737e-01 2.764260e-01 2.661674e-01 2.493498e-01 2.263862e-01 1.978404e-01 1.644137e-01 1.269275e-01 8.630310e-02 4.353957e-02 -3.111178e-04 -4.416972e-02 -8.695626e-02 -1.276166e-01 -1.651483e-01 -1.986257e-01 -2.272226e-01 -2.502325e-01 -2.670871e-01 -2.773695e-01 -2.808254e-01 
1.414637e-01 1.397200e-01 1.345316e-01 1.260255e-01 1.144101e-01 9.996975e-02 8.305852e-02 6.409116e-02 4.353323e-02 2.188970e-02 -3.073078e-04 -2.251161e-02 -4.417630e-02 -6.476728e-02 -8.377639e-02 -1.007341e-01 -1.152211e-01 -1.268788e-01 -1.354185e-01 -1.406286e-01 -1.423797e-01 
-4.519001e-04 -4.482893e-04 -4.378227e-04 -4.215563e-04 -4.011208e-04 -3.785452e-04 -3.560472e-04 -3.358140e-04 -3.197960e-04 -3.095287e-04 -3.059937e-04 -3.095287e-04 -3.197960e-04 -3.358140e-04 -3.560472e-04 -3.785452e-04 -4.011208e-04 -4.215563e-04 -4.378227e-04 -4.482893e-04 -4.519001e-04 
-1.423797e-01 -1.406286e-01 -1.354185e-01 -1.268788e-01 -1.152211e-01 -1.007341e-01 -8.377639e-02 -6.476728e-02 -4.417630e-02 -2.251161e-02 -3.073078e-04 2.188970e-02 4.353323e-02 6.409116e-02 8.305852e-02 9.996975e-02 1.144101e-01 1.260255e-01 1.345316e-01 1.397200e-01 1.414637e-01 
-2.808254e-01 -2.773695e-01 -2.670871e-01 -2.502325e-01 -2.272226e-01 -1.986257e-01 -1.651483e-01 -1.276166e-01 -8.695626e-02 -4.416972e-02 -3.111178e-04 4.353957e-02 8.630310e-02 1.269275e-01 1.644137e-01 1.978404e-01 2.263862e-01 2.493498e-01 2.661674e-01 2.764260e-01 2.798737e-01 
-4.123793e-01 -4.073033e-01 -3.922006e-01 -3.674447e-01 -3.336470e-01 -2.916424e-01 -2.424676e-01 -1.873356e-01 -1.276059e-01 -6.475026e-02 -3.170404e-04 6.410730e-02 1.269371e-01 1.866264e-01 2.417070e-01 2.908244e-01 3.327711e-01 3.665160e-01 3.912298e-01 4.063053e-01 4.113719e-01 
-5.338005e-01 -5.272290e-01 -5.076769e-01 -4.756276e-01 -4.318727e-01 -3.774926e-01 -3.138294e-01 -2.424533e-01 -1.651237e-01 -8.374598e-02 -3.244833e-04 8.308691e-02 1.644352e-01 2.417186e-01 3.130361e-01 3.766335e-01 4.309469e-01 4.746409e-01 5.066415e-01 5.261619e-01 5.327225e-01 
-6.420964e-01 -6.341910e-01 -6.106701e-01 -5.721152e-01 -5.194789e-01 -4.540608e-01 -3.774753e-01 -2.916113e-01 -1.985850e-01 -1.006885e-01 -3.327078e-04 1.000117e-01 1.978749e-01 2.908487e-01 3.766459e-01 4.531562e-01 5.184979e-01 5.710642e-01 6.095628e-01 6.330471e-01 6.409399e-01 
-7.345974e-01 -7.255524e-01 -6.986413e-01 -6.545292e-01 -5.943063e-01 -5.194599e-01 -4.318368e-01 -3.335982e-01 -2.271652e-01 -1.151601e-01 -3.409048e-04 1.144655e-01 2.264335e-01 3.328078e-01 4.309715e-01 5.185099e-01 5.932701e-01 6.534137e-01 6.974618e-01 7.243314e-01 7.333620e-01 
-8.090221e-01 -7.990602e-01 -7.694210e-01 -7.208374e-01 -6.545102e-01 -5.720776e-01 -4.755739e-01 -3.673791e-01 -2.501598e-01 -1.268036e-01 -3.482757e-04 1.260931e-01 2.494086e-01 3.665638e-01 4.746763e-01 5.710868e-01 6.534242e-01 7.196636e-01 7.681762e-01 7.977692e-01 8.077151e-01 
-8.635346e-01 -8.529010e-01 -8.212634e-01 -7.694044e-01 -6.986060e-01 -6.106168e-01 -5.076084e-01 -3.921213e-01 -2.670018e-01 -1.353319e-01 -3.541094e-04 1.346089e-01 2.662353e-01 3.912863e-01 5.066853e-01 6.095937e-01 6.974804e-01 7.681843e-01 8.199667e-01 8.515543e-01 8.621705e-01 
-8.967896e-01 -8.857463e-01 -8.528896e-01 -7.990324e-01 -7.255061e-01 -6.341271e-01 -5.271506e-01 -4.072150e-01 -2.772760e-01 -1.405346e-01 -3.578473e-04 1.398035e-01 2.764997e-01 4.063673e-01 5.262111e-01 6.330833e-01 7.243552e-01 7.977825e-01 8.515594e-01 8.843638e-01 8.953889e-01 
-9.079666e-01 -8.967856e-01 -8.635191e-01 -8.089902e-01 -7.345471e-01 -6.420288e-01 -5.337187e-01 -4.122878e-01 -2.807291e-01 -1.422832e-01 -3.591340e-04 1.415493e-01 2.799495e-01 4.114358e-01 5.327735e-01 6.409778e-01 7.333875e-01 8.077301e-01 8.621774e-01 8.953906e-01 9.065532e-01 
