9.051609e-01 9.023705e-01 8.940164e-01 8.801501e-01 8.608570e-01 8.362560e-01 8.064988e-01 7.717685e-01 7.322793e-01 6.882745e-01 6.400251e-01 5.878286e-01 5.320066e-01 4.729031e-01 4.108823e-01 3.463265e-01 2.796335e-01 2.112145e-01 1.414911e-01 7.089306e-02 -1.443215e-04 -7.118315e-02 -1.417855e-01 -2.115160e-01 -2.799447e-01 -3.466498e-01 -4.112198e-01 -4.732565e-01 -5.323774e-01 -5.882178e-01 -6.404332e-01 -6.887015e-01 -7.327250e-01 -7.722319e-01 -8.069786e-01 -8.367507e-01 -8.613643e-01 -8.806675e-01 -8.945413e-01 -9.029000e-01 -9.056920e-01 
9.023704e-01 8.995886e-01 8.912602e-01 8.774366e-01 8.582030e-01 8.336779e-01 8.040124e-01 7.693892e-01 7.300217e-01 6.861525e-01 6.380519e-01 5.860163e-01 5.303664e-01 4.714451e-01 4.096155e-01 3.452586e-01 2.787713e-01 2.105631e-01 1.410546e-01 7.067426e-02 -1.441413e-04 -7.096398e-02 -1.413487e-01 -2.108642e-01 -2.790820e-01 -3.455814e-01 -4.099523e-01 -4.717978e-01 -5.307365e-01 -5.864047e-01 -6.384591e-01 -6.865786e-01 -7.304664e-01 -7.698516e-01 -8.044912e-01 -8.341714e-01 -8.587091e-01 -8.779529e-01 -8.917839e-01 -9.001168e-01 -9.029002e-01 
8.940160e-01 8.912599e-01 8.830087e-01 8.693131e-01 8.502575e-01 8.259594e-01 7.965685e-01 7.622658e-01 7.232628e-01 6.797997e-01 6.321444e-01 5.805905e-01 5.254557e-01 4.670799e-01 4.058227e-01 3.420616e-01 2.761897e-01 2.086130e-01 1.397480e-01 7.001919e-02 -1.436053e-04 -7.030783e-02 -1.400409e-01 -2.089129e-01 -2.764992e-01 -3.423829e-01 -4.061579e-01 -4.674309e-01 -5.258238e-01 -5.809767e-01 -6.325492e-01 -6.802232e-01 -7.237046e-01 -7.627252e-01 -7.970441e-01 -8.264495e-01 -8.507600e-01 -8.698256e-01 -8.835286e-01 -8.917843e-01 -8.945419e-01 
8.801492e-01 8.774359e-01 8.693126e-01 8.558294e-01 8.370694e-01 8.131481e-01 7.842130e-01 7.504424e-01 7.120442e-01 6.692552e-01 6.223390e-01 5.715847e-01 5.173050e-01 4.598345e-01 3.995273e-01 3.367551e-01 2.719049e-01 2.053762e-01 1.375793e-01 6.893189e-02 -1.427267e-04 -6.921874e-02 -1.378703e-01 -2.056741e-01 -2.722121e-01 -3.370741e-01 -3.998599e-01 -4.601825e-01 -5.176698e-01 -5.719672e-01 -6.227398e-01 -6.696744e-01 -7.124814e-01 -7.508967e-01 -7.846833e-01 -8.136326e-01 -8.375660e-01 -8.563359e-01 -8.698263e-01 -8.779540e-01 -8.806688e-01 
8.608555e-01 8.582016e-01 8.502564e-01 8.370687e-01 8.187199e-01 7.953230e-01 7.670221e-01 7.339916e-01 6.964351e-01 6.545840e-01 6.086961e-01 5.590542e-01 5.059643e-01 4.497535e-01 3.907682e-01 3.293719e-01 2.659431e-01 2.008727e-01 1.345617e-01 6.741904e-02 -1.415271e-04 -6.770346e-02 -1.348502e-01 -2.011678e-01 -2.662474e-01 -3.296876e-01 -3.910972e-01 -4.500975e-01 -5.063247e-01 -5.594319e-01 -6.090916e-01 -6.549973e-01 -6.968660e-01 -7.344392e-01 -7.674851e-01 -7.957998e-01 -8.192086e-01 -8.375670e-01 -8.507617e-01 -8.587112e-01 -8.613665e-01 
8.362537e-01 8.336757e-01 8.259575e-01 8.131467e-01 7.953222e-01 7.725938e-01 7.451016e-01 7.130150e-01 6.765317e-01 6.358765e-01 5.912998e-01 5.430765e-01 4.915036e-01 4.368990e-01 3.795992e-01 3.199574e-01 2.583411e-01 1.951301e-01 1.307140e-01 6.548995e-02 -1.400361e-04 -6.577134e-02 -1.309993e-01 -1.954219e-01 -2.586417e-01 -3.202690e-01 -3.799238e-01 -4.372381e-01 -4.918585e-01 -5.434481e-01 -5.916886e-01 -6.362825e-01 -6.769546e-01 -7.134541e-01 -7.455556e-01 -7.730611e-01 -7.958010e-01 -8.136347e-01 -8.264523e-01 -8.341746e-01 -8.367540e-01 
8.064955e-01 8.040092e-01 7.965656e-01 7.842106e-01 7.670203e-01 7.451007e-01 7.185867e-01 6.876418e-01 6.524566e-01 6.132479e-01 5.702574e-01 5.237499e-01 4.740120e-01 4.213503e-01 3.660893e-01 3.085696e-01 2.491457e-01 1.881838e-01 1.260598e-01 6.315648e-02 -1.382903e-04 -6.343433e-02 -1.263414e-01 -1.884717e-01 -2.494420e-01 -3.088765e-01 -3.664086e-01 -4.216836e-01 -4.743604e-01 -5.241143e-01 -5.706383e-01 -6.136454e-01 -6.528702e-01 -6.880709e-01 -7.190301e-01 -7.455569e-01 -7.674875e-01 -7.846867e-01 -7.970481e-01 -8.044957e-01 -8.069833e-01 
7.717642e-01 7.693849e-01 7.622619e-01 7.504389e-01 7.339888e-01 7.130130e-01 6.876407e-01 6.580282e-01 6.243581e-01 5.868377e-01 5.456983e-01 5.011934e-01 4.535973e-01 4.032032e-01 3.503217e-01 2.952788e-01 2.384136e-01 1.800767e-01 1.206277e-01 6.043299e-02 -1.363328e-04 -6.070686e-02 -1.209052e-01 -1.803601e-01 -2.387051e-01 -2.955803e-01 -3.506351e-01 -4.035299e-01 -4.539384e-01 -5.015499e-01 -5.460705e-01 -5.872256e-01 -6.247614e-01 -6.584463e-01 -6.880723e-01 -7.134568e-01 -7.344430e-01 -7.509015e-01 -7.627307e-01 -7.698575e-01 -7.722380e-01 
7.322738e-01 7.300162e-01 7.232576e-01 7.120395e-01 6.964311e-01 6.765285e-01 6.524543e-01 6.243569e-01 5.924094e-01 5.568087e-01 5.177741e-01 4.755462e-01 4.303852e-01 3.825694e-01 3.323935e-01 2.801667e-01 2.262109e-01 1.708587e-01 1.144512e-01 5.733623e-02 -1.342117e-04 -5.760580e-02 -1.147242e-01 -1.711373e-01 -2.264972e-01 -2.804625e-01 -3.327005e-01 -3.828890e-01 -4.307185e-01 -4.758940e-01 -5.181368e-01 -5.571863e-01 -5.928016e-01 -6.247629e-01 -6.528732e-01 -6.769589e-01 -6.968714e-01 -7.124877e-01 -7.237116e-01 -7.304738e-01 -7.327325e-01 
6.882676e-01 6.861458e-01 6.797933e-01 6.692493e-01 6.545787e-01 6.358720e-01 6.132444e-01 5.868353e-01 5.568075e-01 5.233459e-01 4.866568e-01 4.469663e-01 4.045189e-01 3.595762e-01 3.124152e-01 2.633266e-01 2.126128e-01 1.605865e-01 1.075684e-01 5.388526e-02 -1.319793e-04 -5.415030e-02 -1.078367e-01 -1.608601e-01 -2.128936e-01 -2.636163e-01 -3.127155e-01 -3.598884e-01 -4.048439e-01 -4.473049e-01 -4.870094e-01 -5.237126e-01 -5.571878e-01 -5.872287e-01 -6.136499e-01 -6.362883e-01 -6.550042e-01 -6.696823e-01 -6.802317e-01 -6.865876e-01 -6.887106e-01 
6.400170e-01 6.380439e-01 6.321367e-01 6.223317e-01 6.086895e-01 5.912941e-01 5.702525e-01 5.456946e-01 5.177716e-01 4.866555e-01 4.525382e-01 4.156297e-01 3.761577e-01 3.343652e-01 2.905099e-01 2.448621e-01 1.977031e-01 1.493235e-01 1.000216e-01 5.010130e-02 -1.296907e-04 -5.036170e-02 -1.002850e-01 -1.495919e-01 -1.979782e-01 -2.451456e-01 -2.908034e-01 -3.346697e-01 -3.764742e-01 -4.159590e-01 -4.528805e-01 -4.870110e-01 -5.181399e-01 -5.460751e-01 -5.706443e-01 -5.916959e-01 -6.091000e-01 -6.227492e-01 -6.325592e-01 -6.384696e-01 -6.404437e-01 
5.878192e-01 5.860070e-01 5.805814e-01 5.715761e-01 5.590463e-01 5.430694e-01 5.237437e-01 5.011884e-01 4.755424e-01 4.469637e-01 4.156284e-01 3.817297e-01 3.454763e-01 3.070918e-01 2.668127e-01 2.248871e-01 1.815736e-01 1.371390e-01 9.185735e-02 4.600766e-02 -1.274020e-04 -4.626341e-02 -9.211591e-02 -1.374022e-01 -1.818431e-01 -2.251645e-01 -2.670992e-01 -3.073887e-01 -3.457845e-01 -3.820496e-01 -4.159606e-01 -4.473080e-01 -4.758986e-01 -5.015560e-01 -5.241218e-01 -5.434569e-01 -5.594418e-01 -5.719780e-01 -5.809881e-01 -5.864165e-01 -5.882297e-01 
5.319958e-01 5.303557e-01 5.254454e-01 5.172951e-01 5.059551e-01 4.914952e-01 4.740046e-01 4.535909e-01 4.303801e-01 4.045150e-01 3.761551e-01 3.454751e-01 3.126640e-01 2.779241e-01 2.414695e-01 2.035247e-01 1.643238e-01 1.241082e-01 8.312590e-02 4.162951e-02 -1.251697e-04 -4.188073e-02 -8.337974e-02 -1.243663e-01 -1.645877e-01 -2.037960e-01 -2.417493e-01 -2.782135e-01 -3.129639e-01 -3.457859e-01 -3.764772e-01 -4.048485e-01 -4.307246e-01 -4.539460e-01 -4.743694e-01 -4.918687e-01 -5.063360e-01 -5.176820e-01 -5.258366e-01 -5.307496e-01 -5.323907e-01 
4.728911e-01 4.714331e-01 4.670682e-01 4.598233e-01 4.497430e-01 4.368894e-01 4.213416e-01 4.031956e-01 3.825630e-01 3.595711e-01 3.343614e-01 3.070893e-01 2.779229e-01 2.470418e-01 2.146365e-01 1.809065e-01 1.460599e-01 1.103113e-01 7.388106e-02 3.699382e-02 -1.230488e-04 -3.724074e-02 -7.413040e-02 -1.105646e-01 -1.463186e-01 -1.811721e-01 -2.149099e-01 -2.473242e-01 -2.782149e-01 -3.073915e-01 -3.346741e-01 -3.598942e-01 -3.828964e-01 -4.035387e-01 -4.216938e-01 -4.372495e-01 -4.501100e-01 -4.601959e-01 -4.674448e-01 -4.718122e-01 -4.732710e-01 
4.108691e-01 4.096023e-01 4.058098e-01 3.995149e-01 3.907565e-01 3.795884e-01 3.660795e-01 3.503129e-01 3.323859e-01 3.124089e-01 2.905049e-01 2.668090e-01 2.414671e-01 2.146353e-01 1.864791e-01 1.571720e-01 1.268945e-01 9.583326e-02 6.417977e-02 3.212913e-02 -1.210914e-04 -3.237207e-02 -6.442496e-02 -9.608215e-02 -1.271484e-01 -1.574322e-01 -1.867467e-01 -2.149112e-01 -2.417519e-01 -2.671032e-01 -2.908089e-01 -3.127226e-01 -3.327091e-01 -3.506451e-01 -3.664199e-01 -3.799363e-01 -3.911108e-01 -3.998743e-01 -4.061729e-01 -4.099677e-01 -4.112353e-01 
3.463121e-01 3.452444e-01 3.420476e-01 3.367417e-01 3.293591e-01 3.199454e-01 3.085587e-01 2.952689e-01 2.801581e-01 2.633192e-01 2.448561e-01 2.248824e-01 2.035213e-01 1.809044e-01 1.571709e-01 1.324673e-01 1.069457e-01 8.076341e-02 5.408182e-02 2.706538e-02 -1.193457e-04 -2.730478e-02 -5.432331e-02 -8.100834e-02 -1.071953e-01 -1.327228e-01 -1.574333e-01 -1.811744e-01 -2.037997e-01 -2.251696e-01 -2.451522e-01 -2.636244e-01 -2.804721e-01 -2.955913e-01 -3.088888e-01 -3.202825e-01 -3.297020e-01 -3.370893e-01 -3.423988e-01 -3.455977e-01 -3.466661e-01 
2.796182e-01 2.787560e-01 2.761748e-01 2.718904e-01 2.659293e-01 2.583282e-01 2.491338e-01 2.384028e-01 2.262013e-01 2.126045e-01 1.976961e-01 1.815680e-01 1.643195e-01 1.460568e-01 1.268926e-01 1.069448e-01 8.633649e-02 6.519459e-02 4.364942e-02 2.183378e-02 -1.178549e-04 -2.207015e-02 -4.388775e-02 -6.543615e-02 -8.658245e-02 -1.071963e-01 -1.271504e-01 -1.463219e-01 -1.645923e-01 -1.818491e-01 -1.979856e-01 -2.129025e-01 -2.265075e-01 -2.387168e-01 -2.494551e-01 -2.586559e-01 -2.662626e-01 -2.722281e-01 -2.765157e-01 -2.790989e-01 -2.799618e-01 
2.111983e-01 2.105470e-01 2.085972e-01 2.053609e-01 2.008581e-01 1.951163e-01 1.881711e-01 1.800651e-01 1.708483e-01 1.605775e-01 1.493158e-01 1.371327e-01 1.241032e-01 1.103075e-01 9.583062e-02 8.076181e-02 6.519387e-02 4.922275e-02 3.294686e-02 1.646653e-02 -1.166554e-04 -1.670047e-02 -3.318266e-02 -4.946159e-02 -6.543688e-02 -8.100999e-02 -9.608487e-02 -1.105685e-01 -1.243716e-01 -1.374089e-01 -1.496000e-01 -1.608696e-01 -1.711483e-01 -1.803725e-01 -1.884853e-01 -1.954366e-01 -2.011835e-01 -2.056906e-01 -2.089300e-01 -2.108816e-01 -2.115335e-01 
1.414741e-01 1.410378e-01 1.397315e-01 1.375633e-01 1.345465e-01 1.306996e-01 1.260464e-01 1.206155e-01 1.144403e-01 1.075588e-01 1.000133e-01 9.185043e-02 8.312031e-02 7.387672e-02 6.417660e-02 5.407968e-02 4.364817e-02 3.294634e-02 2.204011e-02 1.099672e-02 -1.157769e-04 -1.122887e-02 -2.227405e-02 -3.318319e-02 -4.388901e-02 -5.432548e-02 -6.442820e-02 -7.413484e-02 -8.338549e-02 -9.212305e-02 -1.002936e-01 -1.078467e-01 -1.147356e-01 -1.209179e-01 -1.263554e-01 -1.310144e-01 -1.348662e-01 -1.378871e-01 -1.400582e-01 -1.413663e-01 -1.418033e-01 
7.087564e-02 7.065694e-02 7.000219e-02 6.891542e-02 6.740329e-02 6.547509e-02 6.314267e-02 6.042035e-02 5.732486e-02 5.387523e-02 5.009264e-02 4.600037e-02 4.162356e-02 3.698914e-02 3.212562e-02 2.706292e-02 2.183221e-02 1.646568e-02 1.099640e-02 5.458047e-03 -1.152410e-04 -5.689112e-03 -1.122920e-02 -1.670132e-02 -2.207173e-02 -2.730727e-02 -3.237562e-02 -3.724548e-02 -4.188677e-02 -4.627081e-02 -5.037051e-02 -5.416052e-02 -5.761740e-02 -6.071977e-02 -6.344845e-02 -6.578654e-02 -6.771959e-02 -6.923562e-02 -7.032525e-02 -7.098174e-02 -7.120103e-02 
-1.620682e-04 -1.617780e-04 -1.609146e-04 -1.594994e-04 -1.575677e-04 -1.551672e-04 -1.523574e-04 -1.492081e-04 -1.457969e-04 -1.422082e-04 -1.385306e-04 -1.348547e-04 -1.312709e-04 -1.278672e-04 -1.247273e-04 -1.219280e-04 -1.195380e-04 -1.176157e-04 -1.162080e-04 -1.153494e-04 -1.150609e-04 -1.153494e-04 -1.162080e-04 -1.176157e-04 -1.195380e-04 -1.219280e-04 -1.247273e-04 -1.278672e-04 -1.312709e-04 -1.348547e-04 -1.385306e-04 -1.422082e-04 -1.457969e-04 -1.492081e-04 -1.523574e-04 -1.551672e-04 -1.575677e-04 -1.594994e-04 -1.609146e-04 -1.617780e-04 -1.620682e-04 
-7.120103e-02 -7.098174e-02 -7.032525e-02 -6.923562e-02 -6.771959e-02 -6.578654e-02 -6.344845e-02 -6.071977e-02 -5.761740e-02 -5.416052e-02 -5.037051e-02 -4.627081e-02 -4.188677e-02 -3.724548e-02 -3.237562e-02 -2.730727e-02 -2.207173e-02 -1.670132e-02 -1.122920e-02 -5.689112e-03 -1.152410e-04 5.458047e-03 1.099640e-02 1.646568e-02 2.183221e-02 2.706292e-02 3.212562e-02 3.698914e-02 4.162356e-02 4.600037e-02 5.009264e-02 5.387523e-02 5.732486e-02 6.042035e-02 6.314267e-02 6.547509e-02 6.740329e-02 6.891542e-02 7.000219e-02 7.065694e-02 7.087564e-02 
-1.418033e-01 -1.413663e-01 -1.400582e-01 -1.378871e-01 -1.348662e-01 -1.310144e-01 -1.263554e-01 -1.209179e-01 -1.147356e-01 -1.078467e-01 -1.002936e-01 -9.212305e-02 -8.338549e-02 -7.413484e-02 -6.442820e-02 -5.432548e-02 -4.388901e-02 -3.318319e-02 -2.227405e-02 -1.122887e-02 -1.157769e-04 1.099672e-02 2.204011e-02 3.294634e-02 4.364817e-02 5.407968e-02 6.417660e-02 7.387672e-02 8.312031e-02 9.185043e-02 1.000133e-01 1.075588e-01 1.144403e-01 1.206155e-01 1.260464e-01 1.306996e-01 1.345465e-01 1.375633e-01 1.397315e-01 1.410378e-01 1.414741e-01 
-2.115335e-01 -2.108816e-01 -2.089300e-01 -2.056906e-01 -2.011835e-01 -1.954366e-01 -1.884853e-01 -1.803725e-01 -1.711483e-01 -1.608696e-01 -1.496000e-01 -1.374089e-01 -1.243716e-01 -1.105685e-01 -9.608487e-02 -8.100999e-02 -6.543688e-02 -4.946159e-02 -3.318266e-02 -1.670047e-02 -1.166554e-04 1.646653e-02 3.294686e-02 4.922275e-02 6.519387e-02 8.076181e-02 9.583062e-02 1.103075e-01 1.241032e-01 1.371327e-01 1.493158e-01 1.605775e-01 1.708483e-01 1.800651e-01 1.881711e-01 1.951163e-01 2.008581e-01 2.053609e-01 2.085972e-01 2.105470e-01 2.111983e-01 
-2.799618e-01 -2.790989e-01 -2.765157e-01 -2.722281e-01 -2.662626e-01 -2.586559e-01 -2.494551e-01 -2.387168e-01 -2.265075e-01 -2.129025e-01 -1.979856e-01 -1.818491e-01 -1.645923e-01 -1.463219e-01 -1.271504e-01 -1.071963e-01 -8.658245e-02 -6.543615e-02 -4.388775e-02 -2.207015e-02 -1.178549e-04 2.183378e-02 4.364942e-02 6.519459e-02 8.633649e-02 1.069448e-01 1.268926e-01 1.460568e-01 1.643195e-01 1.815680e-01 1.976961e-01 2.126045e-01 2.262013e-01 2.384028e-01 2.491338e-01 2.583282e-01 2.659293e-01 2.718904e-01 2.761748e-01 2.787560e-01 2.796182e-01 
-3.466661e-01 -3.455977e-01 -3.423988e-01 -3.370893e-01 -3.297020e-01 -3.202825e-01 -3.088888e-01 -2.955913e-01 -2.804721e-01 -2.636244e-01 -2.451522e-01 -2.251696e-01 -2.037997e-01 -1.811744e-01 -1.574333e-01 -1.327228e-01 -1.071953e-01 -8.100834e-02 -5.432331e-02 -2.730478e-02 -1.193457e-04 2.706538e-02 5.408182e-02 8.076341e-02 1.069457e-01 1.324673e-01 1.571709e-01 1.809044e-01 2.035213e-01 2.248824e-01 2.448561e-01 2.633192e-01 2.801581e-01 2.952689e-01 3.085587e-01 3.199454e-01 3.293591e-01 3.367417e-01 3.420476e-01 3.452444e-01 3.463121e-01 
-4.112353e-01 -4.099677e-01 -4.061729e-01 -3.998743e-01 -3.911108e-01 -3.799363e-01 -3.664199e-01 -3.506451e-01 -3.327091e-01 -3.127226e-01 -2.908089e-01 -2.671032e-01 -2.417519e-01 -2.149112e-01 -1.867467e-01 -1.574322e-01 -1.271484e-01 -9.608215e-02 -6.442496e-02 -3.237207e-02 -1.210914e-04 3.212913e-02 6.417977e-02 9.583326e-02 1.268945e-01 1.571720e-01 1.864791e-01 2.146353e-01 2.414671e-01 2.668090e-01 2.905049e-01 3.124089e-01 3.323859e-01 3.503129e-01 3.660795e-01 3.795884e-01 3.907565e-01 3.995149e-01 4.058098e-01 4.096023e-01 4.108691e-01 
-4.732710e-01 -4.718122e-01 -4.674448e-01 -4.601959e-01 -4.501100e-01 -4.372495e-01 -4.216938e-01 -4.035387e-01 -3.828964e-01 -3.598942e-01 -3.346741e-01 -3.073915e-01 -2.782149e-01 -2.473242e-01 -2.149099e-01 -1.811721e-01 -1.463186e-01 -1.105646e-01 -7.413040e-02 -3.724074e-02 -1.230488e-04 3.699382e-02 7.388106e-02 1.103113e-01 1.460599e-01 1.809065e-01 2.146365e-01 2.470418e-01 2.779229e-01 3.070893e-01 3.343614e-01 3.595711e-01 3.825630e-01 4.031956e-01 4.213416e-01 4.368894e-01 4.497430e-01 4.598233e-01 4.670682e-01 4.714331e-01 4.728911e-01 
-5.323907e-01 -5.307496e-01 -5.258366e-01 -5.176820e-01 -5.063360e-01 -4.918687e-01 -4.743694e-01 -4.539460e-01 -4.307246e-01 -4.048485e-01 -3.764772e-01 -3.457859e-01 -3.129639e-01 -2.782135e-01 -2.417493e-01 -2.037960e-01 -1.645877e-01 -1.243663e-01 -8.337974e-02 -4.188073e-02 -1.251697e-04 4.162951e-02 8.312590e-02 1.241082e-01 1.643238e-01 2.035247e-01 2.414695e-01 2.779241e-01 3.126640e-01 3.454751e-01 3.761551e-01 4.045150e-01 4.303801e-01 4.535909e-01 4.740046e-01 4.914952e-01 5.059551e-01 5.172951e-01 5.254454e-01 5.303557e-01 5.319958e-01 
-5.882297e-01 -5.864165e-01 -5.809881e-01 -5.719780e-01 -5.594418e-01 -5.434569e-01 -5.241218e-01 -5.015560e-01 -4.758986e-01 -4.473080e-01 -4.159606e-01 -3.820496e-01 -3.457845e-01 -3.073887e-01 -2.670992e-01 -2.251645e-01 -1.818431e-01 -1.374022e-01 -9.211591e-02 -4.626341e-02 -1.274020e-04 4.600766e-02 9.185735e-02 1.371390e-01 1.815736e-01 2.248871e-01 2.668127e-01 3.070918e-01 3.454763e-01 3.817297e-01 4.156284e-01 4.469637e-01 4.755424e-01 5.011884e-01 5.237437e-01 5.430694e-01 5.590463e-01 5.715761e-01 5.805814e-01 5.860070e-01 5.878192e-01 
-6.404437e-01 -6.384696e-01 -6.325592e-01 -6.227492e-01 -6.091000e-01 -5.916959e-01 -5.706443e-01 -5.460751e-01 -5.181399e-01 -4.870110e-01 -4.528805e-01 -4.159590e-01 -3.764742e-01 -3.346697e-01 -2.908034e-01 -2.451456e-01 -1.979782e-01 -1.495919e-01 -1.002850e-01 -5.036170e-02 -1.296907e-04 5.010130e-02 1.000216e-01 1.493235e-01 1.977031e-01 2.448621e-01 2.905099e-01 3.343652e-01 3.761577e-01 4.156297e-01 4.525382e-01 4.866555e-01 5.177716e-01 5.456946e-01 5.702525e-01 5.912941e-01 6.086895e-01 6.223317e-01 6.321367e-01 6.380439e-01 6.400170e-01 
-6.887106e-01 -6.865876e-01 -6.802317e-01 -6.696823e-01 -6.550042e-01 -6.362883e-01 -6.136499e-01 -5.872287e-01 -5.571878e-01 -5.237126e-01 -4.870094e-01 -4.473049e-01 -4.048439e-01 -3.598884e-01 -3.127155e-01 -2.636163e-01 -2.128936e-01 -1.608601e-01 -1.078367e-01 -5.415030e-02 -1.319793e-04 5.388526e-02 1.075684e-01 1.605865e-01 2.126128e-01 2.633266e-01 3.124152e-01 3.595762e-01 4.045189e-01 4.469663e-01 4.866568e-01 5.233459e-01 5.568075e-01 5.868353e-01 6.132444e-01 6.358720e-01 6.545787e-01 6.692493e-01 6.797933e-01 6.861458e-01 6.882676e-01 
-7.327325e-01 -7.304738e-01 -7.237116e-01 -7.124877e-01 -6.968714e-01 -6.769589e-01 -6.528732e-01 -6.247629e-01 -5.928016e-01 -5.571863e-01 -5.181368e-01 -4.758940e-01 -4.307185e-01 -3.828890e-01 -3.327005e-01 -2.804625e-01 -2.264972e-01 -1.711373e-01 -1.147242e-01 -5.760580e-02 -1.342117e-04 5.733623e-02 1.144512e-01 1.708587e-01 2.262109e-01 2.801667e-01 3.323935e-01 3.825694e-01 4.303852e-01 4.755462e-01 5.177741e-01 5.568087e-01 5.924094e-01 6.243569e-01 6.524543e-01 6.765285e-01 6.964311e-01 7.120395e-01 7.232576e-01 7.300162e-01 7.322738e-01 
-7.722380e-01 -7.698575e-01 -7.627307e-01 -7.509015e-01 -7.344430e-01 -7.134568e-01 -6.880723e-01 -6.584463e-01 -6.247614e-01 -5.872256e-01 -5.460705e-01 -5.015499e-01 -4.539384e-01 -4.035299e-01 -3.506351e-01 -2.955803e-01 -2.387051e-01 -1.803601e-01 -1.209052e-01 -6.070686e-02 -1.363328e-04 6.043299e-02 1.206277e-01 1.800767e-01 2.384136e-01 2.952788e-01 3.503217e-01 4.032032e-01 4.535973e-01 5.011934e-01 5.456983e-01 5.868377e-01 6.243581e-01 6.580282e-01 6.876407e-01 7.130130e-01 7.339888e-01 7.504389e-01 7.622619e-01 7.693849e-01 7.717642e-01 
-8.069833e-01 -8.044957e-01 -7.970481e-01 -7.846867e-01 -7.674875e-01 -7.455569e-01 -7.190301e-01 -6.880709e-01 -6.528702e-01 -6.136454e-01 -5.706383e-01 -5.241143e-01 -4.743604e-01 -4.216836e-01 -3.664086e-01 -3.088765e-01 -2.494420e-01 -1.884717e-01 -1.263414e-01 -6.343433e-02 -1.382903e-04 6.315648e-02 1.260598e-01 1.881838e-01 2.491457e-01 3.085696e-01 3.660893e-01 4.213503e-01 4.740120e-01 5.237499e-01 5.702574e-01 6.132479e-01 6.524566e-01 6.876418e-01 7.185867e-01 7.451007e-01 7.670203e-01 7.842106e-01 7.965656e-01 8.040092e-01 8.064955e-01 
-8.367540e-01 -8.341746e-01 -8.264523e-01 -8.136347e-01 -7.958010e-01 -7.730611e-01 -7.455556e-01 -7.134541e-01 -6.769546e-01 -6.362825e-01 -5.916886e-01 -5.434481e-01 -4.918585e-01 -4.372381e-01 -3.799238e-01 -3.202690e-01 -2.586417e-01 -1.954219e-01 -1.309993e-01 -6.577134e-02 -1.400361e-04 6.548995e-02 1.307140e-01 1.951301e-01 2.583411e-01 3.199574e-01 3.795992e-01 4.368990e-01 4.915036e-01 5.430765e-01 5.912998e-01 6.358765e-01 6.765317e-01 7.130150e-01 7.451016e-01 7.725938e-01 7.953222e-01 8.131467e-01 8.259575e-01 8.336757e-01 8.362537e-01 
-8.613665e-01 -8.587112e-01 -8.507617e-01 -8.375670e-01 -8.192086e-01 -7.957998e-01 -7.674851e-01 -7.344392e-01 -6.968660e-01 -6.549973e-01 -6.090916e-01 -5.594319e-01 -5.063247e-01 -4.500975e-01 -3.910972e-01 -3.296876e-01 -2.662474e-01 -2.011678e-01 -1.348502e-01 -6.770346e-02 -1.415271e-04 6.741904e-02 1.345617e-01 2.008727e-01 2.659431e-01 3.293719e-01 3.907682e-01 4.497535e-01 5.059643e-01 5.590542e-01 6.086961e-01 6.545840e-01 6.964351e-01 7.339916e-01 7.670221e-01 7.953230e-01 8.187199e-01 8.370687e-01 8.502564e-01 8.582016e-01 8.608555e-01 
-8.806688e-01 -8.779540e-01 -8.698263e-01 -8.563359e-01 -8.375660e-01 -8.136326e-01 -7.846833e-01 -7.508967e-01 -7.124814e-01 -6.696744e-01 -6.227398e-01 -5.719672e-01 -5.176698e-01 -4.601825e-01 -3.998599e-01 -3.370741e-01 -2.722121e-01 -2.056741e-01 -1.378703e-01 -6.921874e-02 -1.427267e-04 6.893189e-02 1.375793e-01 2.053762e-01 2.719049e-01 3.367551e-01 3.995273e-01 4.598345e-01 5.173050e-01 5.715847e-01 6.223390e-01 6.692552e-01 7.120442e-01 7.504424e-01 7.842130e-01 8.131481e-01 8.370694e-01 8.558294e-01 8.693126e-01 8.774359e-01 8.801492e-01 
-8.945419e-01 -8.917843e-01 -8.835286e-01 -8.698256e-01 -8.507600e-01 -8.264495e-01 -7.970441e-01 -7.627252e-01 -7.237046e-01 -6.802232e-01 -6.325492e-01 -5.809767e-01 -5.258238e-01 -4.674309e-01 -4.061579e-01 -3.423829e-01 -2.764992e-01 -2.089129e-01 -1.400409e-01 -7.030783e-02 -1.436053e-04 7.001919e-02 1.397480e-01 2.086130e-01 2.761897e-01 3.420616e-01 4.058227e-01 4.670799e-01 5.254557e-01 5.805905e-01 6.321444e-01 6.797997e-01 7.232628e-01 7.622658e-01 7.965685e-01 8.259594e-01 8.502575e-01 8.693131e-01 8.830087e-01 8.912599e-01 8.940160e-01 
-9.029002e-01 -9.001168e-01 -8.917839e-01 -8.779529e-01 -8.587091e-01 -8.341714e-01 -8.044912e-01 -7.698516e-01 -7.304664e-01 -6.865786e-01 -6.384591e-01 -5.864047e-01 -5.307365e-01 -4.717978e-01 -4.099523e-01 -3.455814e-01 -2.790820e-01 -2.108642e-01 -1.413487e-01 -7.096398e-02 -1.441413e-04 7.067426e-02 1.410546e-01 2.105631e-01 2.787713e-01 3.452586e-01 4.096155e-01 4.714451e-01 5.303664e-01 5.860163e-01 6.380519e-01 6.861525e-01 7.300217e-01 7.693892e-01 8.040124e-01 8.336779e-01 8.582030e-01 8.774366e-01 8.912602e-01 8.995886e-01 9.023704e-01 
-9.056920e-01 -9.029000e-01 -8.945413e-01 -8.806675e-01 -8.613643e-01 -8.367507e-01 -8.069786e-01 -7.722319e-01 -7.327250e-01 -6.887015e-01 -6.404332e-01 -5.882178e-01 -5.323774e-01 -4.732565e-01 -4.112198e-01 -3.466498e-01 -2.799447e-01 -2.115160e-01 -1.417855e-01 -7.118315e-02 -1.443215e-04 7.089306e-02 1.414911e-01 2.112145e-01 2.796335e-01 3.463265e-01 4.108823e-01 4.729031e-01 5.320066e-01 5.878286e-01 6.400251e-01 6.882745e-01 7.322793e-01 7.717685e-01 8.064988e-01 8.362560e-01 8.608570e-01 8.801501e-01 8.940164e-01 9.023705e-01 9.051609e-01 
