9.080979e-01 8.969156e-01 8.636437e-01 8.091004e-01 7.346270e-01 6.420551e-01 5.336617e-01 4.121135e-01 2.804012e-01 1.417661e-01 -3.796544e-04 -1.425368e-01 -2.812054e-01 -4.129704e-01 -5.345863e-01 -6.430563e-01 -7.357066e-01 -8.102522e-01 -8.648539e-01 -8.981637e-01 -9.093592e-01 
8.969161e-01 8.858715e-01 8.530092e-01 7.991374e-01 7.255808e-01 6.341485e-01 5.270896e-01 4.070378e-01 2.769471e-01 1.400188e-01 -3.768778e-04 -1.407838e-01 -2.777449e-01 -4.078875e-01 -5.280057e-01 -6.351399e-01 -7.266491e-01 -8.002766e-01 -8.542056e-01 -8.871051e-01 -8.981626e-01 
8.636459e-01 8.530108e-01 8.213673e-01 7.694933e-01 6.986646e-01 6.106232e-01 5.075348e-01 3.919354e-01 2.666695e-01 1.348196e-01 -3.688420e-04 -1.355680e-01 -2.674490e-01 -3.927642e-01 -5.084266e-01 -6.115863e-01 -6.997005e-01 -7.705961e-01 -8.225240e-01 -8.542027e-01 -8.648499e-01 
8.091051e-01 7.991415e-01 7.694958e-01 7.208970e-01 6.545403e-01 5.720577e-01 4.754781e-01 3.671775e-01 2.498208e-01 1.262961e-01 -3.563910e-04 -1.270187e-01 -2.505721e-01 -3.679740e-01 -4.763324e-01 -5.729772e-01 -6.555262e-01 -7.219439e-01 -7.705918e-01 -8.002694e-01 -8.102440e-01 
7.346349e-01 7.255881e-01 6.986703e-01 6.545435e-01 5.942927e-01 5.194000e-01 4.317075e-01 3.333726e-01 2.268150e-01 1.146570e-01 -3.408134e-04 -1.153474e-01 -2.275310e-01 -3.341289e-01 -4.325151e-01 -5.202654e-01 -5.952169e-01 -6.555214e-01 -6.996914e-01 -7.266372e-01 -7.356936e-01 
6.420665e-01 6.341594e-01 6.106325e-01 5.720644e-01 5.194035e-01 4.539451e-01 3.772993e-01 2.913518e-01 1.982173e-01 1.001878e-01 -3.236891e-04 -1.008428e-01 -1.988946e-01 -2.920640e-01 -3.780560e-01 -4.547517e-01 -5.202606e-01 -5.729676e-01 -6.115727e-01 -6.351235e-01 -6.430389e-01 
5.336767e-01 5.271041e-01 5.075476e-01 4.754883e-01 4.317145e-01 3.773028e-01 3.135916e-01 2.421482e-01 1.647304e-01 8.324357e-02 -3.067137e-04 -8.386352e-02 -1.653694e-01 -2.428169e-01 -3.142981e-01 -3.780516e-01 -4.325060e-01 -4.763187e-01 -5.084091e-01 -5.279856e-01 -5.345653e-01 
4.121319e-01 4.070556e-01 3.919515e-01 3.671910e-01 3.333829e-01 2.913585e-01 2.421513e-01 1.869719e-01 1.271777e-01 6.424021e-02 -2.915255e-04 -6.482880e-02 -1.277824e-01 -1.876018e-01 -2.428133e-01 -2.920561e-01 -3.341165e-01 -3.679573e-01 -3.927439e-01 -4.078648e-01 -4.129469e-01 
2.804223e-01 2.769676e-01 2.666883e-01 2.498370e-01 2.268279e-01 1.982266e-01 1.647361e-01 1.271802e-01 8.648260e-02 4.364458e-02 -2.795549e-04 -4.420847e-02 -8.706039e-02 -1.277797e-01 -1.653631e-01 -1.988842e-01 -2.275164e-01 -2.505535e-01 -2.674271e-01 -2.777208e-01 -2.811805e-01 
1.417893e-01 1.400414e-01 1.348405e-01 1.263142e-01 1.146718e-01 1.001989e-01 8.325098e-02 6.424438e-02 4.364621e-02 2.196296e-02 -2.719055e-04 -2.251106e-02 -4.420679e-02 -6.482447e-02 -8.385575e-02 -1.008311e-01 -1.153317e-01 -1.269992e-01 -1.355454e-01 -1.407592e-01 -1.425116e-01 
-3.550351e-04 -3.529031e-04 -3.467257e-04 -3.371325e-04 -3.250935e-04 -3.118118e-04 -2.985964e-04 -2.867307e-04 -2.773507e-04 -2.713434e-04 -2.692717e-04 -2.713283e-04 -2.773209e-04 -2.866869e-04 -2.985396e-04 -3.117435e-04 -3.250154e-04 -3.370465e-04 -3.466338e-04 -3.528077e-04 -3.549384e-04 
-1.425116e-01 -1.407593e-01 -1.355455e-01 -1.269992e-01 -1.153317e-01 -1.008312e-01 -8.385579e-02 -6.482450e-02 -4.420681e-02 -2.251106e-02 -2.718903e-04 2.196299e-02 4.364625e-02 6.424444e-02 8.325105e-02 1.001990e-01 1.146718e-01 1.263143e-01 1.348406e-01 1.400415e-01 1.417894e-01 
-2.811805e-01 -2.777208e-01 -2.674271e-01 -2.505535e-01 -2.275164e-01 -1.988843e-01 -1.653632e-01 -1.277797e-01 -8.706039e-02 -4.420845e-02 -2.795247e-04 4.364462e-02 8.648266e-02 1.271803e-01 1.647362e-01 1.982267e-01 2.268280e-01 2.498371e-01 2.666884e-01 2.769677e-01 2.804224e-01 
-4.129470e-01 -4.078649e-01 -3.927440e-01 -3.679574e-01 -3.341165e-01 -2.920561e-01 -2.428133e-01 -1.876018e-01 -1.277824e-01 -6.482877e-02 -2.914812e-04 6.424027e-02 1.271778e-01 1.869720e-01 2.421514e-01 2.913586e-01 3.333830e-01 3.671911e-01 3.919516e-01 4.070557e-01 4.121320e-01 
-5.345653e-01 -5.279857e-01 -5.084092e-01 -4.763187e-01 -4.325061e-01 -3.780516e-01 -3.142981e-01 -2.428169e-01 -1.653694e-01 -8.386348e-02 -3.066563e-04 8.324364e-02 1.647305e-01 2.421483e-01 3.135917e-01 3.773029e-01 4.317146e-01 4.754884e-01 5.075477e-01 5.271042e-01 5.336769e-01 
-6.430389e-01 -6.351235e-01 -6.115727e-01 -5.729676e-01 -5.202606e-01 -4.547517e-01 -3.780560e-01 -2.920640e-01 -1.988945e-01 -1.008428e-01 -3.236200e-04 1.001879e-01 1.982174e-01 2.913519e-01 3.772994e-01 4.539452e-01 5.194036e-01 5.720645e-01 6.106326e-01 6.341595e-01 6.420667e-01 
-7.356936e-01 -7.266372e-01 -6.996914e-01 -6.555214e-01 -5.952169e-01 -5.202654e-01 -4.325151e-01 -3.341289e-01 -2.275310e-01 -1.153473e-01 -3.407343e-04 1.146571e-01 2.268151e-01 3.333727e-01 4.317076e-01 5.194001e-01 5.942928e-01 6.545436e-01 6.986705e-01 7.255883e-01 7.346350e-01 
-8.102440e-01 -8.002694e-01 -7.705918e-01 -7.219439e-01 -6.555262e-01 -5.729771e-01 -4.763323e-01 -3.679740e-01 -2.505721e-01 -1.270186e-01 -3.563039e-04 1.262962e-01 2.498209e-01 3.671776e-01 4.754782e-01 5.720578e-01 6.545404e-01 7.208972e-01 7.694960e-01 7.991417e-01 8.091052e-01 
-8.648499e-01 -8.542027e-01 -8.225240e-01 -7.705961e-01 -6.997005e-01 -6.115863e-01 -5.084266e-01 -3.927641e-01 -2.674490e-01 -1.355679e-01 -3.687490e-04 1.348197e-01 2.666696e-01 3.919356e-01 5.075349e-01 6.106234e-01 6.986648e-01 7.694934e-01 8.213674e-01 8.530110e-01 8.636460e-01 
-8.981626e-01 -8.871051e-01 -8.542056e-01 -8.002765e-01 -7.266491e-01 -6.351399e-01 -5.280057e-01 -4.078874e-01 -2.777448e-01 -1.407837e-01 -3.767812e-04 1.400189e-01 2.769472e-01 4.070380e-01 5.270897e-01 6.341486e-01 7.255809e-01 7.991375e-01 8.530094e-01 8.858716e-01 8.969163e-01 
-9.093592e-01 -8.981637e-01 -8.648539e-01 -8.102522e-01 -7.357065e-01 -6.430562e-01 -5.345862e-01 -4.129703e-01 -2.812053e-01 -1.425367e-01 -3.795565e-04 1.417662e-01 2.804013e-01 4.121137e-01 5.336619e-01 6.420552e-01 7.346271e-01 8.091005e-01 8.636438e-01 8.969157e-01 9.080980e-01 
