9.061094e-01 9.033157e-01 8.949520e-01 8.810697e-01 8.617545e-01 8.371255e-01 8.073344e-01 7.725649e-01 7.330314e-01 6.889775e-01 6.406748e-01 5.884209e-01 5.325381e-01 4.733706e-01 4.112831e-01 3.466584e-01 2.798946e-01 2.114033e-01 1.416065e-01 7.093441e-02 -1.773556e-04 -7.129053e-02 -1.419668e-01 -2.117704e-01 -2.802712e-01 -3.470467e-01 -4.116853e-01 -4.737883e-01 -5.329728e-01 -5.888736e-01 -6.411460e-01 -6.894674e-01 -7.335396e-01 -7.730906e-01 -8.078763e-01 -8.376819e-01 -8.623234e-01 -8.816487e-01 -8.955384e-01 -9.039066e-01 -9.067018e-01 
9.033157e-01 9.005307e-01 8.921927e-01 8.783533e-01 8.590976e-01 8.345445e-01 8.048453e-01 7.701830e-01 7.307713e-01 6.868533e-01 6.386994e-01 5.866067e-01 5.308961e-01 4.719110e-01 4.100150e-01 3.455895e-01 2.790315e-01 2.107513e-01 1.411697e-01 7.071548e-02 -1.770629e-04 -7.107101e-02 -1.415294e-01 -2.111178e-01 -2.794074e-01 -3.459771e-01 -4.104164e-01 -4.723279e-01 -5.313299e-01 -5.870584e-01 -6.391696e-01 -6.873420e-01 -7.312783e-01 -7.707073e-01 -8.053858e-01 -8.350995e-01 -8.596650e-01 -8.789307e-01 -8.927775e-01 -9.011200e-01 -9.039065e-01 
8.949520e-01 8.921928e-01 8.839320e-01 8.702207e-01 8.511433e-01 8.268175e-01 7.973933e-01 7.630519e-01 7.240051e-01 6.804936e-01 6.327856e-01 5.811752e-01 5.259804e-01 4.675414e-01 4.062184e-01 3.423893e-01 2.764475e-01 2.087994e-01 1.398620e-01 7.006004e-02 -1.761925e-04 -7.041381e-02 -1.402199e-01 -2.091641e-01 -2.768214e-01 -3.427747e-01 -4.066174e-01 -4.679558e-01 -5.264114e-01 -5.816239e-01 -6.332526e-01 -6.809789e-01 -7.245084e-01 -7.635723e-01 -7.979297e-01 -8.273682e-01 -8.517063e-01 -8.707935e-01 -8.845121e-01 -8.927773e-01 -8.955380e-01 
8.810698e-01 8.783533e-01 8.702207e-01 8.567221e-01 8.379406e-01 8.139922e-01 7.850243e-01 7.512156e-01 7.127745e-01 6.699379e-01 6.229698e-01 5.721599e-01 5.178211e-01 4.602885e-01 3.999166e-01 3.370775e-01 2.721585e-01 2.055597e-01 1.376914e-01 6.897210e-02 -1.747661e-04 -6.932299e-02 -1.380463e-01 -2.059212e-01 -2.725291e-01 -3.374595e-01 -4.003119e-01 -4.606988e-01 -5.182477e-01 -5.726038e-01 -6.234316e-01 -6.704175e-01 -7.132717e-01 -7.517297e-01 -7.855540e-01 -8.145358e-01 -8.384963e-01 -8.572874e-01 -8.707931e-01 -8.789301e-01 -8.816480e-01 
8.617547e-01 8.590978e-01 8.511434e-01 8.379407e-01 8.195710e-01 7.961475e-01 7.678146e-01 7.347470e-01 6.971486e-01 6.552510e-01 6.093125e-01 5.596163e-01 5.064687e-01 4.501972e-01 3.911487e-01 3.296870e-01 2.661910e-01 2.010519e-01 1.346714e-01 6.745836e-02 -1.728198e-04 -6.780532e-02 -1.350222e-01 -2.014093e-01 -2.665571e-01 -3.300641e-01 -3.915387e-01 -4.506018e-01 -5.068892e-01 -5.600536e-01 -6.097671e-01 -6.557230e-01 -6.976377e-01 -7.352524e-01 -7.683351e-01 -7.966815e-01 -8.201167e-01 -8.384958e-01 -8.517054e-01 -8.596639e-01 -8.623223e-01 
8.371257e-01 8.345448e-01 8.268177e-01 8.139923e-01 7.961476e-01 7.733935e-01 7.458703e-01 7.137477e-01 6.772237e-01 6.365235e-01 5.918978e-01 5.436218e-01 4.919930e-01 4.373296e-01 3.799685e-01 3.202631e-01 2.585816e-01 1.953041e-01 1.308204e-01 6.552811e-02 -1.704024e-04 -6.587018e-02 -1.311663e-01 -1.956561e-01 -2.589422e-01 -3.206343e-01 -3.803521e-01 -4.377273e-01 -4.924060e-01 -5.440510e-01 -5.923436e-01 -6.369860e-01 -6.777027e-01 -7.142424e-01 -7.463795e-01 -7.739157e-01 -7.966810e-01 -8.145347e-01 -8.273668e-01 -8.350978e-01 -8.376801e-01 
8.073348e-01 8.048457e-01 7.973936e-01 7.850246e-01 7.678148e-01 7.458704e-01 7.193267e-01 6.883472e-01 6.531229e-01 6.138709e-01 5.708332e-01 5.242750e-01 4.744833e-01 4.217650e-01 3.664449e-01 3.088641e-01 2.493774e-01 1.883514e-01 1.261622e-01 6.319321e-02 -1.675745e-04 -6.352957e-02 -1.265022e-01 -1.886973e-01 -2.497315e-01 -3.092283e-01 -3.668211e-01 -4.221545e-01 -4.748875e-01 -5.246946e-01 -5.712687e-01 -6.143224e-01 -6.535900e-01 -6.888293e-01 -7.198227e-01 -7.463788e-01 -7.683339e-01 -7.855522e-01 -7.979275e-01 -8.053834e-01 -8.078738e-01 
7.725655e-01 7.701835e-01 7.630524e-01 7.512161e-01 7.347474e-01 7.137480e-01 6.883473e-01 6.587019e-01 6.249945e-01 5.874328e-01 5.462484e-01 5.016951e-01 4.540475e-01 4.035993e-01 3.506614e-01 2.955601e-01 2.386349e-01 1.802368e-01 1.207255e-01 6.046800e-02 -1.644070e-04 -6.079797e-02 -1.210589e-01 -1.805758e-01 -2.389817e-01 -2.959165e-01 -3.510291e-01 -4.039797e-01 -4.544418e-01 -5.021040e-01 -5.466724e-01 -5.878719e-01 -6.254484e-01 -6.591700e-01 -6.888286e-01 -7.142410e-01 -7.352504e-01 -7.517272e-01 -7.635695e-01 -7.707043e-01 -7.730874e-01 
7.330322e-01 7.307721e-01 7.240059e-01 7.127751e-01 6.971492e-01 6.772243e-01 6.531232e-01 6.249947e-01 5.930119e-01 5.573721e-01 5.182949e-01 4.760212e-01 4.308116e-01 3.829445e-01 3.327152e-01 2.804331e-01 2.264204e-01 1.710102e-01 1.145438e-01 5.736924e-02 -1.609786e-04 -5.769228e-02 -1.148700e-01 -1.713418e-01 -2.267593e-01 -2.807810e-01 -3.330738e-01 -3.833151e-01 -4.311952e-01 -4.764186e-01 -5.187065e-01 -5.577979e-01 -5.934516e-01 -6.254477e-01 -6.535886e-01 -6.777006e-01 -6.976349e-01 -7.132685e-01 -7.245048e-01 -7.312745e-01 -7.335357e-01 
6.889785e-01 6.868543e-01 6.804946e-01 6.699388e-01 6.552518e-01 6.365242e-01 6.138715e-01 5.874332e-01 5.573723e-01 5.238742e-01 4.871452e-01 4.474117e-01 4.049187e-01 3.599279e-01 3.127168e-01 2.635763e-01 2.128092e-01 1.607284e-01 1.076550e-01 5.391596e-02 -1.573746e-04 -5.423173e-02 -1.079738e-01 -1.610522e-01 -2.131398e-01 -2.639154e-01 -3.130659e-01 -3.602882e-01 -4.052911e-01 -4.477970e-01 -4.875437e-01 -5.242860e-01 -5.577972e-01 -5.878704e-01 -6.143202e-01 -6.369832e-01 -6.557196e-01 -6.704136e-01 -6.809747e-01 -6.873375e-01 -6.894628e-01 
6.406761e-01 6.387008e-01 6.327870e-01 6.229711e-01 6.093137e-01 5.918989e-01 5.708341e-01 5.462491e-01 5.182954e-01 4.871454e-01 4.529911e-01 4.160428e-01 3.765284e-01 3.346914e-01 2.907896e-01 2.450936e-01 1.978850e-01 1.494549e-01 1.001016e-01 5.012940e-02 -1.536843e-04 -5.043772e-02 -1.004127e-01 -1.497706e-01 -1.982071e-01 -2.454236e-01 -2.911288e-01 -3.350410e-01 -3.768894e-01 -4.164157e-01 -4.533763e-01 -4.875430e-01 -5.187051e-01 -5.466702e-01 -5.712658e-01 -5.923401e-01 -6.097630e-01 -6.234270e-01 -6.332477e-01 -6.391645e-01 -6.411408e-01 
5.884227e-01 5.866084e-01 5.811768e-01 5.721615e-01 5.596178e-01 5.436232e-01 5.242762e-01 5.016961e-01 4.760220e-01 4.474123e-01 4.160431e-01 3.821079e-01 3.458157e-01 3.073903e-01 2.670685e-01 2.250988e-01 1.817399e-01 1.372589e-01 9.193010e-02 4.603283e-02 -1.499985e-04 -4.633371e-02 -9.223359e-02 -1.375667e-01 -1.820535e-01 -2.254198e-01 -2.673980e-01 -3.077295e-01 -3.461653e-01 -3.824685e-01 -4.164151e-01 -4.477956e-01 -4.764165e-01 -5.021012e-01 -5.246911e-01 -5.440468e-01 -5.600489e-01 -5.725986e-01 -5.816185e-01 -5.870527e-01 -5.888679e-01 
5.325402e-01 5.308982e-01 5.259824e-01 5.178231e-01 5.064706e-01 4.919947e-01 4.744849e-01 4.540489e-01 4.308127e-01 4.049195e-01 3.765290e-01 3.458160e-01 3.129699e-01 2.781931e-01 2.416999e-01 2.037153e-01 1.644732e-01 1.242157e-01 8.319084e-02 4.165145e-02 -1.464078e-04 -4.194507e-02 -8.348688e-02 -1.245157e-01 -1.647786e-01 -2.040274e-01 -2.420199e-01 -2.785220e-01 -3.133084e-01 -3.461647e-01 -3.768881e-01 -4.052891e-01 -4.311925e-01 -4.544384e-01 -4.748834e-01 -4.924013e-01 -5.068840e-01 -5.182421e-01 -5.264055e-01 -5.313238e-01 -5.329666e-01 
4.733731e-01 4.719136e-01 4.675439e-01 4.602909e-01 4.501995e-01 4.373317e-01 4.217669e-01 4.036011e-01 3.829460e-01 3.599292e-01 3.346923e-01 3.073910e-01 2.781934e-01 2.472796e-01 2.148400e-01 1.810746e-01 1.461915e-01 1.104056e-01 7.393761e-02 3.701220e-02 -1.430001e-04 -3.729894e-02 -7.422658e-02 -1.106982e-01 -1.464891e-01 -1.813784e-01 -2.151511e-01 -2.475988e-01 -2.785214e-01 -3.077283e-01 -3.350392e-01 -3.602857e-01 -3.833119e-01 -4.039759e-01 -4.221500e-01 -4.377222e-01 -4.505962e-01 -4.606928e-01 -4.679494e-01 -4.723214e-01 -4.737817e-01 
4.112862e-01 4.100180e-01 4.062213e-01 3.999195e-01 3.911514e-01 3.799710e-01 3.664473e-01 3.506636e-01 3.327171e-01 3.127184e-01 2.907909e-01 2.670695e-01 2.417006e-01 2.148404e-01 1.866544e-01 1.573165e-01 1.270073e-01 9.591374e-02 6.422741e-02 3.214362e-02 -1.398584e-04 -3.242402e-02 -6.450985e-02 -9.619953e-02 -1.272977e-01 -1.576125e-01 -1.869571e-01 -2.151506e-01 -2.420189e-01 -2.673964e-01 -2.911266e-01 -3.130629e-01 -3.330702e-01 -3.510249e-01 -3.668162e-01 -3.803467e-01 -3.915328e-01 -4.003056e-01 -4.066108e-01 -4.104096e-01 -4.116785e-01 
3.466619e-01 3.455930e-01 3.423927e-01 3.370809e-01 3.296902e-01 3.202662e-01 3.088669e-01 2.955626e-01 2.804353e-01 2.635782e-01 2.450952e-01 2.251001e-01 2.037162e-01 1.810753e-01 1.573168e-01 1.325872e-01 1.070389e-01 8.082930e-02 5.412003e-02 2.707568e-02 -1.370590e-04 -2.735043e-02 -5.439667e-02 -8.110902e-02 -1.073228e-01 -1.328764e-01 -1.576121e-01 -1.813775e-01 -2.040260e-01 -2.254178e-01 -2.454209e-01 -2.639121e-01 -2.807771e-01 -2.959120e-01 -3.092232e-01 -3.206287e-01 -3.300580e-01 -3.374530e-01 -3.427680e-01 -3.459702e-01 -3.470398e-01 
2.798987e-01 2.790355e-01 2.764514e-01 2.721623e-01 2.661946e-01 2.585851e-01 2.493806e-01 2.386379e-01 2.264231e-01 2.128115e-01 1.978870e-01 1.817415e-01 1.644745e-01 1.461924e-01 1.270079e-01 1.070391e-01 8.640922e-02 6.524527e-02 4.367775e-02 2.183956e-02 -1.346696e-04 -2.210949e-02 -4.394942e-02 -6.551982e-02 -8.668768e-02 -1.073225e-01 -1.272969e-01 -1.464879e-01 -1.647769e-01 -1.820512e-01 -1.982042e-01 -2.131363e-01 -2.267552e-01 -2.389770e-01 -2.497262e-01 -2.589365e-01 -2.665509e-01 -2.725226e-01 -2.768146e-01 -2.794005e-01 -2.802642e-01 
2.114078e-01 2.107558e-01 2.088039e-01 2.055640e-01 2.010561e-01 1.953080e-01 1.883550e-01 1.802401e-01 1.710132e-01 1.607311e-01 1.494571e-01 1.372608e-01 1.242172e-01 1.104068e-01 9.591455e-02 8.082980e-02 6.524550e-02 4.925768e-02 3.296488e-02 1.646751e-02 -1.327480e-04 -1.673355e-02 -3.323257e-02 -4.952806e-02 -6.551956e-02 -8.110843e-02 -9.619854e-02 -1.106968e-01 -1.245138e-01 -1.375642e-01 -1.497676e-01 -1.610486e-01 -1.713376e-01 -1.805711e-01 -1.886920e-01 -1.956504e-01 -2.014031e-01 -2.059147e-01 -2.091574e-01 -2.111110e-01 -2.117635e-01 
1.416115e-01 1.411747e-01 1.398669e-01 1.376962e-01 1.346760e-01 1.308247e-01 1.261663e-01 1.207292e-01 1.145471e-01 1.076579e-01 1.001041e-01 9.193224e-02 8.319258e-02 7.393897e-02 6.422841e-02 5.412071e-02 4.367814e-02 3.296505e-02 2.204744e-02 1.099260e-02 -1.313403e-04 -1.125580e-02 -2.231221e-02 -3.323238e-02 -4.394897e-02 -5.439589e-02 -6.450869e-02 -7.422498e-02 -8.348480e-02 -9.223100e-02 -1.004096e-01 -1.079701e-01 -1.148658e-01 -1.210542e-01 -1.264970e-01 -1.311606e-01 -1.350162e-01 -1.380400e-01 -1.402133e-01 -1.415227e-01 -1.419601e-01 
7.093996e-02 7.072099e-02 7.006545e-02 6.897735e-02 6.746338e-02 6.553284e-02 6.319761e-02 6.047204e-02 5.737287e-02 5.391917e-02 5.013218e-02 4.603517e-02 4.165336e-02 3.701371e-02 3.214476e-02 2.707648e-02 2.184007e-02 1.646778e-02 1.099270e-02 5.448561e-03 -1.304805e-04 -5.710030e-03 -1.125569e-02 -1.673325e-02 -2.210893e-02 -2.734956e-02 -3.242278e-02 -3.729728e-02 -4.194295e-02 -4.633109e-02 -5.043460e-02 -5.422811e-02 -5.768816e-02 -6.079337e-02 -6.352453e-02 -6.586474e-02 -6.779953e-02 -6.931693e-02 -7.040754e-02 -7.106462e-02 -7.128410e-02 
-1.713844e-04 -1.711294e-04 -1.703709e-04 -1.691277e-04 -1.674311e-04 -1.653235e-04 -1.628573e-04 -1.600941e-04 -1.571024e-04 -1.539564e-04 -1.507339e-04 -1.475143e-04 -1.443766e-04 -1.413978e-04 -1.386506e-04 -1.362020e-04 -1.341114e-04 -1.324297e-04 -1.311975e-04 -1.304445e-04 -1.301890e-04 -1.304370e-04 -1.311824e-04 -1.324073e-04 -1.340817e-04 -1.361652e-04 -1.386069e-04 -1.413475e-04 -1.443200e-04 -1.474518e-04 -1.506659e-04 -1.538832e-04 -1.570245e-04 -1.600120e-04 -1.627715e-04 -1.652345e-04 -1.673395e-04 -1.690341e-04 -1.702757e-04 -1.710334e-04 -1.712881e-04 
-7.128419e-02 -7.106471e-02 -7.040763e-02 -6.931702e-02 -6.779962e-02 -6.586482e-02 -6.352461e-02 -6.079344e-02 -5.768823e-02 -5.422817e-02 -5.043466e-02 -4.633115e-02 -4.194300e-02 -3.729732e-02 -3.242282e-02 -2.734959e-02 -2.210895e-02 -1.673327e-02 -1.125570e-02 -5.710030e-03 -1.304729e-04 5.448576e-03 1.099273e-02 1.646781e-02 2.184011e-02 2.707652e-02 3.214481e-02 3.701377e-02 4.165343e-02 4.603524e-02 5.013225e-02 5.391925e-02 5.737296e-02 6.047212e-02 6.319770e-02 6.553294e-02 6.746347e-02 6.897744e-02 7.006555e-02 7.072110e-02 7.094006e-02 
-1.419602e-01 -1.415228e-01 -1.402134e-01 -1.380401e-01 -1.350163e-01 -1.311607e-01 -1.264971e-01 -1.210543e-01 -1.148659e-01 -1.079702e-01 -1.004096e-01 -9.223104e-02 -8.348484e-02 -7.422501e-02 -6.450872e-02 -5.439592e-02 -4.394899e-02 -3.323239e-02 -2.231221e-02 -1.125580e-02 -1.313252e-04 1.099262e-02 2.204747e-02 3.296509e-02 4.367819e-02 5.412076e-02 6.422847e-02 7.393904e-02 8.319265e-02 9.193232e-02 1.001042e-01 1.076580e-01 1.145472e-01 1.207293e-01 1.261664e-01 1.308248e-01 1.346761e-01 1.376963e-01 1.398670e-01 1.411748e-01 1.416117e-01 
-2.117636e-01 -2.111111e-01 -2.091574e-01 -2.059148e-01 -2.014032e-01 -1.956505e-01 -1.886921e-01 -1.805711e-01 -1.713376e-01 -1.610486e-01 -1.497676e-01 -1.375642e-01 -1.245138e-01 -1.106968e-01 -9.619856e-02 -8.110844e-02 -6.551956e-02 -4.952806e-02 -3.323256e-02 -1.673354e-02 -1.327254e-04 1.646754e-02 3.296492e-02 4.925773e-02 6.524555e-02 8.082986e-02 9.591461e-02 1.104069e-01 1.242173e-01 1.372609e-01 1.494572e-01 1.607312e-01 1.710133e-01 1.802402e-01 1.883551e-01 1.953081e-01 2.010562e-01 2.055641e-01 2.088040e-01 2.107560e-01 2.114079e-01 
-2.802643e-01 -2.794006e-01 -2.768147e-01 -2.725227e-01 -2.665510e-01 -2.589365e-01 -2.497263e-01 -2.389771e-01 -2.267553e-01 -2.131363e-01 -1.982043e-01 -1.820513e-01 -1.647769e-01 -1.464879e-01 -1.272969e-01 -1.073225e-01 -8.668768e-02 -6.551981e-02 -4.394941e-02 -2.210947e-02 -1.346397e-04 2.183960e-02 4.367779e-02 6.524533e-02 8.640927e-02 1.070392e-01 1.270080e-01 1.461925e-01 1.644746e-01 1.817416e-01 1.978871e-01 2.128116e-01 2.264232e-01 2.386380e-01 2.493807e-01 2.585852e-01 2.661947e-01 2.721625e-01 2.764516e-01 2.790356e-01 2.798988e-01 
-3.470398e-01 -3.459702e-01 -3.427681e-01 -3.374531e-01 -3.300581e-01 -3.206287e-01 -3.092233e-01 -2.959120e-01 -2.807772e-01 -2.639121e-01 -2.454210e-01 -2.254178e-01 -2.040260e-01 -1.813775e-01 -1.576121e-01 -1.328764e-01 -1.073228e-01 -8.110901e-02 -5.439664e-02 -2.735040e-02 -1.370219e-04 2.707572e-02 5.412008e-02 8.082936e-02 1.070389e-01 1.325872e-01 1.573168e-01 1.810753e-01 2.037163e-01 2.251002e-01 2.450953e-01 2.635783e-01 2.804354e-01 2.955627e-01 3.088670e-01 3.202663e-01 3.296903e-01 3.370810e-01 3.423928e-01 3.455931e-01 3.466620e-01 
-4.116785e-01 -4.104097e-01 -4.066109e-01 -4.003056e-01 -3.915329e-01 -3.803467e-01 -3.668162e-01 -3.510249e-01 -3.330702e-01 -3.130630e-01 -2.911266e-01 -2.673964e-01 -2.420189e-01 -2.151506e-01 -1.869571e-01 -1.576125e-01 -1.272977e-01 -9.619951e-02 -6.450982e-02 -3.242399e-02 -1.398145e-04 3.214367e-02 6.422747e-02 9.591380e-02 1.270074e-01 1.573165e-01 1.866545e-01 2.148404e-01 2.417007e-01 2.670696e-01 2.907910e-01 3.127185e-01 3.327172e-01 3.506637e-01 3.664474e-01 3.799711e-01 3.911515e-01 3.999196e-01 4.062214e-01 4.100181e-01 4.112863e-01 
-4.737818e-01 -4.723215e-01 -4.679495e-01 -4.606928e-01 -4.505963e-01 -4.377222e-01 -4.221501e-01 -4.039759e-01 -3.833120e-01 -3.602857e-01 -3.350392e-01 -3.077283e-01 -2.785214e-01 -2.475988e-01 -2.151510e-01 -1.813784e-01 -1.464891e-01 -1.106982e-01 -7.422654e-02 -3.729890e-02 -1.429496e-04 3.701225e-02 7.393768e-02 1.104057e-01 1.461916e-01 1.810747e-01 2.148401e-01 2.472797e-01 2.781935e-01 3.073911e-01 3.346924e-01 3.599293e-01 3.829462e-01 4.036012e-01 4.217671e-01 4.373318e-01 4.501996e-01 4.602911e-01 4.675440e-01 4.719137e-01 4.733733e-01 
-5.329666e-01 -5.313238e-01 -5.264055e-01 -5.182422e-01 -5.068841e-01 -4.924014e-01 -4.748834e-01 -4.544384e-01 -4.311925e-01 -4.052891e-01 -3.768881e-01 -3.461647e-01 -3.133084e-01 -2.785220e-01 -2.420199e-01 -2.040274e-01 -1.647786e-01 -1.245157e-01 -8.348683e-02 -4.194502e-02 -1.463510e-04 4.165151e-02 8.319091e-02 1.242158e-01 1.644733e-01 2.037153e-01 2.417000e-01 2.781932e-01 3.129700e-01 3.458161e-01 3.765291e-01 4.049197e-01 4.308128e-01 4.540490e-01 4.744850e-01 4.919949e-01 5.064707e-01 5.178232e-01 5.259825e-01 5.308983e-01 5.325403e-01 
-5.888679e-01 -5.870528e-01 -5.816185e-01 -5.725987e-01 -5.600490e-01 -5.440469e-01 -5.246911e-01 -5.021012e-01 -4.764165e-01 -4.477956e-01 -4.164151e-01 -3.824685e-01 -3.461653e-01 -3.077295e-01 -2.673980e-01 -2.254197e-01 -1.820535e-01 -1.375667e-01 -9.223354e-02 -4.633365e-02 -1.499357e-04 4.603290e-02 9.193018e-02 1.372590e-01 1.817400e-01 2.250989e-01 2.670686e-01 3.073904e-01 3.458158e-01 3.821080e-01 4.160432e-01 4.474124e-01 4.760222e-01 5.016962e-01 5.242763e-01 5.436233e-01 5.596179e-01 5.721616e-01 5.811770e-01 5.866085e-01 5.884228e-01 
-6.411408e-01 -6.391645e-01 -6.332477e-01 -6.234271e-01 -6.097631e-01 -5.923401e-01 -5.712658e-01 -5.466702e-01 -5.187051e-01 -4.875430e-01 -4.533763e-01 -4.164157e-01 -3.768894e-01 -3.350410e-01 -2.911288e-01 -2.454235e-01 -1.982071e-01 -1.497706e-01 -1.004127e-01 -5.043765e-02 -1.536158e-04 5.012947e-02 1.001017e-01 1.494549e-01 1.978851e-01 2.450937e-01 2.907897e-01 3.346915e-01 3.765285e-01 4.160429e-01 4.529912e-01 4.871456e-01 5.182956e-01 5.462492e-01 5.708342e-01 5.918990e-01 6.093138e-01 6.229712e-01 6.327871e-01 6.387009e-01 6.406763e-01 
-6.894629e-01 -6.873375e-01 -6.809747e-01 -6.704137e-01 -6.557196e-01 -6.369832e-01 -6.143202e-01 -5.878704e-01 -5.577972e-01 -5.242860e-01 -4.875437e-01 -4.477970e-01 -4.052911e-01 -3.602882e-01 -3.130658e-01 -2.639153e-01 -2.131397e-01 -1.610521e-01 -1.079737e-01 -5.423166e-02 -1.573010e-04 5.391604e-02 1.076551e-01 1.607285e-01 2.128093e-01 2.635764e-01 3.127169e-01 3.599280e-01 4.049188e-01 4.474118e-01 4.871453e-01 5.238743e-01 5.573725e-01 5.874333e-01 6.138716e-01 6.365244e-01 6.552520e-01 6.699389e-01 6.804948e-01 6.868544e-01 6.889787e-01 
-7.335357e-01 -7.312745e-01 -7.245049e-01 -7.132686e-01 -6.976350e-01 -6.777006e-01 -6.535886e-01 -6.254477e-01 -5.934516e-01 -5.577979e-01 -5.187065e-01 -4.764186e-01 -4.311952e-01 -3.833151e-01 -3.330738e-01 -2.807810e-01 -2.267593e-01 -1.713417e-01 -1.148700e-01 -5.769221e-02 -1.609003e-04 5.736932e-02 1.145438e-01 1.710103e-01 2.264205e-01 2.804332e-01 3.327153e-01 3.829447e-01 4.308117e-01 4.760214e-01 5.182951e-01 5.573722e-01 5.930120e-01 6.249948e-01 6.531234e-01 6.772244e-01 6.971493e-01 7.127753e-01 7.240060e-01 7.307723e-01 7.330323e-01 
-7.730875e-01 -7.707043e-01 -7.635695e-01 -7.517272e-01 -7.352505e-01 -7.142410e-01 -6.888286e-01 -6.591700e-01 -6.254484e-01 -5.878719e-01 -5.466723e-01 -5.021040e-01 -4.544418e-01 -4.039797e-01 -3.510291e-01 -2.959164e-01 -2.389816e-01 -1.805758e-01 -1.210589e-01 -6.079789e-02 -1.643244e-04 6.046809e-02 1.207256e-01 1.802369e-01 2.386350e-01 2.955602e-01 3.506615e-01 4.035994e-01 4.540476e-01 5.016952e-01 5.462485e-01 5.874329e-01 6.249946e-01 6.587020e-01 6.883475e-01 7.137482e-01 7.347476e-01 7.512162e-01 7.630526e-01 7.701837e-01 7.725656e-01 
-8.078739e-01 -8.053834e-01 -7.979275e-01 -7.855522e-01 -7.683339e-01 -7.463788e-01 -7.198227e-01 -6.888293e-01 -6.535900e-01 -6.143224e-01 -5.712687e-01 -5.246946e-01 -4.748874e-01 -4.221545e-01 -3.668210e-01 -3.092283e-01 -2.497314e-01 -1.886972e-01 -1.265021e-01 -6.352949e-02 -1.674883e-04 6.319330e-02 1.261623e-01 1.883515e-01 2.493775e-01 3.088642e-01 3.664450e-01 4.217651e-01 4.744834e-01 5.242751e-01 5.708333e-01 6.138710e-01 6.531230e-01 6.883473e-01 7.193268e-01 7.458706e-01 7.678150e-01 7.850247e-01 7.973937e-01 8.048458e-01 8.073349e-01 
-8.376802e-01 -8.350978e-01 -8.273668e-01 -8.145347e-01 -7.966810e-01 -7.739157e-01 -7.463795e-01 -7.142424e-01 -6.777027e-01 -6.369860e-01 -5.923436e-01 -5.440509e-01 -4.924059e-01 -4.377272e-01 -3.803521e-01 -3.206343e-01 -2.589421e-01 -1.956561e-01 -1.311662e-01 -6.587010e-02 -1.703129e-04 6.552820e-02 1.308205e-01 1.953042e-01 2.585817e-01 3.202633e-01 3.799686e-01 4.373297e-01 4.919931e-01 5.436220e-01 5.918980e-01 6.365236e-01 6.772239e-01 7.137479e-01 7.458704e-01 7.733936e-01 7.961477e-01 8.139925e-01 8.268179e-01 8.345449e-01 8.371259e-01 
-8.623223e-01 -8.596639e-01 -8.517054e-01 -8.384958e-01 -8.201167e-01 -7.966815e-01 -7.683351e-01 -7.352524e-01 -6.976376e-01 -6.557230e-01 -6.097671e-01 -5.600536e-01 -5.068892e-01 -4.506018e-01 -3.915387e-01 -3.300641e-01 -2.665570e-01 -2.014092e-01 -1.350222e-01 -6.780523e-02 -1.727277e-04 6.745846e-02 1.346715e-01 2.010520e-01 2.661911e-01 3.296871e-01 3.911488e-01 4.501973e-01 5.064688e-01 5.596164e-01 6.093126e-01 6.552511e-01 6.971487e-01 7.347472e-01 7.678147e-01 7.961476e-01 8.195711e-01 8.379408e-01 8.511436e-01 8.590979e-01 8.617548e-01 
-8.816480e-01 -8.789301e-01 -8.707931e-01 -8.572874e-01 -8.384963e-01 -8.145358e-01 -7.855539e-01 -7.517296e-01 -7.132717e-01 -6.704175e-01 -6.234315e-01 -5.726037e-01 -5.182477e-01 -4.606987e-01 -4.003118e-01 -3.374594e-01 -2.725291e-01 -2.059211e-01 -1.380463e-01 -6.932290e-02 -1.746719e-04 6.897220e-02 1.376915e-01 2.055598e-01 2.721586e-01 3.370776e-01 3.999167e-01 4.602886e-01 5.178213e-01 5.721600e-01 6.229700e-01 6.699380e-01 7.127746e-01 7.512157e-01 7.850244e-01 8.139923e-01 8.379408e-01 8.567222e-01 8.702209e-01 8.783535e-01 8.810699e-01 
-8.955380e-01 -8.927773e-01 -8.845121e-01 -8.707935e-01 -8.517063e-01 -8.273682e-01 -7.979296e-01 -7.635723e-01 -7.245084e-01 -6.809789e-01 -6.332526e-01 -5.816239e-01 -5.264114e-01 -4.679557e-01 -4.066174e-01 -3.427747e-01 -2.768213e-01 -2.091640e-01 -1.402198e-01 -7.041372e-02 -1.760968e-04 7.006014e-02 1.398621e-01 2.087995e-01 2.764476e-01 3.423894e-01 4.062185e-01 4.675415e-01 5.259805e-01 5.811753e-01 6.327858e-01 6.804938e-01 7.240053e-01 7.630520e-01 7.973934e-01 8.268177e-01 8.511435e-01 8.702208e-01 8.839321e-01 8.921929e-01 8.949521e-01 
-9.039065e-01 -9.011200e-01 -8.927775e-01 -8.789307e-01 -8.596650e-01 -8.350995e-01 -8.053858e-01 -7.707073e-01 -7.312783e-01 -6.873419e-01 -6.391696e-01 -5.870584e-01 -5.313299e-01 -4.723279e-01 -4.104163e-01 -3.459770e-01 -2.794073e-01 -2.111178e-01 -1.415293e-01 -7.107092e-02 -1.769663e-04 7.071559e-02 1.411698e-01 2.107514e-01 2.790316e-01 3.455896e-01 4.100151e-01 4.719112e-01 5.308962e-01 5.866068e-01 6.386996e-01 6.868534e-01 7.307715e-01 7.701831e-01 8.048454e-01 8.345446e-01 8.590978e-01 8.783534e-01 8.921929e-01 9.005308e-01 9.033159e-01 
-9.067018e-01 -9.039066e-01 -8.955384e-01 -8.816487e-01 -8.623234e-01 -8.376819e-01 -8.078763e-01 -7.730906e-01 -7.335395e-01 -6.894673e-01 -6.411459e-01 -5.888736e-01 -5.329727e-01 -4.737883e-01 -4.116852e-01 -3.470467e-01 -2.802711e-01 -2.117704e-01 -1.419667e-01 -7.129044e-02 -1.772586e-04 7.093452e-02 1.416066e-01 2.114034e-01 2.798947e-01 3.466585e-01 4.112833e-01 4.733707e-01 5.325382e-01 5.884211e-01 6.406749e-01 6.889776e-01 7.330315e-01 7.725651e-01 8.073345e-01 8.371256e-01 8.617547e-01 8.810699e-01 8.949521e-01 9.033158e-01 9.061095e-01 
