9.083740e-01 8.971856e-01 8.638957e-01 8.093237e-01 7.348129e-01 6.421968e-01 5.337540e-01 4.121522e-01 2.803824e-01 1.416856e-01 -5.271211e-04 -1.427573e-01 -2.815055e-01 -4.133563e-01 -5.350621e-01 -6.436227e-01 -7.363594e-01 -8.109812e-01 -8.656429e-01 -8.989912e-01 -9.101998e-01 
8.971858e-01 8.861352e-01 8.532553e-01 7.993555e-01 7.257622e-01 6.342866e-01 5.271792e-01 4.070748e-01 2.769276e-01 1.399385e-01 -5.229876e-04 -1.410017e-01 -2.780412e-01 -4.082680e-01 -5.284745e-01 -6.356976e-01 -7.272914e-01 -8.009935e-01 -8.549813e-01 -8.879184e-01 -8.989888e-01 
8.638968e-01 8.532562e-01 8.215961e-01 7.696960e-01 6.988329e-01 6.107508e-01 5.076166e-01 3.919674e-01 2.666478e-01 1.347402e-01 -5.110276e-04 -1.357786e-01 -2.677341e-01 -3.931291e-01 -5.088750e-01 -6.121186e-01 -7.003123e-01 -7.712780e-01 -8.232610e-01 -8.549749e-01 -8.656342e-01 
8.093265e-01 7.993580e-01 7.696976e-01 7.210753e-01 6.546878e-01 5.721684e-01 4.755473e-01 3.672014e-01 2.497956e-01 1.262177e-01 -4.925047e-04 -1.272177e-01 -2.508395e-01 -3.683145e-01 -4.767489e-01 -5.734697e-01 -6.560908e-01 -7.225716e-01 -7.712690e-01 -8.009781e-01 -8.109636e-01 
7.348183e-01 7.257673e-01 6.988370e-01 6.546902e-01 5.944131e-01 5.194887e-01 4.317602e-01 3.333857e-01 2.267848e-01 1.145797e-01 -4.693439e-04 -1.155318e-01 -2.277759e-01 -3.344382e-01 -4.328911e-01 -5.207077e-01 -5.957216e-01 -6.560807e-01 -7.002933e-01 -7.272662e-01 -7.363320e-01 
6.422058e-01 6.342953e-01 6.107584e-01 5.721742e-01 5.194920e-01 4.540077e-01 3.773322e-01 2.913516e-01 1.981806e-01 1.001113e-01 -4.438992e-04 -1.010107e-01 -1.991138e-01 -2.923377e-01 -3.783859e-01 -4.551371e-01 -5.206980e-01 -5.734502e-01 -6.120905e-01 -6.356637e-01 -6.435867e-01 
5.337677e-01 5.271925e-01 5.076287e-01 4.755574e-01 4.317675e-01 3.773360e-01 3.136018e-01 2.421325e-01 1.646858e-01 8.316690e-02 -4.186904e-04 -8.401412e-02 -1.655617e-01 -2.430532e-01 -3.145796e-01 -3.783776e-01 -4.328734e-01 -4.767219e-01 -5.088401e-01 -5.284343e-01 -5.350199e-01 
4.121716e-01 4.070937e-01 3.919847e-01 3.672163e-01 3.333974e-01 2.913595e-01 2.421364e-01 1.869385e-01 1.271233e-01 6.416209e-02 -3.961470e-04 -6.496268e-02 -1.279480e-01 -1.878010e-01 -2.430468e-01 -2.923233e-01 -3.344150e-01 -3.682828e-01 -3.930903e-01 -4.082244e-01 -4.133110e-01 
2.804081e-01 2.769526e-01 2.666709e-01 2.498157e-01 2.268012e-01 1.981927e-01 1.646935e-01 1.271268e-01 8.641632e-02 4.356320e-02 -3.783867e-04 -4.432707e-02 -8.720081e-02 -1.279435e-01 -1.655510e-01 -1.990958e-01 -2.277500e-01 -2.508061e-01 -2.676944e-01 -2.779973e-01 -2.814602e-01 
1.417176e-01 1.399697e-01 1.347691e-01 1.262430e-01 1.146005e-01 1.001270e-01 8.317756e-02 6.416817e-02 4.356561e-02 2.187611e-02 -3.670419e-04 -2.261652e-02 -4.432442e-02 -6.495573e-02 -8.400149e-02 -1.009914e-01 -1.155057e-01 -1.271851e-01 -1.357407e-01 -1.409603e-01 -1.427147e-01 
-4.892060e-04 -4.860707e-04 -4.769864e-04 -4.628802e-04 -4.451795e-04 -4.256542e-04 -4.062289e-04 -3.887898e-04 -3.750058e-04 -3.661799e-04 -3.631385e-04 -3.661648e-04 -3.749760e-04 -3.887459e-04 -4.061721e-04 -4.255859e-04 -4.451014e-04 -4.627941e-04 -4.768944e-04 -4.859752e-04 -4.891093e-04 
-1.427148e-01 -1.409604e-01 -1.357407e-01 -1.271852e-01 -1.155057e-01 -1.009915e-01 -8.400153e-02 -6.495576e-02 -4.432444e-02 -2.261652e-02 -3.670266e-04 2.187614e-02 4.356566e-02 6.416823e-02 8.317763e-02 1.001271e-01 1.146005e-01 1.262431e-01 1.347692e-01 1.399698e-01 1.417177e-01 
-2.814603e-01 -2.779974e-01 -2.676944e-01 -2.508061e-01 -2.277500e-01 -1.990958e-01 -1.655510e-01 -1.279435e-01 -8.720081e-02 -4.432705e-02 -3.783566e-04 4.356325e-02 8.641638e-02 1.271269e-01 1.646935e-01 1.981928e-01 2.268013e-01 2.498159e-01 2.666710e-01 2.769527e-01 2.804082e-01 
-4.133111e-01 -4.082245e-01 -3.930904e-01 -3.682829e-01 -3.344150e-01 -2.923233e-01 -2.430468e-01 -1.878010e-01 -1.279480e-01 -6.496265e-02 -3.961027e-04 6.416214e-02 1.271234e-01 1.869386e-01 2.421365e-01 2.913596e-01 3.333975e-01 3.672164e-01 3.919849e-01 4.070938e-01 4.121717e-01 
-5.350200e-01 -5.284343e-01 -5.088402e-01 -4.767220e-01 -4.328734e-01 -3.783776e-01 -3.145796e-01 -2.430532e-01 -1.655616e-01 -8.401408e-02 -4.186330e-04 8.316697e-02 1.646859e-01 2.421326e-01 3.136020e-01 3.773361e-01 4.317676e-01 4.755575e-01 5.076288e-01 5.271926e-01 5.337678e-01 
-6.435868e-01 -6.356637e-01 -6.120905e-01 -5.734502e-01 -5.206980e-01 -4.551371e-01 -3.783859e-01 -2.923377e-01 -1.991138e-01 -1.010106e-01 -4.438302e-04 1.001114e-01 1.981807e-01 2.913517e-01 3.773323e-01 4.540078e-01 5.194921e-01 5.721743e-01 6.107585e-01 6.342954e-01 6.422059e-01 
-7.363320e-01 -7.272662e-01 -7.002933e-01 -6.560807e-01 -5.957216e-01 -5.207077e-01 -4.328910e-01 -3.344381e-01 -2.277759e-01 -1.155317e-01 -4.692648e-04 1.145798e-01 2.267849e-01 3.333858e-01 4.317603e-01 5.194888e-01 5.944132e-01 6.546904e-01 6.988372e-01 7.257674e-01 7.348184e-01 
-8.109636e-01 -8.009781e-01 -7.712690e-01 -7.225716e-01 -6.560907e-01 -5.734697e-01 -4.767489e-01 -3.683144e-01 -2.508395e-01 -1.272177e-01 -4.924175e-04 1.262178e-01 2.497957e-01 3.672015e-01 4.755474e-01 5.721685e-01 6.546879e-01 7.210755e-01 7.696977e-01 7.993581e-01 8.093267e-01 
-8.656342e-01 -8.549749e-01 -8.232610e-01 -7.712780e-01 -7.003123e-01 -6.121185e-01 -5.088750e-01 -3.931291e-01 -2.677340e-01 -1.357785e-01 -5.109345e-04 1.347403e-01 2.666479e-01 3.919675e-01 5.076167e-01 6.107509e-01 6.988331e-01 7.696961e-01 8.215963e-01 8.532563e-01 8.638970e-01 
-8.989888e-01 -8.879184e-01 -8.549813e-01 -8.009935e-01 -7.272914e-01 -6.356975e-01 -5.284745e-01 -4.082680e-01 -2.780411e-01 -1.410017e-01 -5.228909e-04 1.399386e-01 2.769277e-01 4.070749e-01 5.271793e-01 6.342868e-01 7.257624e-01 7.993556e-01 8.532554e-01 8.861353e-01 8.971860e-01 
-9.101998e-01 -8.989911e-01 -8.656429e-01 -8.109812e-01 -7.363593e-01 -6.436227e-01 -5.350621e-01 -4.133563e-01 -2.815055e-01 -1.427573e-01 -5.270232e-04 1.416857e-01 2.803826e-01 4.121523e-01 5.337541e-01 6.421969e-01 7.348131e-01 8.093239e-01 8.638958e-01 8.971857e-01 9.083741e-01 
