9.058257e-01 9.030329e-01 8.946714e-01 8.807929e-01 8.614829e-01 8.368602e-01 8.070767e-01 7.723157e-01 7.327913e-01 6.887472e-01 6.404545e-01 5.882108e-01 5.323379e-01 4.731800e-01 4.111015e-01 3.464850e-01 2.797284e-01 2.112432e-01 1.414513e-01 7.078273e-02 -3.269153e-04 -7.143939e-02 -1.421163e-01 -2.119221e-01 -2.804261e-01 -3.472062e-01 -4.118502e-01 -4.739596e-01 -5.331511e-01 -5.890595e-01 -6.413396e-01 -6.896688e-01 -7.337487e-01 -7.733071e-01 -8.080995e-01 -8.379112e-01 -8.625580e-01 -8.818874e-01 -8.957801e-01 -9.041503e-01 -9.069461e-01 
9.030329e-01 9.002486e-01 8.919130e-01 8.780773e-01 8.588267e-01 8.342800e-01 8.045882e-01 7.699344e-01 7.305319e-01 6.866235e-01 6.384797e-01 5.863971e-01 5.306964e-01 4.717209e-01 4.098338e-01 3.454164e-01 2.788657e-01 2.105916e-01 1.410148e-01 7.056408e-02 -3.263495e-04 -7.121959e-02 -1.416787e-01 -2.112692e-01 -2.795621e-01 -3.461362e-01 -4.105810e-01 -4.724989e-01 -5.315078e-01 -5.872438e-01 -6.393627e-01 -6.875429e-01 -7.314869e-01 -7.709233e-01 -8.056085e-01 -8.353282e-01 -8.598989e-01 -8.791688e-01 -8.930187e-01 -9.013630e-01 -9.041501e-01 
8.946716e-01 8.919131e-01 8.836546e-01 8.699470e-01 8.508747e-01 8.265552e-01 7.971383e-01 7.628053e-01 7.237676e-01 6.802657e-01 6.325676e-01 5.809671e-01 5.257821e-01 4.673525e-01 4.060383e-01 3.422173e-01 2.762827e-01 2.086406e-01 1.397080e-01 6.990947e-02 -3.246662e-04 -7.056158e-02 -1.403683e-01 -2.093146e-01 -2.769752e-01 -3.429329e-01 -4.067810e-01 -4.681256e-01 -5.265882e-01 -5.818081e-01 -6.334444e-01 -6.811784e-01 -7.247155e-01 -7.637866e-01 -7.981506e-01 -8.275952e-01 -8.519383e-01 -8.710297e-01 -8.847513e-01 -8.930183e-01 -8.957797e-01 
8.807933e-01 8.780776e-01 8.699472e-01 8.564522e-01 8.376757e-01 8.137334e-01 7.847728e-01 7.509723e-01 7.125400e-01 6.697128e-01 6.227545e-01 5.719543e-01 5.176251e-01 4.601018e-01 3.997386e-01 3.369074e-01 2.719953e-01 2.054024e-01 1.375388e-01 6.882291e-02 -3.219071e-04 -6.946945e-02 -1.381935e-01 -2.060703e-01 -2.726814e-01 -3.376161e-01 -4.004738e-01 -4.608669e-01 -5.184226e-01 -5.727859e-01 -6.236211e-01 -6.706147e-01 -7.134763e-01 -7.519413e-01 -7.857721e-01 -8.147598e-01 -8.387253e-01 -8.575205e-01 -8.710292e-01 -8.791679e-01 -8.818864e-01 
8.614836e-01 8.588274e-01 8.508752e-01 8.376760e-01 8.193111e-01 7.958936e-01 7.675678e-01 7.345082e-01 6.969183e-01 6.550299e-01 6.091008e-01 5.594141e-01 5.062759e-01 4.500134e-01 3.909733e-01 3.295193e-01 2.660301e-01 2.008968e-01 1.345207e-01 6.731104e-02 -3.181406e-04 -6.794997e-02 -1.351675e-01 -2.015565e-01 -2.667074e-01 -3.302187e-01 -3.916984e-01 -4.507675e-01 -5.070614e-01 -5.602329e-01 -6.099537e-01 -6.559169e-01 -6.978388e-01 -7.354604e-01 -7.685495e-01 -7.969016e-01 -8.203415e-01 -8.387246e-01 -8.519371e-01 -8.598974e-01 -8.625563e-01 
8.368614e-01 8.342811e-01 8.265562e-01 8.137341e-01 7.958940e-01 7.731457e-01 7.456294e-01 7.135145e-01 6.769988e-01 6.363074e-01 5.916908e-01 5.434239e-01 4.918041e-01 4.371494e-01 3.797964e-01 3.200985e-01 2.584235e-01 1.951515e-01 1.306722e-01 6.538312e-02 -3.134602e-04 -6.601259e-02 -1.313093e-01 -1.958010e-01 -2.590901e-01 -3.207863e-01 -3.805090e-01 -4.378899e-01 -4.925750e-01 -5.442267e-01 -5.925264e-01 -6.371759e-01 -6.778995e-01 -7.144458e-01 -7.465891e-01 -7.741307e-01 -7.969007e-01 -8.147582e-01 -8.275930e-01 -8.353258e-01 -8.379087e-01 
8.070783e-01 8.045898e-01 7.971398e-01 7.847740e-01 7.675687e-01 7.456299e-01 7.190926e-01 6.881204e-01 6.529041e-01 6.136606e-01 5.706315e-01 5.240821e-01 4.742991e-01 4.215890e-01 3.662768e-01 3.087030e-01 2.492226e-01 1.882019e-01 1.260169e-01 6.305095e-02 -3.079817e-04 -6.366936e-02 -1.266426e-01 -1.888395e-01 -2.498765e-01 -3.093772e-01 -3.669747e-01 -4.223136e-01 -4.750526e-01 -5.248663e-01 -5.714471e-01 -6.145075e-01 -6.537818e-01 -6.890274e-01 -7.200267e-01 -7.465881e-01 -7.685476e-01 -7.857696e-01 -7.981475e-01 -8.056050e-01 -8.080960e-01 
7.723179e-01 7.699366e-01 7.628073e-01 7.509741e-01 7.345096e-01 7.135155e-01 6.881210e-01 6.584825e-01 6.247826e-01 5.872290e-01 5.460528e-01 5.015078e-01 4.538685e-01 4.034281e-01 3.504976e-01 2.954031e-01 2.384838e-01 1.800907e-01 1.205834e-01 6.032881e-02 -3.018406e-04 -6.093481e-02 -1.211963e-01 -1.807149e-01 -2.391235e-01 -2.960620e-01 -3.511791e-01 -4.041349e-01 -4.546027e-01 -5.022711e-01 -5.468458e-01 -5.880518e-01 -6.256346e-01 -6.593622e-01 -6.890263e-01 -7.144437e-01 -7.354575e-01 -7.519376e-01 -7.637825e-01 -7.709188e-01 -7.733024e-01 
7.327942e-01 7.305348e-01 7.237703e-01 7.125425e-01 6.969205e-01 6.770005e-01 6.529053e-01 6.247833e-01 5.928077e-01 5.571754e-01 5.181060e-01 4.758401e-01 4.306382e-01 3.827786e-01 3.325562e-01 2.802804e-01 2.262734e-01 1.708678e-01 1.144052e-01 5.723338e-02 -2.951888e-04 -5.782594e-02 -1.150042e-01 -1.714775e-01 -2.268976e-01 -2.809228e-01 -3.332198e-01 -3.834660e-01 -4.313515e-01 -4.765808e-01 -5.188746e-01 -5.579721e-01 -5.936318e-01 -6.256335e-01 -6.537796e-01 -6.778963e-01 -6.978347e-01 -7.134715e-01 -7.247102e-01 -7.314813e-01 -7.337430e-01 
6.887508e-01 6.866271e-01 6.802691e-01 6.697160e-01 6.550327e-01 6.363098e-01 6.136625e-01 5.872303e-01 5.571761e-01 5.236850e-01 4.869632e-01 4.472371e-01 4.047513e-01 3.597675e-01 3.125628e-01 2.634282e-01 2.126664e-01 1.605900e-01 1.075201e-01 5.378361e-02 -2.881905e-04 -5.436203e-02 -1.081046e-01 -1.611845e-01 -2.132745e-01 -2.640533e-01 -3.132077e-01 -3.604346e-01 -4.054426e-01 -4.479539e-01 -4.877063e-01 -5.244542e-01 -5.579709e-01 -5.880495e-01 -6.145042e-01 -6.371716e-01 -6.559117e-01 -6.706088e-01 -6.811720e-01 -6.875362e-01 -6.896620e-01 
6.404589e-01 6.384841e-01 6.325718e-01 6.227584e-01 6.091045e-01 5.916940e-01 5.706342e-01 5.460549e-01 5.181075e-01 4.869640e-01 4.528163e-01 4.158749e-01 3.763671e-01 3.345365e-01 2.906408e-01 2.449503e-01 1.977466e-01 1.493205e-01 9.997047e-02 5.000064e-02 -2.810183e-04 -5.056458e-02 -1.005401e-01 -1.498993e-01 -1.983381e-01 -2.455575e-01 -2.912665e-01 -3.351829e-01 -3.770360e-01 -4.165674e-01 -4.535331e-01 -4.877051e-01 -5.188723e-01 -5.468424e-01 -5.714426e-01 -5.925209e-01 -6.099474e-01 -6.236141e-01 -6.334369e-01 -6.393549e-01 -6.413317e-01 
5.882160e-01 5.864022e-01 5.809721e-01 5.719590e-01 5.594186e-01 5.434279e-01 5.240856e-01 5.015107e-01 4.758424e-01 4.472386e-01 4.158756e-01 3.819467e-01 3.456607e-01 3.072412e-01 2.669250e-01 2.249603e-01 1.816058e-01 1.371286e-01 9.180279e-02 4.590768e-02 -2.738489e-04 -4.645713e-02 -9.235746e-02 -1.376918e-01 -1.821807e-01 -2.255498e-01 -2.675315e-01 -3.078668e-01 -3.463070e-01 -3.826149e-01 -4.165663e-01 -4.479517e-01 -4.765773e-01 -5.022666e-01 -5.248607e-01 -5.442202e-01 -5.602255e-01 -5.727778e-01 -5.817995e-01 -5.872350e-01 -5.890505e-01 
5.323440e-01 5.307024e-01 5.257880e-01 5.176308e-01 5.062811e-01 4.918090e-01 4.743034e-01 4.538722e-01 4.306412e-01 4.047536e-01 3.763687e-01 3.456615e-01 3.128210e-01 2.780496e-01 2.415615e-01 2.035814e-01 1.643435e-01 1.240894e-01 8.306725e-02 4.152982e-02 -2.668585e-04 -4.206515e-02 -8.360738e-02 -1.246374e-01 -1.649022e-01 -2.041536e-01 -2.421493e-01 -2.786550e-01 -3.134454e-01 -3.463060e-01 -3.770338e-01 -4.054393e-01 -4.313471e-01 -4.545972e-01 -4.750461e-01 -4.925674e-01 -5.070531e-01 -5.184136e-01 -5.265787e-01 -5.314981e-01 -5.331412e-01 
4.731870e-01 4.717278e-01 4.673593e-01 4.601083e-01 4.500195e-01 4.371550e-01 4.215942e-01 4.034327e-01 3.827824e-01 3.597705e-01 3.345389e-01 3.072428e-01 2.780503e-01 2.471415e-01 2.147065e-01 1.809453e-01 1.460659e-01 1.102831e-01 7.381757e-02 3.689393e-02 -2.602190e-04 -3.741585e-02 -7.434390e-02 -1.108167e-01 -1.466093e-01 -1.815010e-01 -2.152765e-01 -2.477276e-01 -2.786540e-01 -3.078648e-01 -3.351798e-01 -3.604304e-01 -3.834607e-01 -4.041285e-01 -4.223062e-01 -4.378815e-01 -4.507583e-01 -4.608570e-01 -4.681153e-01 -4.724883e-01 -4.739489e-01 
4.111094e-01 4.098416e-01 4.060460e-01 3.997459e-01 3.909802e-01 3.798029e-01 3.662827e-01 3.505029e-01 3.325608e-01 3.125667e-01 2.906438e-01 2.669272e-01 2.415630e-01 2.147072e-01 1.865255e-01 1.571913e-01 1.268855e-01 9.579477e-02 6.411066e-02 3.202846e-02 -2.540933e-04 -3.253801e-02 -6.462425e-02 -9.631498e-02 -1.274148e-01 -1.577318e-01 -1.870792e-01 -2.152757e-01 -2.421474e-01 -2.675286e-01 -2.912625e-01 -3.132027e-01 -3.332136e-01 -3.511719e-01 -3.669665e-01 -3.804999e-01 -3.916885e-01 -4.004633e-01 -4.067700e-01 -4.105697e-01 -4.118389e-01 
3.464937e-01 3.454251e-01 3.422258e-01 3.369156e-01 3.295271e-01 3.201058e-01 3.087098e-01 2.954091e-01 2.802858e-01 2.634328e-01 2.449540e-01 2.249633e-01 2.035836e-01 1.809467e-01 1.571920e-01 1.324658e-01 1.069206e-01 8.071354e-02 5.400625e-02 2.696331e-02 -2.486315e-04 -2.746182e-02 -5.450848e-02 -8.122185e-02 -1.074372e-01 -1.329928e-01 -1.577311e-01 -1.814993e-01 -2.041510e-01 -2.255461e-01 -2.455528e-01 -2.640475e-01 -2.809160e-01 -2.960541e-01 -3.093684e-01 -3.207765e-01 -3.302082e-01 -3.376051e-01 -3.429214e-01 -3.461244e-01 -3.471943e-01 
2.797379e-01 2.788751e-01 2.762919e-01 2.720043e-01 2.660386e-01 2.584316e-01 2.492300e-01 2.384906e-01 2.262794e-01 2.126716e-01 1.977510e-01 1.816094e-01 1.643462e-01 1.460679e-01 1.268868e-01 1.069211e-01 8.629395e-02 6.513229e-02 4.356653e-02 2.172958e-02 -2.439674e-04 -2.221867e-02 -4.405906e-02 -6.563045e-02 -8.679980e-02 -1.074366e-01 -1.274134e-01 -1.466070e-01 -1.648990e-01 -1.821765e-01 -1.983328e-01 -2.132681e-01 -2.268903e-01 -2.391151e-01 -2.498672e-01 -2.590800e-01 -2.666966e-01 -2.726700e-01 -2.769633e-01 -2.795499e-01 -2.804139e-01 
2.112535e-01 2.106017e-01 2.086506e-01 2.054121e-01 2.009060e-01 1.951602e-01 1.882100e-01 1.800981e-01 1.708744e-01 1.605958e-01 1.493254e-01 1.371327e-01 1.240927e-01 1.102856e-01 9.579650e-02 8.071459e-02 6.513276e-02 4.914699e-02 3.285577e-02 1.635948e-02 -2.402152e-04 -1.684099e-02 -3.334049e-02 -4.963698e-02 -6.562994e-02 -8.122071e-02 -9.631309e-02 -1.108139e-01 -1.246337e-01 -1.376872e-01 -1.498937e-01 -1.611778e-01 -1.714698e-01 -1.807062e-01 -1.888299e-01 -1.957906e-01 -2.015454e-01 -2.060587e-01 -2.093025e-01 -2.112569e-01 -2.119097e-01 
1.414622e-01 1.410256e-01 1.397186e-01 1.375491e-01 1.345306e-01 1.306815e-01 1.260256e-01 1.205914e-01 1.144123e-01 1.075263e-01 9.997587e-02 9.180732e-02 8.307092e-02 7.382042e-02 6.411276e-02 5.400767e-02 4.356736e-02 3.285612e-02 2.193993e-02 1.088602e-02 -2.374664e-04 -1.136198e-02 -2.241893e-02 -3.334012e-02 -4.405819e-02 -5.450698e-02 -6.462201e-02 -7.434082e-02 -8.360340e-02 -9.235251e-02 -1.005341e-01 -1.080976e-01 -1.149963e-01 -1.211875e-01 -1.266329e-01 -1.312988e-01 -1.351564e-01 -1.381818e-01 -1.403562e-01 -1.416663e-01 -1.421039e-01 
7.079420e-02 7.057548e-02 6.992066e-02 6.883375e-02 6.732142e-02 6.539291e-02 6.306006e-02 6.033715e-02 5.724089e-02 5.379024e-02 5.000637e-02 4.591251e-02 4.153377e-02 3.689704e-02 3.203080e-02 2.696495e-02 2.173063e-02 1.636005e-02 1.088624e-02 5.342912e-03 -2.357883e-04 -5.815480e-03 -1.136176e-02 -1.684040e-02 -2.221759e-02 -2.746011e-02 -3.253557e-02 -3.741259e-02 -4.206101e-02 -4.645205e-02 -5.055853e-02 -5.435502e-02 -5.781798e-02 -6.092595e-02 -6.365966e-02 -6.600215e-02 -6.793889e-02 -6.945785e-02 -7.054961e-02 -7.120739e-02 -7.142710e-02 
-3.150177e-04 -3.145256e-04 -3.130616e-04 -3.106618e-04 -3.073858e-04 -3.033146e-04 -2.985488e-04 -2.932063e-04 -2.874190e-04 -2.813297e-04 -2.750885e-04 -2.688491e-04 -2.627650e-04 -2.569858e-04 -2.516533e-04 -2.468985e-04 -2.428377e-04 -2.395706e-04 -2.371770e-04 -2.357155e-04 -2.352218e-04 -2.357080e-04 -2.371620e-04 -2.395481e-04 -2.428080e-04 -2.468617e-04 -2.516097e-04 -2.569356e-04 -2.627085e-04 -2.687866e-04 -2.750204e-04 -2.812565e-04 -2.873411e-04 -2.931242e-04 -2.984630e-04 -3.032256e-04 -3.072942e-04 -3.105682e-04 -3.129664e-04 -3.144296e-04 -3.149214e-04 
-7.142719e-02 -7.120748e-02 -7.054970e-02 -6.945794e-02 -6.793897e-02 -6.600223e-02 -6.365974e-02 -6.092603e-02 -5.781805e-02 -5.435508e-02 -5.055859e-02 -4.645211e-02 -4.206106e-02 -3.741264e-02 -3.253561e-02 -2.746014e-02 -2.221761e-02 -1.684041e-02 -1.136176e-02 -5.815480e-03 -2.357807e-04 5.342928e-03 1.088626e-02 1.636008e-02 2.173067e-02 2.696499e-02 3.203085e-02 3.689710e-02 4.153383e-02 4.591258e-02 5.000645e-02 5.379032e-02 5.724097e-02 6.033724e-02 6.306015e-02 6.539301e-02 6.732151e-02 6.883385e-02 6.992076e-02 7.057558e-02 7.079430e-02 
-1.421040e-01 -1.416664e-01 -1.403563e-01 -1.381818e-01 -1.351565e-01 -1.312989e-01 -1.266329e-01 -1.211875e-01 -1.149964e-01 -1.080977e-01 -1.005342e-01 -9.235256e-02 -8.360344e-02 -7.434086e-02 -6.462204e-02 -5.450700e-02 -4.405820e-02 -3.334013e-02 -2.241893e-02 -1.136197e-02 -2.374513e-04 1.088605e-02 2.193996e-02 3.285616e-02 4.356740e-02 5.400772e-02 6.411282e-02 7.382049e-02 8.307099e-02 9.180739e-02 9.997595e-02 1.075264e-01 1.144124e-01 1.205915e-01 1.260257e-01 1.306816e-01 1.345307e-01 1.375493e-01 1.397187e-01 1.410257e-01 1.414623e-01 
-2.119097e-01 -2.112569e-01 -2.093026e-01 -2.060587e-01 -2.015455e-01 -1.957907e-01 -1.888299e-01 -1.807063e-01 -1.714699e-01 -1.611778e-01 -1.498937e-01 -1.376872e-01 -1.246338e-01 -1.108140e-01 -9.631311e-02 -8.122072e-02 -6.562995e-02 -4.963698e-02 -3.334048e-02 -1.684097e-02 -2.401926e-04 1.635951e-02 3.285581e-02 4.914704e-02 6.513281e-02 8.071465e-02 9.579656e-02 1.102857e-01 1.240928e-01 1.371328e-01 1.493255e-01 1.605959e-01 1.708745e-01 1.800982e-01 1.882101e-01 1.951603e-01 2.009061e-01 2.054122e-01 2.086507e-01 2.106019e-01 2.112536e-01 
-2.804140e-01 -2.795500e-01 -2.769634e-01 -2.726701e-01 -2.666967e-01 -2.590800e-01 -2.498672e-01 -2.391152e-01 -2.268903e-01 -2.132682e-01 -1.983328e-01 -1.821766e-01 -1.648991e-01 -1.466071e-01 -1.274134e-01 -1.074366e-01 -8.679980e-02 -6.563044e-02 -4.405904e-02 -2.221865e-02 -2.439376e-04 2.172962e-02 4.356658e-02 6.513234e-02 8.629401e-02 1.069212e-01 1.268868e-01 1.460679e-01 1.643463e-01 1.816095e-01 1.977511e-01 2.126717e-01 2.262795e-01 2.384907e-01 2.492301e-01 2.584317e-01 2.660387e-01 2.720044e-01 2.762920e-01 2.788752e-01 2.797381e-01 
-3.471944e-01 -3.461245e-01 -3.429215e-01 -3.376051e-01 -3.302083e-01 -3.207766e-01 -3.093684e-01 -2.960541e-01 -2.809160e-01 -2.640475e-01 -2.455529e-01 -2.255462e-01 -2.041510e-01 -1.814994e-01 -1.577311e-01 -1.329928e-01 -1.074372e-01 -8.122184e-02 -5.450846e-02 -2.746179e-02 -2.485945e-04 2.696335e-02 5.400631e-02 8.071360e-02 1.069206e-01 1.324659e-01 1.571921e-01 1.809468e-01 2.035837e-01 2.249634e-01 2.449541e-01 2.634329e-01 2.802859e-01 2.954092e-01 3.087099e-01 3.201059e-01 3.295272e-01 3.369157e-01 3.422259e-01 3.454252e-01 3.464938e-01 
-4.118389e-01 -4.105698e-01 -4.067701e-01 -4.004634e-01 -3.916886e-01 -3.804999e-01 -3.669665e-01 -3.511719e-01 -3.332137e-01 -3.132027e-01 -2.912625e-01 -2.675286e-01 -2.421474e-01 -2.152757e-01 -1.870792e-01 -1.577318e-01 -1.274148e-01 -9.631496e-02 -6.462422e-02 -3.253797e-02 -2.540494e-04 3.202851e-02 6.411072e-02 9.579484e-02 1.268856e-01 1.571914e-01 1.865256e-01 2.147073e-01 2.415630e-01 2.669273e-01 2.906439e-01 3.125668e-01 3.325609e-01 3.505031e-01 3.662828e-01 3.798030e-01 3.909804e-01 3.997460e-01 4.060461e-01 4.098417e-01 4.111095e-01 
-4.739490e-01 -4.724883e-01 -4.681153e-01 -4.608571e-01 -4.507584e-01 -4.378816e-01 -4.223062e-01 -4.041285e-01 -3.834607e-01 -3.604304e-01 -3.351798e-01 -3.078648e-01 -2.786540e-01 -2.477276e-01 -2.152765e-01 -1.815010e-01 -1.466093e-01 -1.108166e-01 -7.434386e-02 -3.741580e-02 -2.601685e-04 3.689399e-02 7.381764e-02 1.102832e-01 1.460660e-01 1.809454e-01 2.147066e-01 2.471415e-01 2.780504e-01 3.072429e-01 3.345390e-01 3.597707e-01 3.827825e-01 4.034328e-01 4.215943e-01 4.371552e-01 4.500196e-01 4.601084e-01 4.673594e-01 4.717279e-01 4.731871e-01 
-5.331413e-01 -5.314981e-01 -5.265788e-01 -5.184136e-01 -5.070531e-01 -4.925675e-01 -4.750461e-01 -4.545972e-01 -4.313471e-01 -4.054393e-01 -3.770338e-01 -3.463060e-01 -3.134454e-01 -2.786550e-01 -2.421493e-01 -2.041535e-01 -1.649022e-01 -1.246374e-01 -8.360734e-02 -4.206510e-02 -2.668017e-04 4.152988e-02 8.306732e-02 1.240895e-01 1.643436e-01 2.035815e-01 2.415616e-01 2.780497e-01 3.128211e-01 3.456616e-01 3.763688e-01 4.047537e-01 4.306413e-01 4.538723e-01 4.743035e-01 4.918091e-01 5.062813e-01 5.176309e-01 5.257881e-01 5.307026e-01 5.323441e-01 
-5.890505e-01 -5.872350e-01 -5.817996e-01 -5.727778e-01 -5.602255e-01 -5.442202e-01 -5.248607e-01 -5.022666e-01 -4.765774e-01 -4.479517e-01 -4.165663e-01 -3.826149e-01 -3.463070e-01 -3.078668e-01 -2.675314e-01 -2.255497e-01 -1.821807e-01 -1.376918e-01 -9.235741e-02 -4.645708e-02 -2.737860e-04 4.590775e-02 9.180287e-02 1.371287e-01 1.816059e-01 2.249604e-01 2.669251e-01 3.072413e-01 3.456608e-01 3.819468e-01 4.158758e-01 4.472387e-01 4.758425e-01 5.015109e-01 5.240857e-01 5.434281e-01 5.594187e-01 5.719592e-01 5.809722e-01 5.864024e-01 5.882161e-01 
-6.413317e-01 -6.393550e-01 -6.334369e-01 -6.236142e-01 -6.099474e-01 -5.925210e-01 -5.714426e-01 -5.468424e-01 -5.188723e-01 -4.877051e-01 -4.535331e-01 -4.165674e-01 -3.770360e-01 -3.351829e-01 -2.912664e-01 -2.455575e-01 -1.983380e-01 -1.498993e-01 -1.005400e-01 -5.056452e-02 -2.809499e-04 5.000072e-02 9.997055e-02 1.493206e-01 1.977467e-01 2.449504e-01 2.906409e-01 3.345367e-01 3.763673e-01 4.158750e-01 4.528165e-01 4.869641e-01 5.181076e-01 5.460550e-01 5.706344e-01 5.916941e-01 6.091046e-01 6.227586e-01 6.325719e-01 6.384842e-01 6.404590e-01 
-6.896620e-01 -6.875362e-01 -6.811721e-01 -6.706088e-01 -6.559117e-01 -6.371716e-01 -6.145042e-01 -5.880495e-01 -5.579709e-01 -5.244542e-01 -4.877063e-01 -4.479539e-01 -4.054426e-01 -3.604346e-01 -3.132077e-01 -2.640532e-01 -2.132744e-01 -1.611844e-01 -1.081045e-01 -5.436196e-02 -2.881169e-04 5.378369e-02 1.075202e-01 1.605901e-01 2.126665e-01 2.634283e-01 3.125630e-01 3.597676e-01 4.047514e-01 4.472372e-01 4.869634e-01 5.236851e-01 5.571762e-01 5.872304e-01 6.136626e-01 6.363099e-01 6.550329e-01 6.697161e-01 6.802692e-01 6.866272e-01 6.887509e-01 
-7.337430e-01 -7.314813e-01 -7.247102e-01 -7.134715e-01 -6.978347e-01 -6.778963e-01 -6.537796e-01 -6.256335e-01 -5.936318e-01 -5.579721e-01 -5.188746e-01 -4.765807e-01 -4.313515e-01 -3.834660e-01 -3.332198e-01 -2.809228e-01 -2.268976e-01 -1.714775e-01 -1.150042e-01 -5.782587e-02 -2.951105e-04 5.723346e-02 1.144053e-01 1.708679e-01 2.262735e-01 2.802805e-01 3.325563e-01 3.827787e-01 4.306383e-01 4.758403e-01 5.181061e-01 5.571755e-01 5.928078e-01 6.247834e-01 6.529055e-01 6.770007e-01 6.969206e-01 7.125426e-01 7.237704e-01 7.305349e-01 7.327944e-01 
-7.733025e-01 -7.709188e-01 -7.637825e-01 -7.519376e-01 -7.354575e-01 -7.144438e-01 -6.890263e-01 -6.593622e-01 -6.256346e-01 -5.880518e-01 -5.468458e-01 -5.022711e-01 -4.546027e-01 -4.041349e-01 -3.511791e-01 -2.960619e-01 -2.391234e-01 -1.807148e-01 -1.211963e-01 -6.093474e-02 -3.017581e-04 6.032890e-02 1.205835e-01 1.800908e-01 2.384839e-01 2.954032e-01 3.504978e-01 4.034283e-01 4.538686e-01 5.015080e-01 5.460529e-01 5.872291e-01 6.247828e-01 6.584827e-01 6.881211e-01 7.135157e-01 7.345098e-01 7.509742e-01 7.628075e-01 7.699367e-01 7.723180e-01 
-8.080960e-01 -8.056051e-01 -7.981475e-01 -7.857696e-01 -7.685476e-01 -7.465881e-01 -7.200267e-01 -6.890274e-01 -6.537818e-01 -6.145075e-01 -5.714470e-01 -5.248662e-01 -4.750526e-01 -4.223136e-01 -3.669746e-01 -3.093771e-01 -2.498764e-01 -1.888394e-01 -1.266425e-01 -6.366928e-02 -3.078954e-04 6.305105e-02 1.260170e-01 1.882020e-01 2.492227e-01 3.087032e-01 3.662769e-01 4.215892e-01 4.742992e-01 5.240823e-01 5.706317e-01 6.136607e-01 6.529042e-01 6.881206e-01 7.190928e-01 7.456300e-01 7.675689e-01 7.847742e-01 7.971399e-01 8.045900e-01 8.070784e-01 
-8.379087e-01 -8.353258e-01 -8.275931e-01 -8.147582e-01 -7.969007e-01 -7.741307e-01 -7.465891e-01 -7.144458e-01 -6.778995e-01 -6.371759e-01 -5.925264e-01 -5.442267e-01 -4.925749e-01 -4.378899e-01 -3.805089e-01 -3.207862e-01 -2.590900e-01 -1.958009e-01 -1.313092e-01 -6.601251e-02 -3.133707e-04 6.538322e-02 1.306723e-01 1.951516e-01 2.584236e-01 3.200986e-01 3.797965e-01 4.371495e-01 4.918043e-01 5.434241e-01 5.916909e-01 6.363075e-01 6.769989e-01 7.135146e-01 7.456295e-01 7.731459e-01 7.958942e-01 8.137343e-01 8.265563e-01 8.342812e-01 8.368615e-01 
-8.625563e-01 -8.598974e-01 -8.519371e-01 -8.387246e-01 -8.203415e-01 -7.969016e-01 -7.685495e-01 -7.354604e-01 -6.978387e-01 -6.559169e-01 -6.099536e-01 -5.602328e-01 -5.070614e-01 -4.507674e-01 -3.916984e-01 -3.302186e-01 -2.667074e-01 -2.015564e-01 -1.351675e-01 -6.794988e-02 -3.180485e-04 6.731114e-02 1.345208e-01 2.008969e-01 2.660302e-01 3.295194e-01 3.909734e-01 4.500135e-01 5.062760e-01 5.594143e-01 6.091010e-01 6.550300e-01 6.969185e-01 7.345083e-01 7.675680e-01 7.958938e-01 8.193113e-01 8.376762e-01 8.508754e-01 8.588276e-01 8.614837e-01 
-8.818864e-01 -8.791679e-01 -8.710292e-01 -8.575205e-01 -8.387253e-01 -8.147598e-01 -7.857721e-01 -7.519413e-01 -7.134763e-01 -6.706146e-01 -6.236211e-01 -5.727858e-01 -5.184225e-01 -4.608668e-01 -4.004738e-01 -3.376161e-01 -2.726814e-01 -2.060702e-01 -1.381934e-01 -6.946936e-02 -3.218129e-04 6.882301e-02 1.375389e-01 2.054025e-01 2.719955e-01 3.369075e-01 3.997387e-01 4.601019e-01 5.176253e-01 5.719544e-01 6.227546e-01 6.697129e-01 7.125401e-01 7.509724e-01 7.847729e-01 8.137336e-01 8.376759e-01 8.564523e-01 8.699474e-01 8.780778e-01 8.807935e-01 
-8.957797e-01 -8.930183e-01 -8.847513e-01 -8.710297e-01 -8.519383e-01 -8.275951e-01 -7.981506e-01 -7.637866e-01 -7.247154e-01 -6.811784e-01 -6.334444e-01 -5.818080e-01 -5.265882e-01 -4.681255e-01 -4.067809e-01 -3.429328e-01 -2.769751e-01 -2.093145e-01 -1.403682e-01 -7.056149e-02 -3.245705e-04 6.990957e-02 1.397081e-01 2.086407e-01 2.762828e-01 3.422174e-01 4.060385e-01 4.673526e-01 5.257822e-01 5.809672e-01 6.325677e-01 6.802658e-01 7.237677e-01 7.628054e-01 7.971385e-01 8.265553e-01 8.508748e-01 8.699471e-01 8.836547e-01 8.919132e-01 8.946717e-01 
-9.041501e-01 -9.013630e-01 -8.930187e-01 -8.791688e-01 -8.598989e-01 -8.353282e-01 -8.056084e-01 -7.709232e-01 -7.314869e-01 -6.875429e-01 -6.393627e-01 -5.872438e-01 -5.315078e-01 -4.724988e-01 -4.105809e-01 -3.461361e-01 -2.795620e-01 -2.112691e-01 -1.416786e-01 -7.121950e-02 -3.262529e-04 7.056418e-02 1.410149e-01 2.105917e-01 2.788658e-01 3.454165e-01 4.098339e-01 4.717210e-01 5.306965e-01 5.863972e-01 6.384799e-01 6.866237e-01 7.305321e-01 7.699345e-01 8.045884e-01 8.342801e-01 8.588269e-01 8.780774e-01 8.919131e-01 9.002488e-01 9.030330e-01 
-9.069461e-01 -9.041503e-01 -8.957801e-01 -8.818874e-01 -8.625580e-01 -8.379112e-01 -8.080995e-01 -7.733070e-01 -7.337487e-01 -6.896688e-01 -6.413396e-01 -5.890594e-01 -5.331511e-01 -4.739596e-01 -4.118502e-01 -3.472061e-01 -2.804261e-01 -2.119220e-01 -1.421163e-01 -7.143929e-02 -3.268184e-04 7.078283e-02 1.414514e-01 2.112433e-01 2.797286e-01 3.464851e-01 4.111017e-01 4.731801e-01 5.323380e-01 5.882109e-01 6.404546e-01 6.887473e-01 7.327915e-01 7.723158e-01 8.070768e-01 8.368604e-01 8.614830e-01 8.807931e-01 8.946716e-01 9.030330e-01 9.058259e-01 
