6.432105e-03 6.352983e-03 6.116948e-03 5.728062e-03 5.193309e-03 4.522871e-03 3.730388e-03 2.833083e-03 1.851626e-03 8.096572e-04 2.670159e-04 1.351420e-03 2.416429e-03 3.435576e-03 4.383573e-03 5.236535e-03 5.972116e-03 6.569783e-03 7.011498e-03 7.282842e-03 7.374388e-03 
6.351311e-03 6.273154e-03 6.039997e-03 5.655859e-03 5.127647e-03 4.465427e-03 3.682681e-03 2.796422e-03 1.827062e-03 7.979403e-04 2.654654e-04 1.336523e-03 2.388438e-03 3.395060e-03 4.331390e-03 5.173821e-03 5.900271e-03 6.490471e-03 6.926628e-03 7.194540e-03 7.284924e-03 
6.110524e-03 6.035244e-03 5.810675e-03 5.440700e-03 4.931993e-03 4.294272e-03 3.540536e-03 2.687175e-03 1.753830e-03 7.629443e-04 2.609845e-04 1.292336e-03 2.305306e-03 3.274682e-03 4.176336e-03 4.987483e-03 5.686832e-03 6.254882e-03 6.674573e-03 6.932318e-03 7.019263e-03 
5.714545e-03 5.644008e-03 5.433594e-03 5.086953e-03 4.610360e-03 4.012942e-03 3.306892e-03 2.507561e-03 1.633321e-03 7.051481e-04 2.540607e-04 1.220338e-03 2.169507e-03 3.077896e-03 3.922817e-03 4.682836e-03 5.337954e-03 5.869915e-03 6.262813e-03 6.504039e-03 6.585399e-03 
5.171445e-03 5.107437e-03 4.916498e-03 4.601942e-03 4.169464e-03 3.627349e-03 2.986655e-03 2.261289e-03 1.467878e-03 6.253975e-04 2.454317e-04 1.122892e-03 1.985024e-03 2.810274e-03 3.577936e-03 4.268431e-03 4.863516e-03 5.346596e-03 5.703279e-03 5.922209e-03 5.996037e-03 
4.492626e-03 4.436812e-03 4.270308e-03 3.995975e-03 3.618739e-03 3.145781e-03 2.586697e-03 1.953563e-03 1.260821e-03 5.249603e-04 2.359906e-04 1.003096e-03 1.757156e-03 2.479256e-03 3.151178e-03 3.755662e-03 4.276633e-03 4.699504e-03 5.011675e-03 5.203251e-03 5.267848e-03 
3.692835e-03 3.646721e-03 3.509122e-03 3.282328e-03 2.970301e-03 2.578860e-03 2.115821e-03 1.591067e-03 1.016460e-03 4.055810e-04 2.266792e-04 8.646277e-04 1.492289e-03 2.093859e-03 2.654045e-03 3.158314e-03 3.593109e-03 3.946131e-03 4.206777e-03 4.366743e-03 4.420682e-03 
2.790065e-03 2.754946e-03 2.650104e-03 2.477132e-03 2.238840e-03 1.939434e-03 1.584662e-03 1.181895e-03 7.400732e-04 2.695157e-04 2.183901e-04 7.115720e-04 1.197666e-03 1.664361e-03 2.099663e-03 2.492099e-03 2.830909e-03 3.106290e-03 3.309776e-03 3.434728e-03 3.476871e-03 
1.805281e-03 1.782206e-03 1.713222e-03 1.599119e-03 1.441377e-03 1.242368e-03 1.005523e-03 7.354339e-04 4.378458e-04 1.195384e-04 2.118863e-04 5.482656e-04 8.811424e-04 1.201993e-03 1.502406e-03 1.774218e-03 2.009665e-03 2.201584e-03 2.343724e-03 2.431146e-03 2.460656e-03 
7.619649e-04 7.516927e-04 7.208150e-04 6.692164e-04 5.969038e-04 5.042341e-04 3.921227e-04 2.621816e-04 1.167633e-04 4.108689e-05 2.077452e-04 3.791545e-04 5.509628e-04 7.186326e-04 8.775174e-04 1.022925e-03 1.150208e-03 1.254916e-03 1.333040e-03 1.381340e-03 1.397688e-03 
3.145236e-04 3.115458e-04 3.030046e-04 2.899949e-04 2.740967e-04 2.570972e-04 2.407312e-04 2.264934e-04 2.155398e-04 2.086652e-04 2.063246e-04 2.086652e-04 2.155398e-04 2.264934e-04 2.407312e-04 2.570972e-04 2.740967e-04 2.899949e-04 3.030046e-04 3.115458e-04 3.145236e-04 
1.397688e-03 1.381340e-03 1.333040e-03 1.254916e-03 1.150208e-03 1.022925e-03 8.775174e-04 7.186326e-04 5.509628e-04 3.791545e-04 2.077452e-04 4.108689e-05 1.167633e-04 2.621816e-04 3.921227e-04 5.042341e-04 5.969038e-04 6.692164e-04 7.208150e-04 7.516927e-04 7.619649e-04 
2.460656e-03 2.431146e-03 2.343724e-03 2.201584e-03 2.009665e-03 1.774218e-03 1.502406e-03 1.201993e-03 8.811424e-04 5.482656e-04 2.118863e-04 1.195384e-04 4.378458e-04 7.354339e-04 1.005523e-03 1.242368e-03 1.441377e-03 1.599119e-03 1.713222e-03 1.782206e-03 1.805281e-03 
3.476871e-03 3.434728e-03 3.309776e-03 3.106290e-03 2.830909e-03 2.492099e-03 2.099663e-03 1.664361e-03 1.197666e-03 7.115720e-04 2.183901e-04 2.695157e-04 7.400732e-04 1.181895e-03 1.584662e-03 1.939434e-03 2.238840e-03 2.477132e-03 2.650104e-03 2.754946e-03 2.790065e-03 
4.420682e-03 4.366743e-03 4.206777e-03 3.946131e-03 3.593109e-03 3.158314e-03 2.654045e-03 2.093859e-03 1.492289e-03 8.646277e-04 2.266792e-04 4.055810e-04 1.016460e-03 1.591067e-03 2.115821e-03 2.578860e-03 2.970301e-03 3.282328e-03 3.509122e-03 3.646721e-03 3.692835e-03 
5.267848e-03 5.203251e-03 5.011675e-03 4.699504e-03 4.276633e-03 3.755662e-03 3.151178e-03 2.479256e-03 1.757156e-03 1.003096e-03 2.359906e-04 5.249603e-04 1.260821e-03 1.953563e-03 2.586697e-03 3.145781e-03 3.618739e-03 3.995975e-03 4.270308e-03 4.436812e-03 4.492626e-03 
5.996037e-03 5.922209e-03 5.703279e-03 5.346596e-03 4.863516e-03 4.268431e-03 3.577936e-03 2.810274e-03 1.985024e-03 1.122892e-03 2.454317e-04 6.253975e-04 1.467878e-03 2.261289e-03 2.986655e-03 3.627349e-03 4.169464e-03 4.601942e-03 4.916498e-03 5.107437e-03 5.171445e-03 
6.585399e-03 6.504039e-03 6.262813e-03 5.869915e-03 5.337954e-03 4.682836e-03 3.922817e-03 3.077896e-03 2.169507e-03 1.220338e-03 2.540607e-04 7.051481e-04 1.633321e-03 2.507561e-03 3.306892e-03 4.012942e-03 4.610360e-03 5.086953e-03 5.433594e-03 5.644008e-03 5.714545e-03 
7.019263e-03 6.932318e-03 6.674573e-03 6.254882e-03 5.686832e-03 4.987483e-03 4.176336e-03 3.274682e-03 2.305306e-03 1.292336e-03 2.609845e-04 7.629443e-04 1.753830e-03 2.687175e-03 3.540536e-03 4.294272e-03 4.931993e-03 5.440700e-03 5.810675e-03 6.035244e-03 6.110524e-03 
7.284924e-03 7.194540e-03 6.926628e-03 6.490471e-03 5.900271e-03 5.173821e-03 4.331390e-03 3.395060e-03 2.388438e-03 1.336523e-03 2.654654e-04 7.979403e-04 1.827062e-03 2.796422e-03 3.682681e-03 4.465427e-03 5.127647e-03 5.655859e-03 6.039997e-03 6.273154e-03 6.351311e-03 
7.374388e-03 7.282842e-03 7.011498e-03 6.569783e-03 5.972116e-03 5.236535e-03 4.383573e-03 3.435576e-03 2.416429e-03 1.351420e-03 2.670159e-04 8.096572e-04 1.851626e-03 2.833083e-03 3.730388e-03 4.522871e-03 5.193309e-03 5.728062e-03 6.116948e-03 6.352983e-03 6.432105e-03 
