2.803494e-03 2.794940e-03 2.769313e-03 2.726723e-03 2.667354e-03 2.591470e-03 2.499414e-03 2.391620e-03 2.268612e-03 2.131011e-03 1.979539e-03 1.815023e-03 1.638394e-03 1.450686e-03 1.253035e-03 1.046670e-03 8.329070e-04 6.131332e-04 3.887972e-04 1.613913e-04 6.756439e-05 2.965397e-04 5.240115e-04 7.484796e-04 9.684817e-04 1.182606e-03 1.389502e-03 1.587889e-03 1.776562e-03 1.954394e-03 2.120345e-03 2.273453e-03 2.412847e-03 2.537739e-03 2.647426e-03 2.741296e-03 2.818825e-03 2.879579e-03 2.923219e-03 2.949502e-03 2.958279e-03 
2.794852e-03 2.786322e-03 2.760771e-03 2.718307e-03 2.659113e-03 2.583453e-03 2.491671e-03 2.384198e-03 2.261557e-03 2.124368e-03 1.973351e-03 1.809331e-03 1.633236e-03 1.446098e-03 1.249049e-03 1.043314e-03 8.302045e-04 6.111035e-04 3.874549e-04 1.607461e-04 6.750789e-05 2.957820e-04 5.225580e-04 7.463405e-04 9.656719e-04 1.179145e-03 1.385413e-03 1.583199e-03 1.771302e-03 1.948598e-03 2.114049e-03 2.266698e-03 2.405674e-03 2.530191e-03 2.639550e-03 2.733139e-03 2.810436e-03 2.871009e-03 2.914519e-03 2.940723e-03 2.949474e-03 
2.768966e-03 2.760512e-03 2.735187e-03 2.693098e-03 2.634430e-03 2.559443e-03 2.468479e-03 2.361967e-03 2.240426e-03 2.104472e-03 1.954819e-03 1.792286e-03 1.617792e-03 1.432360e-03 1.237113e-03 1.033264e-03 8.221110e-04 6.050249e-04 3.834346e-04 1.588130e-04 6.734002e-05 2.935145e-04 5.182070e-04 7.399368e-04 9.572600e-04 1.168783e-03 1.373170e-03 1.569158e-03 1.755553e-03 1.931244e-03 2.095200e-03 2.246471e-03 2.384195e-03 2.507592e-03 2.615968e-03 2.708716e-03 2.785319e-03 2.845348e-03 2.888467e-03 2.914436e-03 2.923109e-03 
2.725961e-03 2.717633e-03 2.692683e-03 2.651221e-03 2.593426e-03 2.519558e-03 2.429954e-03 2.325040e-03 2.205328e-03 2.071426e-03 1.924040e-03 1.763976e-03 1.592142e-03 1.409545e-03 1.217290e-03 1.016573e-03 8.086697e-04 5.949288e-04 3.767560e-04 1.555995e-04 6.706552e-05 2.897542e-04 5.109877e-04 7.293094e-04 9.432984e-04 1.151582e-03 1.352848e-03 1.545848e-03 1.729408e-03 1.902433e-03 2.063905e-03 2.212889e-03 2.348534e-03 2.470069e-03 2.576812e-03 2.668165e-03 2.743615e-03 2.802741e-03 2.845212e-03 2.870790e-03 2.879332e-03 
2.666047e-03 2.657894e-03 2.633469e-03 2.592880e-03 2.536304e-03 2.463997e-03 2.376291e-03 2.273605e-03 2.156443e-03 2.025402e-03 1.881175e-03 1.724552e-03 1.556424e-03 1.377775e-03 1.189688e-03 9.933312e-04 7.899520e-04 5.808679e-04 3.674518e-04 1.511184e-04 6.669211e-05 2.845292e-04 5.009484e-04 7.145263e-04 9.238741e-04 1.127650e-03 1.324568e-03 1.513409e-03 1.693022e-03 1.862334e-03 2.020348e-03 2.166147e-03 2.298895e-03 2.417839e-03 2.522308e-03 2.611716e-03 2.685560e-03 2.743429e-03 2.784997e-03 2.810032e-03 2.818392e-03 
2.589519e-03 2.581590e-03 2.557838e-03 2.518366e-03 2.463350e-03 2.393040e-03 2.307762e-03 2.207926e-03 2.094024e-03 1.966641e-03 1.826451e-03 1.674225e-03 1.510829e-03 1.337223e-03 1.154457e-03 9.636646e-04 7.660584e-04 5.629159e-04 3.555684e-04 1.453875e-04 6.623020e-05 2.778784e-04 4.881560e-04 6.956819e-04 8.991081e-04 1.097131e-03 1.288502e-03 1.472035e-03 1.646610e-03 1.811182e-03 1.964781e-03 2.106513e-03 2.235564e-03 2.351200e-03 2.452766e-03 2.539691e-03 2.611486e-03 2.667750e-03 2.708165e-03 2.732506e-03 2.740634e-03 
2.496763e-03 2.489106e-03 2.466170e-03 2.428056e-03 2.374935e-03 2.307051e-03 2.224723e-03 2.128346e-03 2.018402e-03 1.895455e-03 1.760162e-03 1.613267e-03 1.455607e-03 1.288110e-03 1.111788e-03 9.277348e-04 7.371182e-04 5.411680e-04 3.411656e-04 1.384308e-04 6.569251e-05 2.698508e-04 4.726954e-04 6.728963e-04 8.691546e-04 1.060214e-03 1.244868e-03 1.421973e-03 1.590447e-03 1.749279e-03 1.897530e-03 2.034336e-03 2.158908e-03 2.270535e-03 2.368584e-03 2.452502e-03 2.521815e-03 2.576134e-03 2.615153e-03 2.638653e-03 2.646501e-03 
2.388252e-03 2.380915e-03 2.358937e-03 2.322416e-03 2.271519e-03 2.206480e-03 2.127608e-03 2.035286e-03 1.929978e-03 1.812228e-03 1.682667e-03 1.542010e-03 1.391060e-03 1.230706e-03 1.061917e-03 8.857399e-04 7.032894e-04 5.157405e-04 3.243167e-04 1.302777e-04 6.509363e-05 2.605053e-04 4.546693e-04 6.463149e-04 8.342003e-04 1.017123e-03 1.193930e-03 1.363523e-03 1.524866e-03 1.676988e-03 1.818988e-03 1.950034e-03 2.069370e-03 2.176311e-03 2.270248e-03 2.350649e-03 2.417059e-03 2.469104e-03 2.506491e-03 2.529008e-03 2.536527e-03 
2.264557e-03 2.257586e-03 2.236703e-03 2.202004e-03 2.153648e-03 2.091862e-03 2.016940e-03 1.929250e-03 1.829235e-03 1.717415e-03 1.594392e-03 1.460849e-03 1.317547e-03 1.165332e-03 1.005124e-03 8.379140e-04 6.647592e-04 4.867716e-04 3.051094e-04 1.209644e-04 6.444952e-05 2.499096e-04 4.341966e-04 6.161068e-04 7.944632e-04 9.681253e-04 1.135998e-03 1.297038e-03 1.450259e-03 1.594739e-03 1.729617e-03 1.854102e-03 1.967471e-03 2.069072e-03 2.158323e-03 2.234718e-03 2.297821e-03 2.347276e-03 2.382802e-03 2.404199e-03 2.411345e-03 
2.126343e-03 2.119782e-03 2.100128e-03 2.067471e-03 2.021964e-03 1.963821e-03 1.893323e-03 1.810819e-03 1.716729e-03 1.611544e-03 1.495833e-03 1.370240e-03 1.235484e-03 1.092359e-03 9.417291e-04 7.845269e-04 6.217430e-04 4.544207e-04 2.836451e-04 1.105334e-04 6.377700e-05 2.381400e-04 4.114121e-04 5.824642e-04 7.501910e-04 9.135211e-04 1.071424e-03 1.222918e-03 1.367074e-03 1.503020e-03 1.629946e-03 1.747103e-03 1.853809e-03 1.949445e-03 2.033463e-03 2.105381e-03 2.164790e-03 2.211351e-03 2.244800e-03 2.264945e-03 2.271673e-03 
1.974372e-03 1.968263e-03 1.949964e-03 1.919561e-03 1.877196e-03 1.823071e-03 1.757450e-03 1.680660e-03 1.593095e-03 1.495215e-03 1.387550e-03 1.270702e-03 1.145340e-03 1.012203e-03 8.720962e-04 7.258834e-04 5.744849e-04 4.188682e-04 2.600394e-04 9.903412e-05 6.309325e-05 2.252799e-04 3.864652e-04 5.456009e-04 7.016604e-04 8.536476e-04 1.000604e-03 1.141613e-03 1.275810e-03 1.402381e-03 1.520569e-03 1.629672e-03 1.729053e-03 1.818133e-03 1.896396e-03 1.963394e-03 2.018741e-03 2.062121e-03 2.093285e-03 2.112055e-03 2.118324e-03 
1.809504e-03 1.803887e-03 1.787064e-03 1.759114e-03 1.720168e-03 1.670414e-03 1.610097e-03 1.539520e-03 1.459045e-03 1.369099e-03 1.270170e-03 1.162811e-03 1.047639e-03 9.253323e-04 7.966293e-04 6.623231e-04 5.232565e-04 3.803156e-04 2.344218e-04 8.652299e-05 6.241531e-05 2.114198e-04 3.595187e-04 5.057510e-04 6.491748e-04 7.888750e-04 9.239703e-04 1.053618e-03 1.177021e-03 1.293428e-03 1.402140e-03 1.502509e-03 1.593945e-03 1.675912e-03 1.747934e-03 1.809593e-03 1.860533e-03 1.900461e-03 1.929147e-03 1.946425e-03 1.952195e-03 
1.632695e-03 1.627608e-03 1.612373e-03 1.587061e-03 1.551793e-03 1.506741e-03 1.452126e-03 1.388224e-03 1.315365e-03 1.233937e-03 1.144382e-03 1.047203e-03 9.429566e-04 8.322575e-04 7.157726e-04 5.942185e-04 4.683559e-04 3.389845e-04 2.069353e-04 7.306359e-05 6.175966e-05 1.966561e-04 3.307482e-04 4.631677e-04 5.930628e-04 7.196053e-04 8.419964e-04 9.594723e-04 1.071308e-03 1.176821e-03 1.275374e-03 1.366379e-03 1.449294e-03 1.523633e-03 1.588960e-03 1.644892e-03 1.691105e-03 1.727330e-03 1.753357e-03 1.769033e-03 1.774269e-03 
1.444995e-03 1.440473e-03 1.426929e-03 1.404426e-03 1.373074e-03 1.333025e-03 1.284476e-03 1.227674e-03 1.162913e-03 1.090537e-03 1.010941e-03 9.245693e-04 8.319190e-04 7.335346e-04 6.300078e-04 5.219738e-04 4.101070e-04 2.951157e-04 1.777364e-04 5.872658e-05 6.114184e-05 1.810902e-04 3.003402e-04 4.181212e-04 5.336764e-04 6.462693e-04 7.551890e-04 8.597543e-04 9.593184e-04 1.053271e-03 1.141043e-03 1.222106e-03 1.295976e-03 1.362215e-03 1.420431e-03 1.470282e-03 1.511474e-03 1.543765e-03 1.566967e-03 1.580943e-03 1.585611e-03 
1.247543e-03 1.243616e-03 1.231856e-03 1.212318e-03 1.185096e-03 1.150321e-03 1.108167e-03 1.058846e-03 1.002614e-03 9.397695e-04 8.706539e-04 7.956537e-04 7.151985e-04 6.297604e-04 5.398520e-04 4.460230e-04 3.488575e-04 2.489686e-04 1.469939e-04 4.358950e-05 6.057609e-05 1.648280e-04 2.684914e-04 3.708975e-04 4.713888e-04 5.693251e-04 6.640872e-04 7.550815e-04 8.417433e-04 9.235394e-04 9.999710e-04 1.070575e-03 1.134927e-03 1.192642e-03 1.243374e-03 1.286823e-03 1.322729e-03 1.350881e-03 1.371109e-03 1.383294e-03 1.387364e-03 
1.041560e-03 1.038257e-03 1.028363e-03 1.011924e-03 9.890194e-04 9.597592e-04 9.242874e-04 8.827823e-04 8.354576e-04 7.825630e-04 7.243852e-04 6.612476e-04 5.935105e-04 5.215696e-04 4.458547e-04 3.668273e-04 2.849772e-04 2.008192e-04 1.148886e-04 2.773658e-05 6.007513e-05 1.479790e-04 2.354072e-04 3.217963e-04 4.065922e-04 4.892543e-04 5.692595e-04 6.461051e-04 7.193125e-04 7.884290e-04 8.530301e-04 9.127215e-04 9.671407e-04 1.015958e-03 1.058879e-03 1.095644e-03 1.126033e-03 1.149861e-03 1.166984e-03 1.177300e-03 1.180745e-03 
8.283442e-04 8.256872e-04 8.177283e-04 8.045045e-04 7.860773e-04 7.625343e-04 7.339893e-04 7.005837e-04 6.624870e-04 6.198979e-04 5.730448e-04 5.221858e-04 4.676087e-04 4.096303e-04 3.485948e-04 2.848722e-04 2.188558e-04 1.509589e-04 8.161199e-05 1.125826e-05 5.964994e-05 1.306554e-04 2.013002e-04 2.711294e-04 3.396953e-04 4.065602e-04 4.713000e-04 5.335068e-04 5.927908e-04 6.487830e-04 7.011367e-04 7.495288e-04 7.936616e-04 8.332643e-04 8.680935e-04 8.979356e-04 9.226069e-04 9.419555e-04 9.558620e-04 9.642405e-04 9.670391e-04 
6.092540e-04 6.072621e-04 6.012953e-04 5.913799e-04 5.775603e-04 5.598995e-04 5.384798e-04 5.134038e-04 4.847950e-04 4.527991e-04 4.175838e-04 3.793397e-04 3.382800e-04 2.946399e-04 2.486760e-04 2.006647e-04 1.509002e-04 9.969261e-05 4.736498e-05 5.749294e-06 5.930966e-05 1.129714e-04 1.663889e-04 2.192183e-04 2.711205e-04 3.217636e-04 3.708251e-04 4.179941e-04 4.629730e-04 5.054788e-04 5.452450e-04 5.820224e-04 6.155804e-04 6.457087e-04 6.722176e-04 6.949399e-04 7.137318e-04 7.284737e-04 7.390716e-04 7.454576e-04 7.475909e-04 
3.857020e-04 3.843897e-04 3.804579e-04 3.739221e-04 3.648086e-04 3.531549e-04 3.390106e-04 3.224382e-04 3.035140e-04 2.823284e-04 2.589872e-04 2.336116e-04 2.063384e-04 1.773199e-04 1.467232e-04 1.147293e-04 8.153203e-05 4.733644e-05 1.235689e-05 2.318480e-05 5.906145e-05 9.504258e-05 1.308965e-04 1.663923e-04 2.013015e-04 2.353998e-04 2.684686e-04 3.002961e-04 3.306787e-04 3.594218e-04 3.863409e-04 4.112626e-04 4.340254e-04 4.544808e-04 4.724945e-04 4.879470e-04 5.007352e-04 5.107729e-04 5.179920e-04 5.223434e-04 5.237971e-04 
1.591400e-04 1.585168e-04 1.566488e-04 1.535401e-04 1.491986e-04 1.436356e-04 1.368671e-04 1.289147e-04 1.198058e-04 1.095752e-04 9.826535e-05 8.592690e-05 7.261924e-05 5.841046e-05 4.337724e-05 2.760438e-05 1.118423e-05 5.784207e-06 2.319624e-05 4.094258e-05 5.891045e-05 7.698470e-05 9.504884e-05 1.129860e-04 1.306798e-04 1.480149e-04 1.648780e-04 1.811579e-04 1.967466e-04 2.115392e-04 2.254348e-04 2.383370e-04 2.501547e-04 2.608025e-04 2.702022e-04 2.782830e-04 2.849832e-04 2.902505e-04 2.940433e-04 2.963313e-04 2.970960e-04 
6.895537e-05 6.888456e-05 6.867450e-05 6.833222e-05 6.786903e-05 6.729994e-05 6.664300e-05 6.591837e-05 6.514752e-05 6.435228e-05 6.355406e-05 6.277315e-05 6.202811e-05 6.133546e-05 6.070938e-05 6.016167e-05 5.970183e-05 5.933719e-05 5.907312e-05 5.891329e-05 5.885978e-05 5.891329e-05 5.907312e-05 5.933719e-05 5.970183e-05 6.016167e-05 6.070938e-05 6.133546e-05 6.202811e-05 6.277315e-05 6.355406e-05 6.435228e-05 6.514752e-05 6.591837e-05 6.664300e-05 6.729994e-05 6.786903e-05 6.833222e-05 6.867450e-05 6.888456e-05 6.895537e-05 
2.970960e-04 2.963313e-04 2.940433e-04 2.902505e-04 2.849832e-04 2.782830e-04 2.702022e-04 2.608025e-04 2.501547e-04 2.383370e-04 2.254348e-04 2.115392e-04 1.967466e-04 1.811579e-04 1.648780e-04 1.480149e-04 1.306798e-04 1.129860e-04 9.504884e-05 7.698470e-05 5.891045e-05 4.094258e-05 2.319624e-05 5.784207e-06 1.118423e-05 2.760438e-05 4.337724e-05 5.841046e-05 7.261924e-05 8.592690e-05 9.826535e-05 1.095752e-04 1.198058e-04 1.289147e-04 1.368671e-04 1.436356e-04 1.491986e-04 1.535401e-04 1.566488e-04 1.585168e-04 1.591400e-04 
5.237971e-04 5.223434e-04 5.179920e-04 5.107729e-04 5.007352e-04 4.879470e-04 4.724945e-04 4.544808e-04 4.340254e-04 4.112626e-04 3.863409e-04 3.594218e-04 3.306787e-04 3.002961e-04 2.684686e-04 2.353998e-04 2.013015e-04 1.663923e-04 1.308965e-04 9.504258e-05 5.906145e-05 2.318480e-05 1.235689e-05 4.733644e-05 8.153203e-05 1.147293e-04 1.467232e-04 1.773199e-04 2.063384e-04 2.336116e-04 2.589872e-04 2.823284e-04 3.035140e-04 3.224382e-04 3.390106e-04 3.531549e-04 3.648086e-04 3.739221e-04 3.804579e-04 3.843897e-04 3.857020e-04 
7.475909e-04 7.454576e-04 7.390716e-04 7.284737e-04 7.137318e-04 6.949399e-04 6.722176e-04 6.457087e-04 6.155804e-04 5.820224e-04 5.452450e-04 5.054788e-04 4.629730e-04 4.179941e-04 3.708251e-04 3.217636e-04 2.711205e-04 2.192183e-04 1.663889e-04 1.129714e-04 5.930966e-05 5.749294e-06 4.736498e-05 9.969261e-05 1.509002e-04 2.006647e-04 2.486760e-04 2.946399e-04 3.382800e-04 3.793397e-04 4.175838e-04 4.527991e-04 4.847950e-04 5.134038e-04 5.384798e-04 5.598995e-04 5.775603e-04 5.913799e-04 6.012953e-04 6.072621e-04 6.092540e-04 
9.670391e-04 9.642405e-04 9.558620e-04 9.419555e-04 9.226069e-04 8.979356e-04 8.680935e-04 8.332643e-04 7.936616e-04 7.495288e-04 7.011367e-04 6.487830e-04 5.927908e-04 5.335068e-04 4.713000e-04 4.065602e-04 3.396953e-04 2.711294e-04 2.013002e-04 1.306554e-04 5.964994e-05 1.125826e-05 8.161199e-05 1.509589e-04 2.188558e-04 2.848722e-04 3.485948e-04 4.096303e-04 4.676087e-04 5.221858e-04 5.730448e-04 6.198979e-04 6.624870e-04 7.005837e-04 7.339893e-04 7.625343e-04 7.860773e-04 8.045045e-04 8.177283e-04 8.256872e-04 8.283442e-04 
1.180745e-03 1.177300e-03 1.166984e-03 1.149861e-03 1.126033e-03 1.095644e-03 1.058879e-03 1.015958e-03 9.671407e-04 9.127215e-04 8.530301e-04 7.884290e-04 7.193125e-04 6.461051e-04 5.692595e-04 4.892543e-04 4.065922e-04 3.217963e-04 2.354072e-04 1.479790e-04 6.007513e-05 2.773658e-05 1.148886e-04 2.008192e-04 2.849772e-04 3.668273e-04 4.458547e-04 5.215696e-04 5.935105e-04 6.612476e-04 7.243852e-04 7.825630e-04 8.354576e-04 8.827823e-04 9.242874e-04 9.597592e-04 9.890194e-04 1.011924e-03 1.028363e-03 1.038257e-03 1.041560e-03 
1.387364e-03 1.383294e-03 1.371109e-03 1.350881e-03 1.322729e-03 1.286823e-03 1.243374e-03 1.192642e-03 1.134927e-03 1.070575e-03 9.999710e-04 9.235394e-04 8.417433e-04 7.550815e-04 6.640872e-04 5.693251e-04 4.713888e-04 3.708975e-04 2.684914e-04 1.648280e-04 6.057609e-05 4.358950e-05 1.469939e-04 2.489686e-04 3.488575e-04 4.460230e-04 5.398520e-04 6.297604e-04 7.151985e-04 7.956537e-04 8.706539e-04 9.397695e-04 1.002614e-03 1.058846e-03 1.108167e-03 1.150321e-03 1.185096e-03 1.212318e-03 1.231856e-03 1.243616e-03 1.247543e-03 
1.585611e-03 1.580943e-03 1.566967e-03 1.543765e-03 1.511474e-03 1.470282e-03 1.420431e-03 1.362215e-03 1.295976e-03 1.222106e-03 1.141043e-03 1.053271e-03 9.593184e-04 8.597543e-04 7.551890e-04 6.462693e-04 5.336764e-04 4.181212e-04 3.003402e-04 1.810902e-04 6.114184e-05 5.872658e-05 1.777364e-04 2.951157e-04 4.101070e-04 5.219738e-04 6.300078e-04 7.335346e-04 8.319190e-04 9.245693e-04 1.010941e-03 1.090537e-03 1.162913e-03 1.227674e-03 1.284476e-03 1.333025e-03 1.373074e-03 1.404426e-03 1.426929e-03 1.440473e-03 1.444995e-03 
1.774269e-03 1.769033e-03 1.753357e-03 1.727330e-03 1.691105e-03 1.644892e-03 1.588960e-03 1.523633e-03 1.449294e-03 1.366379e-03 1.275374e-03 1.176821e-03 1.071308e-03 9.594723e-04 8.419964e-04 7.196053e-04 5.930628e-04 4.631677e-04 3.307482e-04 1.966561e-04 6.175966e-05 7.306359e-05 2.069353e-04 3.389845e-04 4.683559e-04 5.942185e-04 7.157726e-04 8.322575e-04 9.429566e-04 1.047203e-03 1.144382e-03 1.233937e-03 1.315365e-03 1.388224e-03 1.452126e-03 1.506741e-03 1.551793e-03 1.587061e-03 1.612373e-03 1.627608e-03 1.632695e-03 
1.952195e-03 1.946425e-03 1.929147e-03 1.900461e-03 1.860533e-03 1.809593e-03 1.747934e-03 1.675912e-03 1.593945e-03 1.502509e-03 1.402140e-03 1.293428e-03 1.177021e-03 1.053618e-03 9.239703e-04 7.888750e-04 6.491748e-04 5.057510e-04 3.595187e-04 2.114198e-04 6.241531e-05 8.652299e-05 2.344218e-04 3.803156e-04 5.232565e-04 6.623231e-04 7.966293e-04 9.253323e-04 1.047639e-03 1.162811e-03 1.270170e-03 1.369099e-03 1.459045e-03 1.539520e-03 1.610097e-03 1.670414e-03 1.720168e-03 1.759114e-03 1.787064e-03 1.803887e-03 1.809504e-03 
2.118324e-03 2.112055e-03 2.093285e-03 2.062121e-03 2.018741e-03 1.963394e-03 1.896396e-03 1.818133e-03 1.729053e-03 1.629672e-03 1.520569e-03 1.402381e-03 1.275810e-03 1.141613e-03 1.000604e-03 8.536476e-04 7.016604e-04 5.456009e-04 3.864652e-04 2.252799e-04 6.309325e-05 9.903412e-05 2.600394e-04 4.188682e-04 5.744849e-04 7.258834e-04 8.720962e-04 1.012203e-03 1.145340e-03 1.270702e-03 1.387550e-03 1.495215e-03 1.593095e-03 1.680660e-03 1.757450e-03 1.823071e-03 1.877196e-03 1.919561e-03 1.949964e-03 1.968263e-03 1.974372e-03 
2.271673e-03 2.264945e-03 2.244800e-03 2.211351e-03 2.164790e-03 2.105381e-03 2.033463e-03 1.949445e-03 1.853809e-03 1.747103e-03 1.629946e-03 1.503020e-03 1.367074e-03 1.222918e-03 1.071424e-03 9.135211e-04 7.501910e-04 5.824642e-04 4.114121e-04 2.381400e-04 6.377700e-05 1.105334e-04 2.836451e-04 4.544207e-04 6.217430e-04 7.845269e-04 9.417291e-04 1.092359e-03 1.235484e-03 1.370240e-03 1.495833e-03 1.611544e-03 1.716729e-03 1.810819e-03 1.893323e-03 1.963821e-03 2.021964e-03 2.067471e-03 2.100128e-03 2.119782e-03 2.126343e-03 
2.411345e-03 2.404199e-03 2.382802e-03 2.347276e-03 2.297821e-03 2.234718e-03 2.158323e-03 2.069072e-03 1.967471e-03 1.854102e-03 1.729617e-03 1.594739e-03 1.450259e-03 1.297038e-03 1.135998e-03 9.681253e-04 7.944632e-04 6.161068e-04 4.341966e-04 2.499096e-04 6.444952e-05 1.209644e-04 3.051094e-04 4.867716e-04 6.647592e-04 8.379140e-04 1.005124e-03 1.165332e-03 1.317547e-03 1.460849e-03 1.594392e-03 1.717415e-03 1.829235e-03 1.929250e-03 2.016940e-03 2.091862e-03 2.153648e-03 2.202004e-03 2.236703e-03 2.257586e-03 2.264557e-03 
2.536527e-03 2.529008e-03 2.506491e-03 2.469104e-03 2.417059e-03 2.350649e-03 2.270248e-03 2.176311e-03 2.069370e-03 1.950034e-03 1.818988e-03 1.676988e-03 1.524866e-03 1.363523e-03 1.193930e-03 1.017123e-03 8.342003e-04 6.463149e-04 4.546693e-04 2.605053e-04 6.509363e-05 1.302777e-04 3.243167e-04 5.157405e-04 7.032894e-04 8.857399e-04 1.061917e-03 1.230706e-03 1.391060e-03 1.542010e-03 1.682667e-03 1.812228e-03 1.929978e-03 2.035286e-03 2.127608e-03 2.206480e-03 2.271519e-03 2.322416e-03 2.358937e-03 2.380915e-03 2.388252e-03 
2.646501e-03 2.638653e-03 2.615153e-03 2.576134e-03 2.521815e-03 2.452502e-03 2.368584e-03 2.270535e-03 2.158908e-03 2.034336e-03 1.897530e-03 1.749279e-03 1.590447e-03 1.421973e-03 1.244868e-03 1.060214e-03 8.691546e-04 6.728963e-04 4.726954e-04 2.698508e-04 6.569251e-05 1.384308e-04 3.411656e-04 5.411680e-04 7.371182e-04 9.277348e-04 1.111788e-03 1.288110e-03 1.455607e-03 1.613267e-03 1.760162e-03 1.895455e-03 2.018402e-03 2.128346e-03 2.224723e-03 2.307051e-03 2.374935e-03 2.428056e-03 2.466170e-03 2.489106e-03 2.496763e-03 
2.740634e-03 2.732506e-03 2.708165e-03 2.667750e-03 2.611486e-03 2.539691e-03 2.452766e-03 2.351200e-03 2.235564e-03 2.106513e-03 1.964781e-03 1.811182e-03 1.646610e-03 1.472035e-03 1.288502e-03 1.097131e-03 8.991081e-04 6.956819e-04 4.881560e-04 2.778784e-04 6.623020e-05 1.453875e-04 3.555684e-04 5.629159e-04 7.660584e-04 9.636646e-04 1.154457e-03 1.337223e-03 1.510829e-03 1.674225e-03 1.826451e-03 1.966641e-03 2.094024e-03 2.207926e-03 2.307762e-03 2.393040e-03 2.463350e-03 2.518366e-03 2.557838e-03 2.581590e-03 2.589519e-03 
2.818392e-03 2.810032e-03 2.784997e-03 2.743429e-03 2.685560e-03 2.611716e-03 2.522308e-03 2.417839e-03 2.298895e-03 2.166147e-03 2.020348e-03 1.862334e-03 1.693022e-03 1.513409e-03 1.324568e-03 1.127650e-03 9.238741e-04 7.145263e-04 5.009484e-04 2.845292e-04 6.669211e-05 1.511184e-04 3.674518e-04 5.808679e-04 7.899520e-04 9.933312e-04 1.189688e-03 1.377775e-03 1.556424e-03 1.724552e-03 1.881175e-03 2.025402e-03 2.156443e-03 2.273605e-03 2.376291e-03 2.463997e-03 2.536304e-03 2.592880e-03 2.633469e-03 2.657894e-03 2.666047e-03 
2.879332e-03 2.870790e-03 2.845212e-03 2.802741e-03 2.743615e-03 2.668165e-03 2.576812e-03 2.470069e-03 2.348534e-03 2.212889e-03 2.063905e-03 1.902433e-03 1.729408e-03 1.545848e-03 1.352848e-03 1.151582e-03 9.432984e-04 7.293094e-04 5.109877e-04 2.897542e-04 6.706552e-05 1.555995e-04 3.767560e-04 5.949288e-04 8.086697e-04 1.016573e-03 1.217290e-03 1.409545e-03 1.592142e-03 1.763976e-03 1.924040e-03 2.071426e-03 2.205328e-03 2.325040e-03 2.429954e-03 2.519558e-03 2.593426e-03 2.651221e-03 2.692683e-03 2.717633e-03 2.725961e-03 
2.923109e-03 2.914436e-03 2.888467e-03 2.845348e-03 2.785319e-03 2.708716e-03 2.615968e-03 2.507592e-03 2.384195e-03 2.246471e-03 2.095200e-03 1.931244e-03 1.755553e-03 1.569158e-03 1.373170e-03 1.168783e-03 9.572600e-04 7.399368e-04 5.182070e-04 2.935145e-04 6.734002e-05 1.588130e-04 3.834346e-04 6.050249e-04 8.221110e-04 1.033264e-03 1.237113e-03 1.432360e-03 1.617792e-03 1.792286e-03 1.954819e-03 2.104472e-03 2.240426e-03 2.361967e-03 2.468479e-03 2.559443e-03 2.634430e-03 2.693098e-03 2.735187e-03 2.760512e-03 2.768966e-03 
2.949474e-03 2.940723e-03 2.914519e-03 2.871009e-03 2.810436e-03 2.733139e-03 2.639550e-03 2.530191e-03 2.405674e-03 2.266698e-03 2.114049e-03 1.948598e-03 1.771302e-03 1.583199e-03 1.385413e-03 1.179145e-03 9.656719e-04 7.463405e-04 5.225580e-04 2.957820e-04 6.750789e-05 1.607461e-04 3.874549e-04 6.111035e-04 8.302045e-04 1.043314e-03 1.249049e-03 1.446098e-03 1.633236e-03 1.809331e-03 1.973351e-03 2.124368e-03 2.261557e-03 2.384198e-03 2.491671e-03 2.583453e-03 2.659113e-03 2.718307e-03 2.760771e-03 2.786322e-03 2.794852e-03 
2.958279e-03 2.949502e-03 2.923219e-03 2.879579e-03 2.818825e-03 2.741296e-03 2.647426e-03 2.537739e-03 2.412847e-03 2.273453e-03 2.120345e-03 1.954394e-03 1.776562e-03 1.587889e-03 1.389502e-03 1.182606e-03 9.684817e-04 7.484796e-04 5.240115e-04 2.965397e-04 6.756439e-05 1.613913e-04 3.887972e-04 6.131332e-04 8.329070e-04 1.046670e-03 1.253035e-03 1.450686e-03 1.638394e-03 1.815023e-03 1.979539e-03 2.131011e-03 2.268612e-03 2.391620e-03 2.499414e-03 2.591470e-03 2.667354e-03 2.726723e-03 2.769313e-03 2.794940e-03 2.803494e-03 
