9.059636e-01 9.031708e-01 8.948095e-01 8.809312e-01 8.616214e-01 8.369992e-01 8.072161e-01 7.724558e-01 7.329324e-01 6.888894e-01 6.405982e-01 5.883565e-01 5.324861e-01 4.733315e-01 4.112572e-01 3.466458e-01 2.798956e-01 2.114180e-01 1.416353e-01 7.097767e-02 -1.193341e-04 -7.121733e-02 -1.418780e-01 -2.116655e-01 -2.801497e-01 -3.469083e-01 -4.115295e-01 -4.736150e-01 -5.327818e-01 -5.886651e-01 -6.409201e-01 -6.892248e-01 -7.332810e-01 -7.728172e-01 -8.075893e-01 -8.373830e-01 -8.620143e-01 -8.813315e-01 -8.952152e-01 -9.035798e-01 -9.063738e-01 
9.031707e-01 9.003864e-01 8.920509e-01 8.782154e-01 8.589652e-01 8.344188e-01 8.047276e-01 7.700744e-01 7.306728e-01 6.867656e-01 6.386233e-01 5.865426e-01 5.308445e-01 4.718722e-01 4.099892e-01 3.455770e-01 2.790325e-01 2.107661e-01 1.411985e-01 7.075865e-02 -1.191872e-04 -7.099801e-02 -1.414408e-01 -2.110133e-01 -2.792863e-01 -3.458391e-01 -4.102611e-01 -4.721552e-01 -5.311396e-01 -5.868506e-01 -6.389446e-01 -6.871003e-01 -7.310208e-01 -7.704350e-01 -8.051000e-01 -8.348018e-01 -8.593572e-01 -8.786148e-01 -8.924557e-01 -9.007946e-01 -9.035799e-01 
8.948091e-01 8.920506e-01 8.837922e-01 8.700848e-01 8.510128e-01 8.266937e-01 7.972773e-01 7.629449e-01 7.239081e-01 6.804073e-01 6.327106e-01 5.811121e-01 5.259295e-01 4.675032e-01 4.061931e-01 3.423771e-01 2.764487e-01 2.088143e-01 1.398907e-01 7.010293e-02 -1.187504e-04 -7.034142e-02 -1.401321e-01 -2.090605e-01 -2.767015e-01 -3.426382e-01 -4.064638e-01 -4.677849e-01 -5.262232e-01 -5.814185e-01 -6.330302e-01 -6.807401e-01 -7.242539e-01 -7.633033e-01 -7.976473e-01 -8.270741e-01 -8.514022e-01 -8.704815e-01 -8.841943e-01 -8.924560e-01 -8.952155e-01 
8.809303e-01 8.782147e-01 8.700843e-01 8.565895e-01 8.378132e-01 8.138713e-01 7.849111e-01 7.511112e-01 7.126798e-01 6.698536e-01 6.228967e-01 5.720984e-01 5.177717e-01 4.602514e-01 3.998922e-01 3.370660e-01 2.721601e-01 2.055746e-01 1.377200e-01 6.901456e-02 -1.180343e-04 -6.925159e-02 -1.379599e-01 -2.058192e-01 -2.724112e-01 -3.373252e-01 -4.001609e-01 -4.605309e-01 -5.180629e-01 -5.724021e-01 -6.232134e-01 -6.701833e-01 -7.130222e-01 -7.514659e-01 -7.852773e-01 -8.142477e-01 -8.381985e-01 -8.569819e-01 -8.704819e-01 -8.786154e-01 -8.813322e-01 
8.616200e-01 8.589638e-01 8.510117e-01 8.378126e-01 8.194479e-01 7.960307e-01 7.677053e-01 7.346462e-01 6.970571e-01 6.551697e-01 6.092420e-01 5.595570e-01 5.064211e-01 4.501616e-01 3.911254e-01 3.296763e-01 2.661930e-01 2.010670e-01 1.346997e-01 6.750022e-02 -1.170568e-04 -6.773528e-02 -1.349375e-01 -2.013094e-01 -2.664418e-01 -3.299329e-01 -3.913914e-01 -4.504381e-01 -5.067091e-01 -5.598572e-01 -6.095547e-01 -6.554951e-01 -6.973950e-01 -7.349960e-01 -7.680662e-01 -7.964016e-01 -8.198274e-01 -8.381990e-01 -8.514032e-01 -8.593584e-01 -8.620156e-01 
8.369969e-01 8.344167e-01 8.266918e-01 8.138699e-01 7.960299e-01 7.732819e-01 7.457659e-01 7.136514e-01 6.771364e-01 6.364459e-01 5.918306e-01 5.435654e-01 4.919478e-01 4.372960e-01 3.799467e-01 3.202535e-01 2.585843e-01 1.953193e-01 1.308484e-01 6.556924e-02 -1.158421e-04 -6.580184e-02 -1.310837e-01 -1.955591e-01 -2.588302e-01 -3.205071e-01 -3.802093e-01 -4.375687e-01 -4.922317e-01 -5.438610e-01 -5.921384e-01 -6.367660e-01 -6.774686e-01 -7.139951e-01 -7.461203e-01 -7.736460e-01 -7.964023e-01 -8.142489e-01 -8.270758e-01 -8.348037e-01 -8.373849e-01 
8.072130e-01 8.047246e-01 7.972745e-01 7.849088e-01 7.677037e-01 7.457650e-01 7.192280e-01 6.882562e-01 6.530404e-01 6.137977e-01 5.707698e-01 5.242220e-01 4.744410e-01 4.217337e-01 3.664250e-01 3.088557e-01 2.493808e-01 1.883668e-01 1.261900e-01 6.323349e-02 -1.144204e-04 -6.346321e-02 -1.264223e-01 -1.886035e-01 -2.496234e-01 -3.091056e-01 -3.666836e-01 -4.220021e-01 -4.747201e-01 -5.245123e-01 -5.710719e-01 -6.141116e-01 -6.533659e-01 -6.885927e-01 -7.195748e-01 -7.461211e-01 -7.680677e-01 -7.852793e-01 -7.976497e-01 -8.051026e-01 -8.075920e-01 
7.724517e-01 7.700704e-01 7.629412e-01 7.511079e-01 7.346436e-01 7.136495e-01 6.882552e-01 6.586170e-01 6.249176e-01 5.873646e-01 5.461895e-01 5.016459e-01 4.540085e-01 4.035708e-01 3.506436e-01 2.955532e-01 2.386393e-01 1.802525e-01 1.207529e-01 6.050736e-02 -1.128268e-04 -6.073385e-02 -1.209820e-01 -1.804856e-01 -2.388780e-01 -2.957991e-01 -3.508977e-01 -4.038342e-01 -4.542822e-01 -5.019305e-01 -5.464852e-01 -5.876716e-01 -6.252356e-01 -6.589456e-01 -6.885936e-01 -7.139967e-01 -7.349983e-01 -7.514688e-01 -7.633065e-01 -7.704385e-01 -7.728207e-01 
7.329273e-01 7.306678e-01 7.239033e-01 7.126755e-01 6.970535e-01 6.771335e-01 6.530384e-01 6.249166e-01 5.929413e-01 5.573096e-01 5.182411e-01 4.759765e-01 4.307763e-01 3.829190e-01 3.326998e-01 2.804280e-01 2.264258e-01 1.710263e-01 1.145709e-01 5.740761e-02 -1.111007e-04 -5.763061e-02 -1.147963e-01 -1.712556e-01 -2.266605e-01 -2.806694e-01 -3.329490e-01 -3.831772e-01 -4.310442e-01 -4.762546e-01 -5.185298e-01 -5.576090e-01 -5.932512e-01 -6.252365e-01 -6.533676e-01 -6.774711e-01 -6.973982e-01 -7.130260e-01 -7.242580e-01 -7.310251e-01 -7.332855e-01 
6.888832e-01 6.867595e-01 6.804015e-01 6.698483e-01 6.551649e-01 6.364419e-01 6.137946e-01 5.873625e-01 5.573085e-01 5.238178e-01 4.870968e-01 4.473718e-01 4.048875e-01 3.599058e-01 3.127041e-01 2.635731e-01 2.128158e-01 1.607451e-01 1.076819e-01 5.395333e-02 -1.092849e-04 -5.417266e-02 -1.079035e-01 -1.609704e-01 -2.130462e-01 -2.638099e-01 -3.129483e-01 -3.601585e-01 -4.051493e-01 -4.476432e-01 -4.873783e-01 -5.241094e-01 -5.576099e-01 -5.876734e-01 -6.141142e-01 -6.367694e-01 -6.554991e-01 -6.701879e-01 -6.807451e-01 -6.871056e-01 -6.892301e-01 
6.405910e-01 6.386162e-01 6.327038e-01 6.228903e-01 6.092362e-01 5.918255e-01 5.707657e-01 5.461863e-01 5.182389e-01 4.870957e-01 4.529486e-01 4.160081e-01 3.765017e-01 3.346730e-01 2.907798e-01 2.450926e-01 1.978931e-01 1.494721e-01 1.001283e-01 5.016577e-02 -1.074240e-04 -5.038134e-02 -1.003460e-01 -1.496933e-01 -1.981190e-01 -2.453246e-01 -2.910188e-01 -3.349199e-01 -3.767572e-01 -4.162727e-01 -4.532227e-01 -4.873792e-01 -5.185317e-01 -5.464879e-01 -5.710755e-01 -5.921427e-01 -6.095597e-01 -6.232189e-01 -6.330361e-01 -6.389508e-01 -6.409264e-01 
5.883483e-01 5.865345e-01 5.811042e-01 5.720910e-01 5.595502e-01 5.435593e-01 5.242168e-01 5.016417e-01 4.759733e-01 4.473696e-01 4.160070e-01 3.820787e-01 3.457938e-01 3.073760e-01 2.670620e-01 2.251003e-01 1.817495e-01 1.372770e-01 9.195674e-02 4.606827e-02 -1.055640e-04 -4.628007e-02 -9.217054e-02 -1.374940e-01 -1.819711e-01 -2.253275e-01 -2.672958e-01 -3.076172e-01 -3.460431e-01 -3.823365e-01 -4.162736e-01 -4.476451e-01 -4.762574e-01 -5.019341e-01 -5.245168e-01 -5.438663e-01 -5.598631e-01 -5.724085e-01 -5.814252e-01 -5.868576e-01 -5.886722e-01 
5.324770e-01 5.308354e-01 5.259207e-01 5.177633e-01 5.064134e-01 4.919408e-01 4.744348e-01 4.540033e-01 4.307721e-01 4.048844e-01 3.764996e-01 3.457928e-01 3.129532e-01 2.781831e-01 2.416969e-01 2.037194e-01 1.644847e-01 1.242347e-01 8.321753e-02 4.168603e-02 -1.037507e-04 -4.189416e-02 -8.342754e-02 -1.244478e-01 -1.647020e-01 -2.039419e-01 -2.419256e-01 -2.784187e-01 -3.131964e-01 -3.460440e-01 -3.767590e-01 -4.051520e-01 -4.310478e-01 -4.542867e-01 -4.747254e-01 -4.922378e-01 -5.067158e-01 -5.180702e-01 -5.262309e-01 -5.311475e-01 -5.327897e-01 
4.733215e-01 4.718622e-01 4.674935e-01 4.602422e-01 4.501530e-01 4.372881e-01 4.217267e-01 4.035647e-01 3.829139e-01 3.599018e-01 3.346700e-01 3.073741e-01 2.781822e-01 2.472742e-01 2.148408e-01 1.810816e-01 1.462050e-01 1.104257e-01 7.396451e-02 3.704605e-02 -1.020285e-04 -3.725070e-02 -7.417091e-02 -1.106350e-01 -1.464182e-01 -1.812998e-01 -2.150646e-01 -2.475046e-01 -2.784196e-01 -3.076189e-01 -3.349226e-01 -3.601620e-01 -3.831817e-01 -4.038396e-01 -4.220083e-01 -4.375756e-01 -4.504457e-01 -4.605390e-01 -4.677933e-01 -4.721639e-01 -4.736237e-01 
4.112464e-01 4.099785e-01 4.061827e-01 3.998822e-01 3.911160e-01 3.799380e-01 3.664172e-01 3.506367e-01 3.326939e-01 3.126992e-01 2.907760e-01 2.670592e-01 2.416951e-01 2.148399e-01 1.866592e-01 1.573266e-01 1.270230e-01 9.593517e-02 6.425470e-02 3.217691e-02 -1.004397e-04 -3.237834e-02 -6.445777e-02 -9.614095e-02 -1.272325e-01 -1.575407e-01 -1.868787e-01 -2.150654e-01 -2.419272e-01 -2.672983e-01 -2.910222e-01 -3.129526e-01 -3.329543e-01 -3.509039e-01 -3.666905e-01 -3.802170e-01 -3.913997e-01 -4.001697e-01 -4.064730e-01 -4.102706e-01 -4.115390e-01 
3.466344e-01 3.455657e-01 3.423661e-01 3.370554e-01 3.296662e-01 3.202442e-01 3.088472e-01 2.955457e-01 2.804214e-01 2.635676e-01 2.450881e-01 2.250968e-01 2.037168e-01 1.810800e-01 1.573259e-01 1.326008e-01 1.070571e-01 8.085230e-02 5.414792e-02 2.710858e-02 -9.902337e-05 -2.730715e-02 -5.434803e-02 -8.105495e-02 -1.072632e-01 -1.328112e-01 -1.575414e-01 -1.813012e-01 -2.039442e-01 -2.253307e-01 -2.453287e-01 -2.638149e-01 -2.806753e-01 -2.958059e-01 -3.091133e-01 -3.205154e-01 -3.299419e-01 -3.373347e-01 -3.426480e-01 -3.458492e-01 -3.469184e-01 
2.798838e-01 2.790208e-01 2.764372e-01 2.721490e-01 2.661825e-01 2.585745e-01 2.493718e-01 2.386312e-01 2.264187e-01 2.128097e-01 1.978879e-01 1.817454e-01 1.644816e-01 1.462028e-01 1.270217e-01 1.070565e-01 8.643024e-02 6.527009e-02 4.370647e-02 2.187230e-02 -9.781408e-05 -2.206842e-02 -4.390405e-02 -6.547007e-02 -8.663350e-02 -1.072638e-01 -1.272338e-01 -1.464203e-01 -1.647049e-01 -1.819749e-01 -1.981238e-01 -2.130519e-01 -2.266671e-01 -2.388855e-01 -2.496316e-01 -2.588392e-01 -2.664514e-01 -2.724213e-01 -2.767120e-01 -2.792970e-01 -2.801605e-01 
2.114059e-01 2.107540e-01 2.088025e-01 2.055632e-01 2.010561e-01 1.953091e-01 1.883575e-01 1.802440e-01 1.710188e-01 1.607385e-01 1.494666e-01 1.372724e-01 1.242311e-01 1.104231e-01 9.593332e-02 8.085118e-02 6.526960e-02 4.928459e-02 3.299470e-02 1.650033e-02 -9.684144e-05 -1.669448e-02 -3.319024e-02 -4.948243e-02 -6.547056e-02 -8.105603e-02 -9.614273e-02 -1.106376e-01 -1.244512e-01 -1.374984e-01 -1.496986e-01 -1.609766e-01 -1.712627e-01 -1.804936e-01 -1.886122e-01 -1.955685e-01 -2.013196e-01 -2.058298e-01 -2.090714e-01 -2.110244e-01 -2.116768e-01 
1.416230e-01 1.411863e-01 1.398787e-01 1.377084e-01 1.346886e-01 1.308380e-01 1.261803e-01 1.207442e-01 1.145631e-01 1.076750e-01 1.001224e-01 9.195186e-02 8.321361e-02 7.396148e-02 6.425249e-02 5.414645e-02 4.370562e-02 3.299434e-02 2.207862e-02 1.102576e-02 -9.612921e-05 -1.121847e-02 -2.227268e-02 -3.319060e-02 -4.390489e-02 -5.434947e-02 -6.445992e-02 -7.417385e-02 -8.343133e-02 -9.217525e-02 -1.003516e-01 -1.079100e-01 -1.148038e-01 -1.209903e-01 -1.264315e-01 -1.310936e-01 -1.349481e-01 -1.379709e-01 -1.401435e-01 -1.414524e-01 -1.418897e-01 
7.096534e-02 7.074640e-02 7.009092e-02 6.900293e-02 6.748911e-02 6.555878e-02 6.322379e-02 6.049850e-02 5.739966e-02 5.394634e-02 5.015976e-02 4.606322e-02 4.168192e-02 3.704283e-02 3.217450e-02 2.710690e-02 2.187123e-02 1.649975e-02 1.102554e-02 5.482337e-03 -9.569480e-05 -5.674168e-03 -1.121868e-02 -1.669505e-02 -2.206948e-02 -2.730881e-02 -3.238071e-02 -3.725387e-02 -4.189820e-02 -4.628502e-02 -5.038724e-02 -5.417950e-02 -5.763838e-02 -6.074251e-02 -6.347269e-02 -6.581205e-02 -6.774612e-02 -6.926294e-02 -7.035313e-02 -7.100996e-02 -7.122935e-02 
-1.315714e-04 -1.313470e-04 -1.306794e-04 -1.295858e-04 -1.280939e-04 -1.262416e-04 -1.240757e-04 -1.216507e-04 -1.190276e-04 -1.162717e-04 -1.134515e-04 -1.106366e-04 -1.078961e-04 -1.052970e-04 -1.029023e-04 -1.007699e-04 -9.895118e-05 -9.748957e-05 -9.641999e-05 -9.576791e-05 -9.554881e-05 -9.576791e-05 -9.641999e-05 -9.748957e-05 -9.895118e-05 -1.007699e-04 -1.029023e-04 -1.052970e-04 -1.078961e-04 -1.106366e-04 -1.134515e-04 -1.162717e-04 -1.190276e-04 -1.216507e-04 -1.240757e-04 -1.262416e-04 -1.280939e-04 -1.295858e-04 -1.306794e-04 -1.313470e-04 -1.315714e-04 
-7.122935e-02 -7.100996e-02 -7.035313e-02 -6.926294e-02 -6.774612e-02 -6.581205e-02 -6.347269e-02 -6.074251e-02 -5.763838e-02 -5.417950e-02 -5.038724e-02 -4.628502e-02 -4.189820e-02 -3.725387e-02 -3.238071e-02 -2.730881e-02 -2.206948e-02 -1.669505e-02 -1.121868e-02 -5.674168e-03 -9.569480e-05 5.482337e-03 1.102554e-02 1.649975e-02 2.187123e-02 2.710690e-02 3.217450e-02 3.704283e-02 4.168192e-02 4.606322e-02 5.015976e-02 5.394634e-02 5.739966e-02 6.049850e-02 6.322379e-02 6.555878e-02 6.748911e-02 6.900293e-02 7.009092e-02 7.074640e-02 7.096534e-02 
-1.418897e-01 -1.414524e-01 -1.401435e-01 -1.379709e-01 -1.349481e-01 -1.310936e-01 -1.264315e-01 -1.209903e-01 -1.148038e-01 -1.079100e-01 -1.003516e-01 -9.217525e-02 -8.343133e-02 -7.417385e-02 -6.445992e-02 -5.434947e-02 -4.390489e-02 -3.319060e-02 -2.227268e-02 -1.121847e-02 -9.612921e-05 1.102576e-02 2.207862e-02 3.299434e-02 4.370562e-02 5.414645e-02 6.425249e-02 7.396148e-02 8.321361e-02 9.195186e-02 1.001224e-01 1.076750e-01 1.145631e-01 1.207442e-01 1.261803e-01 1.308380e-01 1.346886e-01 1.377084e-01 1.398787e-01 1.411863e-01 1.416230e-01 
-2.116768e-01 -2.110244e-01 -2.090714e-01 -2.058298e-01 -2.013196e-01 -1.955685e-01 -1.886122e-01 -1.804936e-01 -1.712627e-01 -1.609766e-01 -1.496986e-01 -1.374984e-01 -1.244512e-01 -1.106376e-01 -9.614273e-02 -8.105603e-02 -6.547056e-02 -4.948243e-02 -3.319024e-02 -1.669448e-02 -9.684144e-05 1.650033e-02 3.299470e-02 4.928459e-02 6.526960e-02 8.085118e-02 9.593332e-02 1.104231e-01 1.242311e-01 1.372724e-01 1.494666e-01 1.607385e-01 1.710188e-01 1.802440e-01 1.883575e-01 1.953091e-01 2.010561e-01 2.055632e-01 2.088025e-01 2.107540e-01 2.114059e-01 
-2.801605e-01 -2.792970e-01 -2.767120e-01 -2.724213e-01 -2.664514e-01 -2.588392e-01 -2.496316e-01 -2.388855e-01 -2.266671e-01 -2.130519e-01 -1.981238e-01 -1.819749e-01 -1.647049e-01 -1.464203e-01 -1.272338e-01 -1.072638e-01 -8.663350e-02 -6.547007e-02 -4.390405e-02 -2.206842e-02 -9.781408e-05 2.187230e-02 4.370647e-02 6.527009e-02 8.643024e-02 1.070565e-01 1.270217e-01 1.462028e-01 1.644816e-01 1.817454e-01 1.978879e-01 2.128097e-01 2.264187e-01 2.386312e-01 2.493718e-01 2.585745e-01 2.661825e-01 2.721490e-01 2.764372e-01 2.790208e-01 2.798838e-01 
-3.469184e-01 -3.458492e-01 -3.426480e-01 -3.373347e-01 -3.299419e-01 -3.205154e-01 -3.091133e-01 -2.958059e-01 -2.806753e-01 -2.638149e-01 -2.453287e-01 -2.253307e-01 -2.039442e-01 -1.813012e-01 -1.575414e-01 -1.328112e-01 -1.072632e-01 -8.105495e-02 -5.434803e-02 -2.730715e-02 -9.902337e-05 2.710858e-02 5.414792e-02 8.085230e-02 1.070571e-01 1.326008e-01 1.573259e-01 1.810800e-01 2.037168e-01 2.250968e-01 2.450881e-01 2.635676e-01 2.804214e-01 2.955457e-01 3.088472e-01 3.202442e-01 3.296662e-01 3.370554e-01 3.423661e-01 3.455657e-01 3.466344e-01 
-4.115390e-01 -4.102706e-01 -4.064730e-01 -4.001697e-01 -3.913997e-01 -3.802170e-01 -3.666905e-01 -3.509039e-01 -3.329543e-01 -3.129526e-01 -2.910222e-01 -2.672983e-01 -2.419272e-01 -2.150654e-01 -1.868787e-01 -1.575407e-01 -1.272325e-01 -9.614095e-02 -6.445777e-02 -3.237834e-02 -1.004397e-04 3.217691e-02 6.425470e-02 9.593517e-02 1.270230e-01 1.573266e-01 1.866592e-01 2.148399e-01 2.416951e-01 2.670592e-01 2.907760e-01 3.126992e-01 3.326939e-01 3.506367e-01 3.664172e-01 3.799380e-01 3.911160e-01 3.998822e-01 4.061827e-01 4.099785e-01 4.112464e-01 
-4.736237e-01 -4.721639e-01 -4.677933e-01 -4.605390e-01 -4.504457e-01 -4.375756e-01 -4.220083e-01 -4.038396e-01 -3.831817e-01 -3.601620e-01 -3.349226e-01 -3.076189e-01 -2.784196e-01 -2.475046e-01 -2.150646e-01 -1.812998e-01 -1.464182e-01 -1.106350e-01 -7.417091e-02 -3.725070e-02 -1.020285e-04 3.704605e-02 7.396451e-02 1.104257e-01 1.462050e-01 1.810816e-01 2.148408e-01 2.472742e-01 2.781822e-01 3.073741e-01 3.346700e-01 3.599018e-01 3.829139e-01 4.035647e-01 4.217267e-01 4.372881e-01 4.501530e-01 4.602422e-01 4.674935e-01 4.718622e-01 4.733215e-01 
-5.327897e-01 -5.311475e-01 -5.262309e-01 -5.180702e-01 -5.067158e-01 -4.922378e-01 -4.747254e-01 -4.542867e-01 -4.310478e-01 -4.051520e-01 -3.767590e-01 -3.460440e-01 -3.131964e-01 -2.784187e-01 -2.419256e-01 -2.039419e-01 -1.647020e-01 -1.244478e-01 -8.342754e-02 -4.189416e-02 -1.037507e-04 4.168603e-02 8.321753e-02 1.242347e-01 1.644847e-01 2.037194e-01 2.416969e-01 2.781831e-01 3.129532e-01 3.457928e-01 3.764996e-01 4.048844e-01 4.307721e-01 4.540033e-01 4.744348e-01 4.919408e-01 5.064134e-01 5.177633e-01 5.259207e-01 5.308354e-01 5.324770e-01 
-5.886722e-01 -5.868576e-01 -5.814252e-01 -5.724085e-01 -5.598631e-01 -5.438663e-01 -5.245168e-01 -5.019341e-01 -4.762574e-01 -4.476451e-01 -4.162736e-01 -3.823365e-01 -3.460431e-01 -3.076172e-01 -2.672958e-01 -2.253275e-01 -1.819711e-01 -1.374940e-01 -9.217054e-02 -4.628007e-02 -1.055640e-04 4.606827e-02 9.195674e-02 1.372770e-01 1.817495e-01 2.251003e-01 2.670620e-01 3.073760e-01 3.457938e-01 3.820787e-01 4.160070e-01 4.473696e-01 4.759733e-01 5.016417e-01 5.242168e-01 5.435593e-01 5.595502e-01 5.720910e-01 5.811042e-01 5.865345e-01 5.883483e-01 
-6.409264e-01 -6.389508e-01 -6.330361e-01 -6.232189e-01 -6.095597e-01 -5.921427e-01 -5.710755e-01 -5.464879e-01 -5.185317e-01 -4.873792e-01 -4.532227e-01 -4.162727e-01 -3.767572e-01 -3.349199e-01 -2.910188e-01 -2.453246e-01 -1.981190e-01 -1.496933e-01 -1.003460e-01 -5.038134e-02 -1.074240e-04 5.016577e-02 1.001283e-01 1.494721e-01 1.978931e-01 2.450926e-01 2.907798e-01 3.346730e-01 3.765017e-01 4.160081e-01 4.529486e-01 4.870957e-01 5.182389e-01 5.461863e-01 5.707657e-01 5.918255e-01 6.092362e-01 6.228903e-01 6.327038e-01 6.386162e-01 6.405910e-01 
-6.892301e-01 -6.871056e-01 -6.807451e-01 -6.701879e-01 -6.554991e-01 -6.367694e-01 -6.141142e-01 -5.876734e-01 -5.576099e-01 -5.241094e-01 -4.873783e-01 -4.476432e-01 -4.051493e-01 -3.601585e-01 -3.129483e-01 -2.638099e-01 -2.130462e-01 -1.609704e-01 -1.079035e-01 -5.417266e-02 -1.092849e-04 5.395333e-02 1.076819e-01 1.607451e-01 2.128158e-01 2.635731e-01 3.127041e-01 3.599058e-01 4.048875e-01 4.473718e-01 4.870968e-01 5.238178e-01 5.573085e-01 5.873625e-01 6.137946e-01 6.364419e-01 6.551649e-01 6.698483e-01 6.804015e-01 6.867595e-01 6.888832e-01 
-7.332855e-01 -7.310251e-01 -7.242580e-01 -7.130260e-01 -6.973982e-01 -6.774711e-01 -6.533676e-01 -6.252365e-01 -5.932512e-01 -5.576090e-01 -5.185298e-01 -4.762546e-01 -4.310442e-01 -3.831772e-01 -3.329490e-01 -2.806694e-01 -2.266605e-01 -1.712556e-01 -1.147963e-01 -5.763061e-02 -1.111007e-04 5.740761e-02 1.145709e-01 1.710263e-01 2.264258e-01 2.804280e-01 3.326998e-01 3.829190e-01 4.307763e-01 4.759765e-01 5.182411e-01 5.573096e-01 5.929413e-01 6.249166e-01 6.530384e-01 6.771335e-01 6.970535e-01 7.126755e-01 7.239033e-01 7.306678e-01 7.329273e-01 
-7.728207e-01 -7.704385e-01 -7.633065e-01 -7.514688e-01 -7.349983e-01 -7.139967e-01 -6.885936e-01 -6.589456e-01 -6.252356e-01 -5.876716e-01 -5.464852e-01 -5.019305e-01 -4.542822e-01 -4.038342e-01 -3.508977e-01 -2.957991e-01 -2.388780e-01 -1.804856e-01 -1.209820e-01 -6.073385e-02 -1.128268e-04 6.050736e-02 1.207529e-01 1.802525e-01 2.386393e-01 2.955532e-01 3.506436e-01 4.035708e-01 4.540085e-01 5.016459e-01 5.461895e-01 5.873646e-01 6.249176e-01 6.586170e-01 6.882552e-01 7.136495e-01 7.346436e-01 7.511079e-01 7.629412e-01 7.700704e-01 7.724517e-01 
-8.075920e-01 -8.051026e-01 -7.976497e-01 -7.852793e-01 -7.680677e-01 -7.461211e-01 -7.195748e-01 -6.885927e-01 -6.533659e-01 -6.141116e-01 -5.710719e-01 -5.245123e-01 -4.747201e-01 -4.220021e-01 -3.666836e-01 -3.091056e-01 -2.496234e-01 -1.886035e-01 -1.264223e-01 -6.346321e-02 -1.144204e-04 6.323349e-02 1.261900e-01 1.883668e-01 2.493808e-01 3.088557e-01 3.664250e-01 4.217337e-01 4.744410e-01 5.242220e-01 5.707698e-01 6.137977e-01 6.530404e-01 6.882562e-01 7.192280e-01 7.457650e-01 7.677037e-01 7.849088e-01 7.972745e-01 8.047246e-01 8.072130e-01 
-8.373849e-01 -8.348037e-01 -8.270758e-01 -8.142489e-01 -7.964023e-01 -7.736460e-01 -7.461203e-01 -7.139951e-01 -6.774686e-01 -6.367660e-01 -5.921384e-01 -5.438610e-01 -4.922317e-01 -4.375687e-01 -3.802093e-01 -3.205071e-01 -2.588302e-01 -1.955591e-01 -1.310837e-01 -6.580184e-02 -1.158421e-04 6.556924e-02 1.308484e-01 1.953193e-01 2.585843e-01 3.202535e-01 3.799467e-01 4.372960e-01 4.919478e-01 5.435654e-01 5.918306e-01 6.364459e-01 6.771364e-01 7.136514e-01 7.457659e-01 7.732819e-01 7.960299e-01 8.138699e-01 8.266918e-01 8.344167e-01 8.369969e-01 
-8.620156e-01 -8.593584e-01 -8.514032e-01 -8.381990e-01 -8.198274e-01 -7.964016e-01 -7.680662e-01 -7.349960e-01 -6.973950e-01 -6.554951e-01 -6.095547e-01 -5.598572e-01 -5.067091e-01 -4.504381e-01 -3.913914e-01 -3.299329e-01 -2.664418e-01 -2.013094e-01 -1.349375e-01 -6.773528e-02 -1.170568e-04 6.750022e-02 1.346997e-01 2.010670e-01 2.661930e-01 3.296763e-01 3.911254e-01 4.501616e-01 5.064211e-01 5.595570e-01 6.092420e-01 6.551697e-01 6.970571e-01 7.346462e-01 7.677053e-01 7.960307e-01 8.194479e-01 8.378126e-01 8.510117e-01 8.589638e-01 8.616200e-01 
-8.813322e-01 -8.786154e-01 -8.704819e-01 -8.569819e-01 -8.381985e-01 -8.142477e-01 -7.852773e-01 -7.514659e-01 -7.130222e-01 -6.701833e-01 -6.232134e-01 -5.724021e-01 -5.180629e-01 -4.605309e-01 -4.001609e-01 -3.373252e-01 -2.724112e-01 -2.058192e-01 -1.379599e-01 -6.925159e-02 -1.180343e-04 6.901456e-02 1.377200e-01 2.055746e-01 2.721601e-01 3.370660e-01 3.998922e-01 4.602514e-01 5.177717e-01 5.720984e-01 6.228967e-01 6.698536e-01 7.126798e-01 7.511112e-01 7.849111e-01 8.138713e-01 8.378132e-01 8.565895e-01 8.700843e-01 8.782147e-01 8.809303e-01 
-8.952155e-01 -8.924560e-01 -8.841943e-01 -8.704815e-01 -8.514022e-01 -8.270741e-01 -7.976473e-01 -7.633033e-01 -7.242539e-01 -6.807401e-01 -6.330302e-01 -5.814185e-01 -5.262232e-01 -4.677849e-01 -4.064638e-01 -3.426382e-01 -2.767015e-01 -2.090605e-01 -1.401321e-01 -7.034142e-02 -1.187504e-04 7.010293e-02 1.398907e-01 2.088143e-01 2.764487e-01 3.423771e-01 4.061931e-01 4.675032e-01 5.259295e-01 5.811121e-01 6.327106e-01 6.804073e-01 7.239081e-01 7.629449e-01 7.972773e-01 8.266937e-01 8.510128e-01 8.700848e-01 8.837922e-01 8.920506e-01 8.948091e-01 
-9.035799e-01 -9.007946e-01 -8.924557e-01 -8.786148e-01 -8.593572e-01 -8.348018e-01 -8.051000e-01 -7.704350e-01 -7.310208e-01 -6.871003e-01 -6.389446e-01 -5.868506e-01 -5.311396e-01 -4.721552e-01 -4.102611e-01 -3.458391e-01 -2.792863e-01 -2.110133e-01 -1.414408e-01 -7.099801e-02 -1.191872e-04 7.075865e-02 1.411985e-01 2.107661e-01 2.790325e-01 3.455770e-01 4.099892e-01 4.718722e-01 5.308445e-01 5.865426e-01 6.386233e-01 6.867656e-01 7.306728e-01 7.700744e-01 8.047276e-01 8.344188e-01 8.589652e-01 8.782154e-01 8.920509e-01 9.003864e-01 9.031707e-01 
-9.063738e-01 -9.035798e-01 -8.952152e-01 -8.813315e-01 -8.620143e-01 -8.373830e-01 -8.075893e-01 -7.728172e-01 -7.332810e-01 -6.892248e-01 -6.409201e-01 -5.886651e-01 -5.327818e-01 -4.736150e-01 -4.115295e-01 -3.469083e-01 -2.801497e-01 -2.116655e-01 -1.418780e-01 -7.121733e-02 -1.193341e-04 7.097767e-02 1.416353e-01 2.114180e-01 2.798956e-01 3.466458e-01 4.112572e-01 4.733315e-01 5.324861e-01 5.883565e-01 6.405982e-01 6.888894e-01 7.329324e-01 7.724558e-01 8.072161e-01 8.369992e-01 8.616214e-01 8.809312e-01 8.948095e-01 9.031708e-01 9.059636e-01 
