9.080979e-01 8.969168e-01 8.636482e-01 8.091102e-01 7.346433e-01 6.420788e-01 5.336928e-01 4.121514e-01 2.804448e-01 1.418141e-01 -3.288729e-04 -1.424849e-01 -2.811542e-01 -4.129221e-01 -5.345431e-01 -6.430204e-01 -7.356797e-01 -8.102350e-01 -8.648454e-01 -8.981614e-01 -9.093590e-01 
8.969150e-01 8.858716e-01 8.530126e-01 7.991460e-01 7.255960e-01 6.341710e-01 5.271195e-01 4.070745e-01 2.769895e-01 1.400655e-01 -3.274287e-04 -1.407333e-01 -2.776953e-01 -4.078409e-01 -5.279644e-01 -6.351061e-01 -7.266244e-01 -8.002615e-01 -8.541993e-01 -8.871050e-01 -8.981647e-01 
8.636414e-01 8.530075e-01 8.213673e-01 7.694986e-01 6.986765e-01 6.106424e-01 5.075613e-01 3.919687e-01 2.667083e-01 1.348627e-01 -3.232342e-04 -1.355217e-01 -2.674039e-01 -3.927225e-01 -5.083906e-01 -6.115582e-01 -6.996817e-01 -7.705871e-01 -8.225238e-01 -8.542086e-01 -8.648580e-01 
8.090954e-01 7.991330e-01 7.694907e-01 7.208971e-01 6.545469e-01 5.720716e-01 4.754993e-01 3.672054e-01 2.498542e-01 1.263335e-01 -3.166924e-04 -1.269786e-01 -2.505339e-01 -3.679397e-01 -4.763043e-01 -5.729574e-01 -6.555161e-01 -7.219437e-01 -7.706004e-01 -8.002840e-01 -8.102608e-01 
7.346186e-01 7.255730e-01 6.986586e-01 6.545369e-01 5.942928e-01 5.194073e-01 4.317221e-01 3.333938e-01 2.268416e-01 1.146874e-01 -3.084339e-04 -1.153151e-01 -2.275011e-01 -3.341035e-01 -4.324965e-01 -5.202555e-01 -5.952168e-01 -6.555312e-01 -6.997099e-01 -7.266616e-01 -7.357201e-01 
6.420429e-01 6.341370e-01 6.106135e-01 5.720506e-01 5.193963e-01 4.539451e-01 3.773066e-01 2.913656e-01 1.982364e-01 1.002106e-01 -2.992592e-04 -1.008189e-01 -1.988734e-01 -2.920479e-01 -3.780471e-01 -4.547517e-01 -5.202705e-01 -5.729873e-01 -6.116007e-01 -6.351572e-01 -6.430746e-01 
5.336458e-01 5.270743e-01 5.075213e-01 4.754672e-01 4.317000e-01 3.772956e-01 3.135916e-01 2.421547e-01 1.647422e-01 8.325880e-02 -2.900634e-04 -8.384770e-02 -1.653567e-01 -2.428096e-01 -3.142982e-01 -3.780607e-01 -4.325247e-01 -4.763468e-01 -5.084451e-01 -5.280270e-01 -5.346085e-01 
4.120942e-01 4.070191e-01 3.919184e-01 3.671633e-01 3.333618e-01 2.913447e-01 2.421448e-01 1.869719e-01 1.271829e-01 6.424873e-02 -2.817490e-04 -6.482006e-02 -1.277771e-01 -1.876020e-01 -2.428208e-01 -2.920724e-01 -3.341421e-01 -3.679917e-01 -3.927857e-01 -4.079115e-01 -4.129953e-01 
2.803789e-01 2.769254e-01 2.666496e-01 2.498037e-01 2.268013e-01 1.982074e-01 1.647243e-01 1.271750e-01 8.648253e-02 4.364783e-02 -2.751370e-04 -4.420519e-02 -8.706054e-02 -1.277854e-01 -1.653761e-01 -1.989056e-01 -2.275466e-01 -2.505919e-01 -2.674723e-01 -2.777705e-01 -2.812317e-01 
1.417414e-01 1.399948e-01 1.347975e-01 1.262768e-01 1.146413e-01 1.001760e-01 8.323563e-02 6.423569e-02 4.364275e-02 2.196283e-02 -2.708836e-04 -2.251121e-02 -4.421036e-02 -6.483349e-02 -8.387182e-02 -1.008553e-01 -1.153641e-01 -1.270393e-01 -1.355919e-01 -1.408097e-01 -1.425635e-01 
-4.058110e-04 -4.023517e-04 -3.923488e-04 -3.768753e-04 -3.575585e-04 -3.363761e-04 -3.154304e-04 -2.967332e-04 -2.820253e-04 -2.726402e-04 -2.694121e-04 -2.726247e-04 -2.819948e-04 -2.966883e-04 -3.153723e-04 -3.363063e-04 -3.574785e-04 -3.767872e-04 -3.922546e-04 -4.022540e-04 -4.057116e-04 
-1.425636e-01 -1.408098e-01 -1.355919e-01 -1.270394e-01 -1.153641e-01 -1.008553e-01 -8.387186e-02 -6.483352e-02 -4.421038e-02 -2.251121e-02 -2.708687e-04 2.196286e-02 4.364279e-02 6.423575e-02 8.323571e-02 1.001761e-01 1.146414e-01 1.262769e-01 1.347976e-01 1.399949e-01 1.417416e-01 
-2.812318e-01 -2.777705e-01 -2.674724e-01 -2.505920e-01 -2.275466e-01 -1.989056e-01 -1.653761e-01 -1.277854e-01 -8.706055e-02 -4.420518e-02 -2.751076e-04 4.364787e-02 8.648259e-02 1.271751e-01 1.647244e-01 1.982075e-01 2.268014e-01 2.498038e-01 2.666497e-01 2.769255e-01 2.803790e-01 
-4.129954e-01 -4.079115e-01 -3.927858e-01 -3.679918e-01 -3.341421e-01 -2.920724e-01 -2.428209e-01 -1.876020e-01 -1.277770e-01 -6.482004e-02 -2.817057e-04 6.424879e-02 1.271829e-01 1.869720e-01 2.421449e-01 2.913448e-01 3.333619e-01 3.671634e-01 3.919186e-01 4.070192e-01 4.120943e-01 
-5.346085e-01 -5.280270e-01 -5.084452e-01 -4.763468e-01 -4.325248e-01 -3.780607e-01 -3.142982e-01 -2.428096e-01 -1.653567e-01 -8.384766e-02 -2.900074e-04 8.325887e-02 1.647423e-01 2.421548e-01 3.135917e-01 3.772957e-01 4.317002e-01 4.754674e-01 5.075214e-01 5.270744e-01 5.336460e-01 
-6.430746e-01 -6.351572e-01 -6.116008e-01 -5.729873e-01 -5.202705e-01 -4.547517e-01 -3.780471e-01 -2.920479e-01 -1.988734e-01 -1.008189e-01 -2.991919e-04 1.002107e-01 1.982365e-01 2.913657e-01 3.773067e-01 4.539453e-01 5.193964e-01 5.720507e-01 6.106136e-01 6.341371e-01 6.420431e-01 
-7.357202e-01 -7.266616e-01 -6.997100e-01 -6.555312e-01 -5.952168e-01 -5.202555e-01 -4.324965e-01 -3.341035e-01 -2.275010e-01 -1.153151e-01 -3.083568e-04 1.146875e-01 2.268417e-01 3.333939e-01 4.317222e-01 5.194074e-01 5.942929e-01 6.545371e-01 6.986587e-01 7.255731e-01 7.346187e-01 
-8.102608e-01 -8.002840e-01 -7.706004e-01 -7.219437e-01 -6.555161e-01 -5.729574e-01 -4.763043e-01 -3.679397e-01 -2.505338e-01 -1.269786e-01 -3.166075e-04 1.263336e-01 2.498543e-01 3.672055e-01 4.754994e-01 5.720717e-01 6.545470e-01 7.208972e-01 7.694908e-01 7.991331e-01 8.090955e-01 
-8.648580e-01 -8.542086e-01 -8.225238e-01 -7.705871e-01 -6.996816e-01 -6.115581e-01 -5.083906e-01 -3.927225e-01 -2.674039e-01 -1.355216e-01 -3.231435e-04 1.348628e-01 2.667084e-01 3.919688e-01 5.075614e-01 6.106425e-01 6.986766e-01 7.694987e-01 8.213675e-01 8.530077e-01 8.636415e-01 
-8.981647e-01 -8.871050e-01 -8.541993e-01 -8.002615e-01 -7.266244e-01 -6.351060e-01 -5.279644e-01 -4.078408e-01 -2.776952e-01 -1.407332e-01 -3.273348e-04 1.400656e-01 2.769896e-01 4.070746e-01 5.271196e-01 6.341712e-01 7.255961e-01 7.991461e-01 8.530128e-01 8.858717e-01 8.969152e-01 
-9.093590e-01 -8.981614e-01 -8.648454e-01 -8.102350e-01 -7.356797e-01 -6.430204e-01 -5.345430e-01 -4.129220e-01 -2.811541e-01 -1.424848e-01 -3.287771e-04 1.418142e-01 2.804449e-01 4.121515e-01 5.336929e-01 6.420789e-01 7.346435e-01 8.091103e-01 8.636484e-01 8.969169e-01 9.080980e-01 
