2.343399e-03 2.335222e-03 2.310741e-03 2.270102e-03 2.213545e-03 2.141398e-03 2.054070e-03 1.952044e-03 1.835867e-03 1.706143e-03 1.563523e-03 1.408699e-03 1.242398e-03 1.065380e-03 8.784318e-04 6.823740e-04 4.780582e-04 2.663738e-04 4.825330e-05 1.753205e-04 4.033065e-04 6.345971e-04 8.680107e-04 1.102285e-03 1.336074e-03 1.567942e-03 1.796369e-03 2.019754e-03 2.236424e-03 2.444648e-03 2.642659e-03 2.828675e-03 3.000928e-03 3.157700e-03 3.297353e-03 3.418369e-03 3.519388e-03 3.599239e-03 3.656976e-03 3.691903e-03 3.703593e-03 
2.335275e-03 2.327126e-03 2.302728e-03 2.262228e-03 2.205862e-03 2.133958e-03 2.046924e-03 1.945239e-03 1.829449e-03 1.700155e-03 1.558004e-03 1.403686e-03 1.237925e-03 1.061479e-03 8.751330e-04 6.797043e-04 4.760425e-04 2.650348e-04 4.761154e-05 1.752466e-04 4.025008e-04 6.330460e-04 8.657033e-04 1.099214e-03 1.332234e-03 1.563333e-03 1.790995e-03 2.013624e-03 2.229553e-03 2.437057e-03 2.634376e-03 2.819735e-03 2.991373e-03 3.147579e-03 3.286724e-03 3.407297e-03 3.507942e-03 3.587497e-03 3.645019e-03 3.679815e-03 3.691462e-03 
2.310956e-03 2.302891e-03 2.278743e-03 2.238655e-03 2.182863e-03 2.111688e-03 2.025532e-03 1.924868e-03 1.810234e-03 1.682223e-03 1.541474e-03 1.388670e-03 1.224527e-03 1.049793e-03 8.652486e-04 6.717023e-04 4.699974e-04 2.610145e-04 4.567758e-05 1.750394e-04 4.001045e-04 6.284199e-04 8.588151e-04 1.090040e-03 1.320762e-03 1.549563e-03 1.774939e-03 1.995309e-03 2.209024e-03 2.414379e-03 2.609630e-03 2.793027e-03 2.962829e-03 3.117349e-03 3.254978e-03 3.374227e-03 3.473760e-03 3.552430e-03 3.609310e-03 3.643717e-03 3.655233e-03 
2.270603e-03 2.262676e-03 2.238941e-03 2.199537e-03 2.144695e-03 2.074727e-03 1.990025e-03 1.891052e-03 1.778333e-03 1.652448e-03 1.514024e-03 1.363729e-03 1.202267e-03 1.030373e-03 8.488145e-04 6.583894e-04 4.599293e-04 2.543037e-04 4.242564e-05 1.747419e-04 3.961787e-04 6.207994e-04 8.474473e-04 1.074888e-03 1.301806e-03 1.526802e-03 1.748396e-03 1.965032e-03 2.175089e-03 2.376891e-03 2.568730e-03 2.748887e-03 2.915661e-03 3.067399e-03 3.202529e-03 3.319595e-03 3.417295e-03 3.494509e-03 3.550331e-03 3.584097e-03 3.595397e-03 
2.214476e-03 2.206740e-03 2.183578e-03 2.145123e-03 2.091597e-03 2.023302e-03 1.940618e-03 1.843991e-03 1.733929e-03 1.610996e-03 1.475799e-03 1.328988e-03 1.171249e-03 1.003300e-03 8.258900e-04 6.398011e-04 4.458489e-04 2.448873e-04 3.781384e-05 1.744244e-04 3.908236e-04 6.103163e-04 8.317652e-04 1.053958e-03 1.275603e-03 1.495329e-03 1.711688e-03 1.923158e-03 2.128156e-03 2.325049e-03 2.512175e-03 2.687863e-03 2.850460e-03 2.998364e-03 3.130051e-03 3.244113e-03 3.339290e-03 3.414499e-03 3.468866e-03 3.501749e-03 3.512754e-03 
2.142931e-03 2.135438e-03 2.113002e-03 2.075751e-03 2.023896e-03 1.957727e-03 1.877605e-03 1.783958e-03 1.677274e-03 1.558092e-03 1.426999e-03 1.284620e-03 1.131617e-03 9.686871e-04 7.965570e-04 6.159869e-04 4.277720e-04 2.327459e-04 3.178577e-05 1.741821e-04 3.841755e-04 5.971502e-04 8.119945e-04 1.027524e-03 1.242479e-03 1.455524e-03 1.665251e-03 1.870182e-03 2.068783e-03 2.259474e-03 2.440650e-03 2.610699e-03 2.768032e-03 2.911106e-03 3.038459e-03 3.148742e-03 3.240746e-03 3.313436e-03 3.365975e-03 3.397750e-03 3.408383e-03 
2.056406e-03 2.049205e-03 2.027643e-03 1.991841e-03 1.941998e-03 1.878387e-03 1.801350e-03 1.711293e-03 1.608678e-03 1.494018e-03 1.367872e-03 1.230838e-03 1.083551e-03 9.266771e-04 7.609189e-04 5.870100e-04 4.057198e-04 2.178568e-04 2.427258e-05 1.741322e-04 3.764027e-04 5.815237e-04 7.884150e-04 9.959272e-04 1.202839e-03 1.407860e-03 1.609628e-03 1.806720e-03 1.997659e-03 2.180931e-03 2.354996e-03 2.518314e-03 2.669367e-03 2.806686e-03 2.928880e-03 3.034666e-03 3.122898e-03 3.192593e-03 3.242961e-03 3.273419e-03 3.283611e-03 
1.955412e-03 1.948550e-03 1.928003e-03 1.893882e-03 1.846373e-03 1.785733e-03 1.712279e-03 1.626393e-03 1.528507e-03 1.419106e-03 1.298714e-03 1.167899e-03 1.027262e-03 8.774395e-04 7.191002e-04 5.529473e-04 3.797198e-04 2.001955e-04 1.519569e-05 1.744107e-04 3.677014e-04 5.636966e-04 7.613538e-04 9.595654e-04 1.157157e-03 1.352887e-03 1.545451e-03 1.733489e-03 1.915591e-03 2.090313e-03 2.256195e-03 2.411775e-03 2.555617e-03 2.686335e-03 2.802616e-03 2.903253e-03 2.987169e-03 3.053441e-03 3.101326e-03 3.130280e-03 3.139969e-03 
1.840523e-03 1.834045e-03 1.814643e-03 1.782423e-03 1.737554e-03 1.680273e-03 1.610873e-03 1.529707e-03 1.437176e-03 1.333729e-03 1.219858e-03 1.096092e-03 9.629962e-04 8.211695e-04 6.712450e-04 5.138897e-04 3.498068e-04 1.797385e-04 4.469822e-06 1.751674e-04 3.582900e-04 5.439592e-04 7.311773e-04 9.188852e-04 1.105961e-03 1.291223e-03 1.473431e-03 1.651293e-03 1.823476e-03 1.988617e-03 2.145339e-03 2.292270e-03 2.428062e-03 2.551419e-03 2.661114e-03 2.756021e-03 2.835137e-03 2.897605e-03 2.942734e-03 2.970017e-03 2.979146e-03 
1.712362e-03 1.706307e-03 1.688176e-03 1.658061e-03 1.616118e-03 1.562560e-03 1.497656e-03 1.421726e-03 1.335137e-03 1.238303e-03 1.131674e-03 1.015740e-03 8.910243e-04 7.580862e-04 6.175168e-04 4.699422e-04 3.160247e-04 1.564651e-04 7.993479e-06 1.765623e-04 3.484034e-04 5.226257e-04 6.982829e-04 8.743713e-04 1.049830e-03 1.223541e-03 1.394337e-03 1.561003e-03 1.722289e-03 1.876919e-03 2.023608e-03 2.161078e-03 2.288078e-03 2.403404e-03 2.505922e-03 2.594593e-03 2.668490e-03 2.726823e-03 2.768958e-03 2.794428e-03 2.802950e-03 
1.571587e-03 1.565996e-03 1.549249e-03 1.521431e-03 1.482679e-03 1.433185e-03 1.373188e-03 1.302976e-03 1.222880e-03 1.133272e-03 1.034561e-03 9.271915e-04 8.116442e-04 6.884310e-04 5.580979e-04 4.212248e-04 2.784275e-04 1.303602e-04 2.228210e-05 1.787600e-04 3.382869e-04 5.000264e-04 6.630899e-04 8.265362e-04 9.893711e-04 1.150550e-03 1.308983e-03 1.463539e-03 1.613057e-03 1.756354e-03 1.892242e-03 2.019543e-03 2.137106e-03 2.243824e-03 2.338660e-03 2.420661e-03 2.488981e-03 2.542901e-03 2.581842e-03 2.605379e-03 2.613253e-03 
1.418890e-03 1.413797e-03 1.398541e-03 1.373197e-03 1.337883e-03 1.292768e-03 1.238061e-03 1.174015e-03 1.100922e-03 1.019111e-03 9.289456e-04 8.308243e-04 7.251773e-04 6.124674e-04 4.931898e-04 3.678734e-04 2.370821e-04 1.014175e-04 3.847935e-05 1.819247e-04 3.281901e-04 4.765001e-04 6.260308e-04 7.759098e-04 9.252168e-04 1.072986e-03 1.218211e-03 1.359851e-03 1.496838e-03 1.628088e-03 1.752514e-03 1.869041e-03 1.976620e-03 2.074245e-03 2.160975e-03 2.235948e-03 2.298399e-03 2.347676e-03 2.383259e-03 2.404763e-03 2.411958e-03 
1.254982e-03 1.250419e-03 1.236754e-03 1.214046e-03 1.182399e-03 1.141954e-03 1.092890e-03 1.035424e-03 9.698055e-04 8.963193e-04 8.152813e-04 7.270384e-04 6.319686e-04 5.304804e-04 4.230138e-04 3.100415e-04 1.920701e-04 6.964261e-05 5.665986e-05 1.862157e-04 3.183608e-04 4.523874e-04 5.875427e-04 7.230295e-04 8.580074e-04 9.915953e-04 1.122876e-03 1.250903e-03 1.374705e-03 1.493302e-03 1.605710e-03 1.710959e-03 1.808103e-03 1.896239e-03 1.974521e-03 2.042177e-03 2.098523e-03 2.142977e-03 2.175072e-03 2.194468e-03 2.200957e-03 
1.080592e-03 1.076591e-03 1.064605e-03 1.044685e-03 1.016913e-03 9.814063e-04 9.383107e-04 8.878046e-04 8.300956e-04 7.654202e-04 6.940433e-04 6.162581e-04 5.323861e-04 4.427775e-04 3.478125e-04 2.479022e-04 1.434907e-04 3.505650e-05 7.688535e-05 1.917815e-04 3.090387e-04 4.280230e-04 5.480589e-04 6.684306e-04 7.883827e-04 9.071241e-04 1.023831e-03 1.137655e-03 1.247728e-03 1.353170e-03 1.453106e-03 1.546669e-03 1.633019e-03 1.711353e-03 1.780922e-03 1.841040e-03 1.891103e-03 1.930596e-03 1.959108e-03 1.976337e-03 1.982101e-03 
8.964663e-04 8.930544e-04 8.828318e-04 8.658367e-04 8.421330e-04 8.118096e-04 7.749802e-04 7.317830e-04 6.823807e-04 6.269599e-04 5.657318e-04 4.989322e-04 4.268224e-04 3.496904e-04 2.678515e-04 1.816507e-04 9.146367e-05 2.301064e-06 9.920048e-05 1.987556e-04 3.004500e-04 4.037295e-04 5.080019e-04 6.126376e-04 7.169719e-04 8.203072e-04 9.219180e-04 1.021055e-03 1.116955e-03 1.208844e-03 1.295950e-03 1.377513e-03 1.452796e-03 1.521095e-03 1.581755e-03 1.634175e-03 1.677828e-03 1.712265e-03 1.737126e-03 1.752149e-03 1.757175e-03 
7.033666e-04 7.005692e-04 6.921857e-04 6.782423e-04 6.587826e-04 6.338678e-04 6.035768e-04 5.680067e-04 5.272729e-04 4.815100e-04 4.308724e-04 3.755354e-04 3.156964e-04 2.515765e-04 1.834222e-04 1.115067e-04 3.613234e-05 4.236792e-05 1.236289e-04 2.072515e-04 2.928020e-04 3.798116e-04 4.677760e-04 5.561572e-04 6.443845e-04 7.318582e-04 8.179527e-04 9.020221e-04 9.834060e-04 1.061437e-03 1.135448e-03 1.204784e-03 1.268807e-03 1.326912e-03 1.378531e-03 1.423150e-03 1.460314e-03 1.489635e-03 1.510806e-03 1.523599e-03 1.527879e-03 
5.020760e-04 4.999163e-04 4.934416e-04 4.826654e-04 4.676104e-04 4.483090e-04 4.248040e-04 3.971494e-04 3.654115e-04 3.296700e-04 2.900197e-04 2.465717e-04 1.994560e-04 1.488226e-04 9.484418e-05 3.771778e-05 2.233297e-05 8.505600e-05 1.501691e-04 2.173587e-04 2.862787e-04 3.565503e-04 4.277620e-04 4.994709e-04 5.712042e-04 6.424619e-04 7.127206e-04 7.814381e-04 8.480584e-04 9.120187e-04 9.727562e-04 1.029716e-03 1.082361e-03 1.130177e-03 1.172685e-03 1.209450e-03 1.240085e-03 1.264265e-03 1.281728e-03 1.292284e-03 1.295815e-03 
2.934042e-04 2.919034e-04 2.874010e-04 2.798972e-04 2.693930e-04 2.558908e-04 2.393955e-04 2.199163e-04 1.974677e-04 1.720719e-04 1.437608e-04 1.125782e-04 7.858215e-05 4.184773e-05 2.469206e-06 3.943735e-05 8.373182e-05 1.302479e-04 1.787915e-04 2.291389e-04 2.810363e-04 3.341991e-04 3.883121e-04 4.430306e-04 4.979819e-04 5.527677e-04 6.069676e-04 6.601428e-04 7.118413e-04 7.616033e-04 8.089677e-04 8.534784e-04 8.946922e-04 9.321860e-04 9.655641e-04 9.944660e-04 1.018573e-03 1.037614e-03 1.051374e-03 1.059694e-03 1.062478e-03 
7.819660e-05 7.737393e-05 7.490130e-05 7.076513e-05 6.494351e-05 5.740743e-05 4.812225e-05 3.704974e-05 2.415027e-05 9.385446e-06 7.279130e-06 2.587091e-05 4.640734e-05 6.889286e-05 9.331582e-05 1.196457e-04 1.478305e-04 1.777940e-04 2.094345e-04 2.426225e-04 2.772000e-04 3.129798e-04 3.497458e-04 3.872537e-04 4.252322e-04 4.633855e-04 5.013959e-04 5.389276e-04 5.756306e-04 6.111462e-04 6.451116e-04 6.771664e-04 7.069586e-04 7.341509e-04 7.584269e-04 7.794977e-04 7.971075e-04 8.110388e-04 8.211176e-04 8.272166e-04 8.292583e-04 
1.426562e-04 1.427834e-04 1.431746e-04 1.438580e-04 1.448795e-04 1.463012e-04 1.481995e-04 1.506626e-04 1.537871e-04 1.576754e-04 1.624318e-04 1.681587e-04 1.749534e-04 1.829038e-04 1.920852e-04 2.025569e-04 2.143589e-04 2.275094e-04 2.420025e-04 2.578062e-04 2.748610e-04 2.930799e-04 3.123473e-04 3.325204e-04 3.534300e-04 3.748822e-04 3.966613e-04 4.185326e-04 4.402462e-04 4.615411e-04 4.821502e-04 5.018047e-04 5.202397e-04 5.371997e-04 5.524437e-04 5.657504e-04 5.769233e-04 5.857948e-04 5.922305e-04 5.961320e-04 5.974392e-04 
3.682067e-04 3.676232e-04 3.658876e-04 3.630433e-04 3.591618e-04 3.543403e-04 3.486994e-04 3.423798e-04 3.355388e-04 3.283460e-04 3.209796e-04 3.136210e-04 3.064512e-04 2.996458e-04 2.933712e-04 2.877801e-04 2.830085e-04 2.791720e-04 2.763634e-04 2.746507e-04 2.740752e-04 2.746507e-04 2.763634e-04 2.791720e-04 2.830085e-04 2.877801e-04 2.933712e-04 2.996458e-04 3.064512e-04 3.136210e-04 3.209796e-04 3.283460e-04 3.355388e-04 3.423798e-04 3.486994e-04 3.543403e-04 3.591618e-04 3.630433e-04 3.658876e-04 3.676232e-04 3.682067e-04 
5.974392e-04 5.961320e-04 5.922305e-04 5.857948e-04 5.769233e-04 5.657504e-04 5.524437e-04 5.371997e-04 5.202397e-04 5.018047e-04 4.821502e-04 4.615411e-04 4.402462e-04 4.185326e-04 3.966613e-04 3.748822e-04 3.534300e-04 3.325204e-04 3.123473e-04 2.930799e-04 2.748610e-04 2.578062e-04 2.420025e-04 2.275094e-04 2.143589e-04 2.025569e-04 1.920852e-04 1.829038e-04 1.749534e-04 1.681587e-04 1.624318e-04 1.576754e-04 1.537871e-04 1.506626e-04 1.481995e-04 1.463012e-04 1.448795e-04 1.438580e-04 1.431746e-04 1.427834e-04 1.426562e-04 
8.292583e-04 8.272166e-04 8.211176e-04 8.110388e-04 7.971075e-04 7.794977e-04 7.584269e-04 7.341509e-04 7.069586e-04 6.771664e-04 6.451116e-04 6.111462e-04 5.756306e-04 5.389276e-04 5.013959e-04 4.633855e-04 4.252322e-04 3.872537e-04 3.497458e-04 3.129798e-04 2.772000e-04 2.426225e-04 2.094345e-04 1.777940e-04 1.478305e-04 1.196457e-04 9.331582e-05 6.889286e-05 4.640734e-05 2.587091e-05 7.279130e-06 9.385446e-06 2.415027e-05 3.704974e-05 4.812225e-05 5.740743e-05 6.494351e-05 7.076513e-05 7.490130e-05 7.737393e-05 7.819660e-05 
1.062478e-03 1.059694e-03 1.051374e-03 1.037614e-03 1.018573e-03 9.944660e-04 9.655641e-04 9.321860e-04 8.946922e-04 8.534784e-04 8.089677e-04 7.616033e-04 7.118413e-04 6.601428e-04 6.069676e-04 5.527677e-04 4.979819e-04 4.430306e-04 3.883121e-04 3.341991e-04 2.810363e-04 2.291389e-04 1.787915e-04 1.302479e-04 8.373182e-05 3.943735e-05 2.469206e-06 4.184773e-05 7.858215e-05 1.125782e-04 1.437608e-04 1.720719e-04 1.974677e-04 2.199163e-04 2.393955e-04 2.558908e-04 2.693930e-04 2.798972e-04 2.874010e-04 2.919034e-04 2.934042e-04 
1.295815e-03 1.292284e-03 1.281728e-03 1.264265e-03 1.240085e-03 1.209450e-03 1.172685e-03 1.130177e-03 1.082361e-03 1.029716e-03 9.727562e-04 9.120187e-04 8.480584e-04 7.814381e-04 7.127206e-04 6.424619e-04 5.712042e-04 4.994709e-04 4.277620e-04 3.565503e-04 2.862787e-04 2.173587e-04 1.501691e-04 8.505600e-05 2.233297e-05 3.771778e-05 9.484418e-05 1.488226e-04 1.994560e-04 2.465717e-04 2.900197e-04 3.296700e-04 3.654115e-04 3.971494e-04 4.248040e-04 4.483090e-04 4.676104e-04 4.826654e-04 4.934416e-04 4.999163e-04 5.020760e-04 
1.527879e-03 1.523599e-03 1.510806e-03 1.489635e-03 1.460314e-03 1.423150e-03 1.378531e-03 1.326912e-03 1.268807e-03 1.204784e-03 1.135448e-03 1.061437e-03 9.834060e-04 9.020221e-04 8.179527e-04 7.318582e-04 6.443845e-04 5.561572e-04 4.677760e-04 3.798116e-04 2.928020e-04 2.072515e-04 1.236289e-04 4.236792e-05 3.613234e-05 1.115067e-04 1.834222e-04 2.515765e-04 3.156964e-04 3.755354e-04 4.308724e-04 4.815100e-04 5.272729e-04 5.680067e-04 6.035768e-04 6.338678e-04 6.587826e-04 6.782423e-04 6.921857e-04 7.005692e-04 7.033666e-04 
1.757175e-03 1.752149e-03 1.737126e-03 1.712265e-03 1.677828e-03 1.634175e-03 1.581755e-03 1.521095e-03 1.452796e-03 1.377513e-03 1.295950e-03 1.208844e-03 1.116955e-03 1.021055e-03 9.219180e-04 8.203072e-04 7.169719e-04 6.126376e-04 5.080019e-04 4.037295e-04 3.004500e-04 1.987556e-04 9.920048e-05 2.301064e-06 9.146367e-05 1.816507e-04 2.678515e-04 3.496904e-04 4.268224e-04 4.989322e-04 5.657318e-04 6.269599e-04 6.823807e-04 7.317830e-04 7.749802e-04 8.118096e-04 8.421330e-04 8.658367e-04 8.828318e-04 8.930544e-04 8.964663e-04 
1.982101e-03 1.976337e-03 1.959108e-03 1.930596e-03 1.891103e-03 1.841040e-03 1.780922e-03 1.711353e-03 1.633019e-03 1.546669e-03 1.453106e-03 1.353170e-03 1.247728e-03 1.137655e-03 1.023831e-03 9.071241e-04 7.883827e-04 6.684306e-04 5.480589e-04 4.280230e-04 3.090387e-04 1.917815e-04 7.688535e-05 3.505650e-05 1.434907e-04 2.479022e-04 3.478125e-04 4.427775e-04 5.323861e-04 6.162581e-04 6.940433e-04 7.654202e-04 8.300956e-04 8.878046e-04 9.383107e-04 9.814063e-04 1.016913e-03 1.044685e-03 1.064605e-03 1.076591e-03 1.080592e-03 
2.200957e-03 2.194468e-03 2.175072e-03 2.142977e-03 2.098523e-03 2.042177e-03 1.974521e-03 1.896239e-03 1.808103e-03 1.710959e-03 1.605710e-03 1.493302e-03 1.374705e-03 1.250903e-03 1.122876e-03 9.915953e-04 8.580074e-04 7.230295e-04 5.875427e-04 4.523874e-04 3.183608e-04 1.862157e-04 5.665986e-05 6.964261e-05 1.920701e-04 3.100415e-04 4.230138e-04 5.304804e-04 6.319686e-04 7.270384e-04 8.152813e-04 8.963193e-04 9.698055e-04 1.035424e-03 1.092890e-03 1.141954e-03 1.182399e-03 1.214046e-03 1.236754e-03 1.250419e-03 1.254982e-03 
2.411958e-03 2.404763e-03 2.383259e-03 2.347676e-03 2.298399e-03 2.235948e-03 2.160975e-03 2.074245e-03 1.976620e-03 1.869041e-03 1.752514e-03 1.628088e-03 1.496838e-03 1.359851e-03 1.218211e-03 1.072986e-03 9.252168e-04 7.759098e-04 6.260308e-04 4.765001e-04 3.281901e-04 1.819247e-04 3.847935e-05 1.014175e-04 2.370821e-04 3.678734e-04 4.931898e-04 6.124674e-04 7.251773e-04 8.308243e-04 9.289456e-04 1.019111e-03 1.100922e-03 1.174015e-03 1.238061e-03 1.292768e-03 1.337883e-03 1.373197e-03 1.398541e-03 1.413797e-03 1.418890e-03 
2.613253e-03 2.605379e-03 2.581842e-03 2.542901e-03 2.488981e-03 2.420661e-03 2.338660e-03 2.243824e-03 2.137106e-03 2.019543e-03 1.892242e-03 1.756354e-03 1.613057e-03 1.463539e-03 1.308983e-03 1.150550e-03 9.893711e-04 8.265362e-04 6.630899e-04 5.000264e-04 3.382869e-04 1.787600e-04 2.228210e-05 1.303602e-04 2.784275e-04 4.212248e-04 5.580979e-04 6.884310e-04 8.116442e-04 9.271915e-04 1.034561e-03 1.133272e-03 1.222880e-03 1.302976e-03 1.373188e-03 1.433185e-03 1.482679e-03 1.521431e-03 1.549249e-03 1.565996e-03 1.571587e-03 
2.802950e-03 2.794428e-03 2.768958e-03 2.726823e-03 2.668490e-03 2.594593e-03 2.505922e-03 2.403404e-03 2.288078e-03 2.161078e-03 2.023608e-03 1.876919e-03 1.722289e-03 1.561003e-03 1.394337e-03 1.223541e-03 1.049830e-03 8.743713e-04 6.982829e-04 5.226257e-04 3.484034e-04 1.765623e-04 7.993479e-06 1.564651e-04 3.160247e-04 4.699422e-04 6.175168e-04 7.580862e-04 8.910243e-04 1.015740e-03 1.131674e-03 1.238303e-03 1.335137e-03 1.421726e-03 1.497656e-03 1.562560e-03 1.616118e-03 1.658061e-03 1.688176e-03 1.706307e-03 1.712362e-03 
2.979146e-03 2.970017e-03 2.942734e-03 2.897605e-03 2.835137e-03 2.756021e-03 2.661114e-03 2.551419e-03 2.428062e-03 2.292270e-03 2.145339e-03 1.988617e-03 1.823476e-03 1.651293e-03 1.473431e-03 1.291223e-03 1.105961e-03 9.188852e-04 7.311773e-04 5.439592e-04 3.582900e-04 1.751674e-04 4.469822e-06 1.797385e-04 3.498068e-04 5.138897e-04 6.712450e-04 8.211695e-04 9.629962e-04 1.096092e-03 1.219858e-03 1.333729e-03 1.437176e-03 1.529707e-03 1.610873e-03 1.680273e-03 1.737554e-03 1.782423e-03 1.814643e-03 1.834045e-03 1.840523e-03 
3.139969e-03 3.130280e-03 3.101326e-03 3.053441e-03 2.987169e-03 2.903253e-03 2.802616e-03 2.686335e-03 2.555617e-03 2.411775e-03 2.256195e-03 2.090313e-03 1.915591e-03 1.733489e-03 1.545451e-03 1.352887e-03 1.157157e-03 9.595654e-04 7.613538e-04 5.636966e-04 3.677014e-04 1.744107e-04 1.519569e-05 2.001955e-04 3.797198e-04 5.529473e-04 7.191002e-04 8.774395e-04 1.027262e-03 1.167899e-03 1.298714e-03 1.419106e-03 1.528507e-03 1.626393e-03 1.712279e-03 1.785733e-03 1.846373e-03 1.893882e-03 1.928003e-03 1.948550e-03 1.955412e-03 
3.283611e-03 3.273419e-03 3.242961e-03 3.192593e-03 3.122898e-03 3.034666e-03 2.928880e-03 2.806686e-03 2.669367e-03 2.518314e-03 2.354996e-03 2.180931e-03 1.997659e-03 1.806720e-03 1.609628e-03 1.407860e-03 1.202839e-03 9.959272e-04 7.884150e-04 5.815237e-04 3.764027e-04 1.741322e-04 2.427258e-05 2.178568e-04 4.057198e-04 5.870100e-04 7.609189e-04 9.266771e-04 1.083551e-03 1.230838e-03 1.367872e-03 1.494018e-03 1.608678e-03 1.711293e-03 1.801350e-03 1.878387e-03 1.941998e-03 1.991841e-03 2.027643e-03 2.049205e-03 2.056406e-03 
3.408383e-03 3.397750e-03 3.365975e-03 3.313436e-03 3.240746e-03 3.148742e-03 3.038459e-03 2.911106e-03 2.768032e-03 2.610699e-03 2.440650e-03 2.259474e-03 2.068783e-03 1.870182e-03 1.665251e-03 1.455524e-03 1.242479e-03 1.027524e-03 8.119945e-04 5.971502e-04 3.841755e-04 1.741821e-04 3.178577e-05 2.327459e-04 4.277720e-04 6.159869e-04 7.965570e-04 9.686871e-04 1.131617e-03 1.284620e-03 1.426999e-03 1.558092e-03 1.677274e-03 1.783958e-03 1.877605e-03 1.957727e-03 2.023896e-03 2.075751e-03 2.113002e-03 2.135438e-03 2.142931e-03 
3.512754e-03 3.501749e-03 3.468866e-03 3.414499e-03 3.339290e-03 3.244113e-03 3.130051e-03 2.998364e-03 2.850460e-03 2.687863e-03 2.512175e-03 2.325049e-03 2.128156e-03 1.923158e-03 1.711688e-03 1.495329e-03 1.275603e-03 1.053958e-03 8.317652e-04 6.103163e-04 3.908236e-04 1.744244e-04 3.781384e-05 2.448873e-04 4.458489e-04 6.398011e-04 8.258900e-04 1.003300e-03 1.171249e-03 1.328988e-03 1.475799e-03 1.610996e-03 1.733929e-03 1.843991e-03 1.940618e-03 2.023302e-03 2.091597e-03 2.145123e-03 2.183578e-03 2.206740e-03 2.214476e-03 
3.595397e-03 3.584097e-03 3.550331e-03 3.494509e-03 3.417295e-03 3.319595e-03 3.202529e-03 3.067399e-03 2.915661e-03 2.748887e-03 2.568730e-03 2.376891e-03 2.175089e-03 1.965032e-03 1.748396e-03 1.526802e-03 1.301806e-03 1.074888e-03 8.474473e-04 6.207994e-04 3.961787e-04 1.747419e-04 4.242564e-05 2.543037e-04 4.599293e-04 6.583894e-04 8.488145e-04 1.030373e-03 1.202267e-03 1.363729e-03 1.514024e-03 1.652448e-03 1.778333e-03 1.891052e-03 1.990025e-03 2.074727e-03 2.144695e-03 2.199537e-03 2.238941e-03 2.262676e-03 2.270603e-03 
3.655233e-03 3.643717e-03 3.609310e-03 3.552430e-03 3.473760e-03 3.374227e-03 3.254978e-03 3.117349e-03 2.962829e-03 2.793027e-03 2.609630e-03 2.414379e-03 2.209024e-03 1.995309e-03 1.774939e-03 1.549563e-03 1.320762e-03 1.090040e-03 8.588151e-04 6.284199e-04 4.001045e-04 1.750394e-04 4.567758e-05 2.610145e-04 4.699974e-04 6.717023e-04 8.652486e-04 1.049793e-03 1.224527e-03 1.388670e-03 1.541474e-03 1.682223e-03 1.810234e-03 1.924868e-03 2.025532e-03 2.111688e-03 2.182863e-03 2.238655e-03 2.278743e-03 2.302891e-03 2.310956e-03 
3.691462e-03 3.679815e-03 3.645019e-03 3.587497e-03 3.507942e-03 3.407297e-03 3.286724e-03 3.147579e-03 2.991373e-03 2.819735e-03 2.634376e-03 2.437057e-03 2.229553e-03 2.013624e-03 1.790995e-03 1.563333e-03 1.332234e-03 1.099214e-03 8.657033e-04 6.330460e-04 4.025008e-04 1.752466e-04 4.761154e-05 2.650348e-04 4.760425e-04 6.797043e-04 8.751330e-04 1.061479e-03 1.237925e-03 1.403686e-03 1.558004e-03 1.700155e-03 1.829449e-03 1.945239e-03 2.046924e-03 2.133958e-03 2.205862e-03 2.262228e-03 2.302728e-03 2.327126e-03 2.335275e-03 
3.703593e-03 3.691903e-03 3.656976e-03 3.599239e-03 3.519388e-03 3.418369e-03 3.297353e-03 3.157700e-03 3.000928e-03 2.828675e-03 2.642659e-03 2.444648e-03 2.236424e-03 2.019754e-03 1.796369e-03 1.567942e-03 1.336074e-03 1.102285e-03 8.680107e-04 6.345971e-04 4.033065e-04 1.753205e-04 4.825330e-05 2.663738e-04 4.780582e-04 6.823740e-04 8.784318e-04 1.065380e-03 1.242398e-03 1.408699e-03 1.563523e-03 1.706143e-03 1.835867e-03 1.952044e-03 2.054070e-03 2.141398e-03 2.213545e-03 2.270102e-03 2.310741e-03 2.335222e-03 2.343399e-03 
