5.485642e-03 5.407351e-03 5.174279e-03 4.791652e-03 4.267638e-03 3.612693e-03 2.838920e-03 1.959599e-03 9.889927e-04 5.750952e-05 1.162928e-03 2.307979e-03 3.470220e-03 4.623252e-03 5.736243e-03 6.774087e-03 7.698522e-03 8.470394e-03 9.052988e-03 9.415993e-03 9.539340e-03 
5.409011e-03 5.331822e-03 5.102018e-03 4.724712e-03 4.207905e-03 3.561860e-03 2.798479e-03 1.930857e-03 9.730915e-04 5.956516e-05 1.150263e-03 2.279857e-03 3.426087e-03 4.562814e-03 5.659582e-03 6.681803e-03 7.591876e-03 8.351406e-03 8.924463e-03 9.281426e-03 9.402701e-03 
5.181225e-03 5.107293e-03 4.887142e-03 4.525563e-03 4.030075e-03 3.410369e-03 2.677759e-03 1.844781e-03 9.250459e-04 6.662850e-05 1.113796e-03 2.197752e-03 3.296797e-03 4.385588e-03 5.434788e-03 6.411328e-03 7.279514e-03 8.003139e-03 8.548503e-03 8.887945e-03 9.003219e-03 
4.808295e-03 4.739631e-03 4.535106e-03 4.199006e-03 3.738089e-03 3.161141e-03 2.478525e-03 1.701866e-03 8.439383e-04 8.119468e-05 1.057817e-03 2.068021e-03 3.091104e-03 4.103068e-03 5.076414e-03 5.980489e-03 6.782567e-03 7.449783e-03 7.951803e-03 8.263894e-03 8.369813e-03 
4.299312e-03 4.237721e-03 4.054192e-03 3.752358e-03 3.338002e-03 2.818720e-03 2.203603e-03 1.503020e-03 7.285545e-04 1.068549e-04 9.886117e-04 1.900034e-03 2.821906e-03 3.732148e-03 4.605760e-03 5.415247e-03 6.131641e-03 6.726205e-03 7.172691e-03 7.449865e-03 7.543865e-03 
3.665365e-03 3.612419e-03 3.454560e-03 3.194673e-03 2.837392e-03 2.388898e-03 1.856729e-03 1.249665e-03 5.777323e-04 1.476654e-04 9.135004e-04 1.704809e-03 2.504395e-03 3.292658e-03 4.047675e-03 4.745656e-03 5.361887e-03 5.872164e-03 6.254617e-03 6.491709e-03 6.572057e-03 
2.918531e-03 2.875566e-03 2.747365e-03 2.535987e-03 2.244792e-03 1.878354e-03 1.442406e-03 9.438247e-04 3.906959e-04 2.075494e-04 8.399405e-04 1.493756e-03 2.154355e-03 2.805135e-03 3.427699e-03 4.002316e-03 4.508738e-03 4.927361e-03 5.240648e-03 5.434649e-03 5.500355e-03 
2.071163e-03 2.039308e-03 1.944134e-03 1.786811e-03 1.569310e-03 1.294430e-03 9.658533e-04 5.882409e-04 1.673516e-04 2.898054e-04 7.748120e-04 1.277702e-03 1.786883e-03 2.289177e-03 2.770023e-03 3.213902e-03 3.605011e-03 3.928169e-03 4.169893e-03 4.319517e-03 4.370181e-03 
1.135634e-03 1.115849e-03 1.056553e-03 9.579639e-04 8.205386e-04 6.451140e-04 4.330752e-04 1.865420e-04 9.144001e-05 3.967224e-04 7.239040e-04 1.066229e-03 1.415556e-03 1.762429e-03 2.096280e-03 2.405782e-03 2.679388e-03 2.906009e-03 3.075812e-03 3.181030e-03 3.216677e-03 
1.245506e-04 1.176578e-04 9.668190e-05 6.078756e-05 8.763825e-06 6.073549e-05 1.489081e-04 2.565121e-04 3.835968e-04 5.292771e-04 6.915649e-04 8.672678e-04 1.051966e-03 1.240076e-03 1.425023e-03 1.599519e-03 1.755970e-03 1.886980e-03 1.985932e-03 2.047570e-03 2.068506e-03 
9.486100e-04 9.418950e-04 9.224520e-04 8.923008e-04 8.545349e-04 8.129627e-04 7.716928e-04 7.347186e-04 7.055461e-04 6.868951e-04 6.804825e-04 6.868951e-04 7.055461e-04 7.347186e-04 7.716928e-04 8.129627e-04 8.545349e-04 8.923008e-04 9.224520e-04 9.418950e-04 9.486100e-04 
2.068506e-03 2.047570e-03 1.985932e-03 1.886980e-03 1.755970e-03 1.599519e-03 1.425023e-03 1.240076e-03 1.051966e-03 8.672678e-04 6.915649e-04 5.292771e-04 3.835968e-04 2.565121e-04 1.489081e-04 6.073549e-05 8.763825e-06 6.078756e-05 9.668190e-05 1.176578e-04 1.245506e-04 
3.216677e-03 3.181030e-03 3.075812e-03 2.906009e-03 2.679388e-03 2.405782e-03 2.096280e-03 1.762429e-03 1.415556e-03 1.066229e-03 7.239040e-04 3.967224e-04 9.144001e-05 1.865420e-04 4.330752e-04 6.451140e-04 8.205386e-04 9.579639e-04 1.056553e-03 1.115849e-03 1.135634e-03 
4.370181e-03 4.319517e-03 4.169893e-03 3.928169e-03 3.605011e-03 3.213902e-03 2.770023e-03 2.289177e-03 1.786883e-03 1.277702e-03 7.748120e-04 2.898054e-04 1.673516e-04 5.882409e-04 9.658533e-04 1.294430e-03 1.569310e-03 1.786811e-03 1.944134e-03 2.039308e-03 2.071163e-03 
5.500355e-03 5.434649e-03 5.240648e-03 4.927361e-03 4.508738e-03 4.002316e-03 3.427699e-03 2.805135e-03 2.154355e-03 1.493756e-03 8.399405e-04 2.075494e-04 3.906959e-04 9.438247e-04 1.442406e-03 1.878354e-03 2.244792e-03 2.535987e-03 2.747365e-03 2.875566e-03 2.918531e-03 
6.572057e-03 6.491709e-03 6.254617e-03 5.872164e-03 5.361887e-03 4.745656e-03 4.047675e-03 3.292658e-03 2.504395e-03 1.704809e-03 9.135004e-04 1.476654e-04 5.777323e-04 1.249665e-03 1.856729e-03 2.388898e-03 2.837392e-03 3.194673e-03 3.454560e-03 3.612419e-03 3.665365e-03 
7.543865e-03 7.449865e-03 7.172691e-03 6.726205e-03 6.131641e-03 5.415247e-03 4.605760e-03 3.732148e-03 2.821906e-03 1.900034e-03 9.886117e-04 1.068549e-04 7.285545e-04 1.503020e-03 2.203603e-03 2.818720e-03 3.338002e-03 3.752358e-03 4.054192e-03 4.237721e-03 4.299312e-03 
8.369813e-03 8.263894e-03 7.951803e-03 7.449783e-03 6.782567e-03 5.980489e-03 5.076414e-03 4.103068e-03 3.091104e-03 2.068021e-03 1.057817e-03 8.119468e-05 8.439383e-04 1.701866e-03 2.478525e-03 3.161141e-03 3.738089e-03 4.199006e-03 4.535106e-03 4.739631e-03 4.808295e-03 
9.003219e-03 8.887945e-03 8.548503e-03 8.003139e-03 7.279514e-03 6.411328e-03 5.434788e-03 4.385588e-03 3.296797e-03 2.197752e-03 1.113796e-03 6.662850e-05 9.250459e-04 1.844781e-03 2.677759e-03 3.410369e-03 4.030075e-03 4.525563e-03 4.887142e-03 5.107293e-03 5.181225e-03 
9.402701e-03 9.281426e-03 8.924463e-03 8.351406e-03 7.591876e-03 6.681803e-03 5.659582e-03 4.562814e-03 3.426087e-03 2.279857e-03 1.150263e-03 5.956516e-05 9.730915e-04 1.930857e-03 2.798479e-03 3.561860e-03 4.207905e-03 4.724712e-03 5.102018e-03 5.331822e-03 5.409011e-03 
9.539340e-03 9.415993e-03 9.052988e-03 8.470394e-03 7.698522e-03 6.774087e-03 5.736243e-03 4.623252e-03 3.470220e-03 2.307979e-03 1.162928e-03 5.750952e-05 9.889927e-04 1.959599e-03 2.838920e-03 3.612693e-03 4.267638e-03 4.791652e-03 5.174279e-03 5.407351e-03 5.485642e-03 
