9.103231e-01 8.991047e-01 8.657258e-01 8.110077e-01 7.362965e-01 6.434294e-01 5.346890e-01 4.127472e-01 2.805991e-01 1.414902e-01 -1.162928e-03 -1.438557e-01 -2.830804e-01 -4.154108e-01 -5.375863e-01 -6.465908e-01 -7.397274e-01 -8.146864e-01 -8.696045e-01 -9.031134e-01 -9.143768e-01 
8.991064e-01 8.880263e-01 8.550587e-01 8.010149e-01 7.272243e-01 6.355013e-01 5.281006e-01 4.076610e-01 2.771408e-01 1.397455e-01 -1.150263e-03 -1.420849e-01 -2.795938e-01 -4.102929e-01 -5.309617e-01 -6.386213e-01 -7.306082e-01 -8.046416e-01 -8.588812e-01 -8.919759e-01 -9.031001e-01 
8.657327e-01 8.550640e-01 8.233203e-01 7.712826e-01 7.002309e-01 6.119122e-01 5.084973e-01 3.925270e-01 2.668501e-01 1.345533e-01 -1.113796e-03 -1.368177e-01 -2.692218e-01 -3.950678e-01 -5.112543e-01 -6.149131e-01 -7.034803e-01 -7.747602e-01 -8.269816e-01 -8.588447e-01 -8.695547e-01 
8.110243e-01 8.010298e-01 7.712921e-01 7.225428e-01 6.559806e-01 5.732420e-01 4.763604e-01 3.677163e-01 2.499784e-01 1.260388e-01 -1.057817e-03 -1.281880e-01 -2.522256e-01 -3.701175e-01 -4.789583e-01 -5.760613e-01 -6.590250e-01 -7.257935e-01 -7.747088e-01 -8.045541e-01 -8.145859e-01 
7.363282e-01 7.272541e-01 7.002550e-01 6.559948e-01 5.955618e-01 5.204413e-01 4.324794e-01 3.338372e-01 2.269379e-01 1.144077e-01 -9.886117e-04 -1.164146e-01 -2.290313e-01 -3.360663e-01 -4.348815e-01 -5.230378e-01 -5.983554e-01 -6.589687e-01 -7.033735e-01 -7.304662e-01 -7.395727e-01 
6.434820e-01 6.355519e-01 6.119564e-01 5.732755e-01 5.204600e-01 4.548076e-01 3.779315e-01 2.917204e-01 1.982920e-01 9.994171e-02 -9.135004e-04 -1.017942e-01 -2.002186e-01 -2.937634e-01 -3.801225e-01 -4.571644e-01 -5.229845e-01 -5.759530e-01 -6.147564e-01 -6.384312e-01 -6.463887e-01 
5.347686e-01 5.281777e-01 5.085669e-01 4.764179e-01 4.325206e-01 3.779532e-01 3.140560e-01 2.423987e-01 1.647414e-01 8.299213e-02 -8.399405e-04 -8.469344e-02 -1.665051e-01 -2.442600e-01 -3.160413e-01 -3.800771e-01 -4.347845e-01 -4.788093e-01 -5.110601e-01 -5.307368e-01 -5.373504e-01 
4.128588e-01 4.077694e-01 3.926263e-01 3.678012e-01 3.339035e-01 2.917651e-01 2.424207e-01 1.870819e-01 1.271077e-01 6.397153e-02 -7.748120e-04 -6.553904e-02 -1.287272e-01 -1.887828e-01 -2.442249e-01 -2.936846e-01 -3.359392e-01 -3.699426e-01 -3.948521e-01 -4.100496e-01 -4.151578e-01 
2.807458e-01 2.772835e-01 2.669816e-01 2.500924e-01 2.270299e-01 1.983593e-01 1.647838e-01 1.271269e-01 8.631284e-02 4.334394e-02 -7.239040e-04 -4.480689e-02 -8.781984e-02 -1.287028e-01 -1.664470e-01 -2.001200e-01 -2.288887e-01 -2.520405e-01 -2.690009e-01 -2.793487e-01 -2.828268e-01 
1.416723e-01 1.399227e-01 1.347166e-01 1.261808e-01 1.145233e-01 1.000286e-01 8.305078e-02 6.400483e-02 4.335707e-02 2.161367e-02 -6.915649e-04 -2.301022e-02 -4.479263e-02 -6.550141e-02 -8.462471e-02 -1.016889e-01 -1.162705e-01 -1.280070e-01 -1.366058e-01 -1.418526e-01 -1.436163e-01 
-9.486100e-04 -9.418950e-04 -9.224520e-04 -8.923008e-04 -8.545349e-04 -8.129627e-04 -7.716928e-04 -7.347186e-04 -7.055461e-04 -6.868951e-04 -6.804825e-04 -6.868951e-04 -7.055461e-04 -7.347186e-04 -7.716928e-04 -8.129627e-04 -8.545349e-04 -8.923008e-04 -9.224520e-04 -9.418950e-04 -9.486100e-04 
-1.436163e-01 -1.418526e-01 -1.366058e-01 -1.280070e-01 -1.162705e-01 -1.016889e-01 -8.462471e-02 -6.550141e-02 -4.479263e-02 -2.301022e-02 -6.915649e-04 2.161367e-02 4.335707e-02 6.400483e-02 8.305078e-02 1.000286e-01 1.145233e-01 1.261808e-01 1.347166e-01 1.399227e-01 1.416723e-01 
-2.828268e-01 -2.793487e-01 -2.690009e-01 -2.520405e-01 -2.288887e-01 -2.001200e-01 -1.664470e-01 -1.287028e-01 -8.781984e-02 -4.480689e-02 -7.239040e-04 4.334394e-02 8.631284e-02 1.271269e-01 1.647838e-01 1.983593e-01 2.270299e-01 2.500924e-01 2.669816e-01 2.772835e-01 2.807458e-01 
-4.151578e-01 -4.100496e-01 -3.948521e-01 -3.699426e-01 -3.359392e-01 -2.936846e-01 -2.442249e-01 -1.887828e-01 -1.287272e-01 -6.553904e-02 -7.748120e-04 6.397153e-02 1.271077e-01 1.870819e-01 2.424207e-01 2.917651e-01 3.339035e-01 3.678012e-01 3.926263e-01 4.077694e-01 4.128588e-01 
-5.373504e-01 -5.307368e-01 -5.110601e-01 -4.788093e-01 -4.347845e-01 -3.800771e-01 -3.160413e-01 -2.442600e-01 -1.665051e-01 -8.469344e-02 -8.399405e-04 8.299213e-02 1.647414e-01 2.423987e-01 3.140560e-01 3.779532e-01 4.325206e-01 4.764179e-01 5.085669e-01 5.281777e-01 5.347686e-01 
-6.463887e-01 -6.384312e-01 -6.147564e-01 -5.759530e-01 -5.229845e-01 -4.571644e-01 -3.801225e-01 -2.937634e-01 -2.002186e-01 -1.017942e-01 -9.135004e-04 9.994171e-02 1.982920e-01 2.917204e-01 3.779315e-01 4.548076e-01 5.204600e-01 5.732755e-01 6.119564e-01 6.355519e-01 6.434820e-01 
-7.395727e-01 -7.304662e-01 -7.033735e-01 -6.589687e-01 -5.983554e-01 -5.230378e-01 -4.348815e-01 -3.360663e-01 -2.290313e-01 -1.164146e-01 -9.886117e-04 1.144077e-01 2.269379e-01 3.338372e-01 4.324794e-01 5.204413e-01 5.955618e-01 6.559948e-01 7.002550e-01 7.272541e-01 7.363282e-01 
-8.145859e-01 -8.045541e-01 -7.747088e-01 -7.257935e-01 -6.590250e-01 -5.760613e-01 -4.789583e-01 -3.701175e-01 -2.522256e-01 -1.281880e-01 -1.057817e-03 1.260388e-01 2.499784e-01 3.677163e-01 4.763604e-01 5.732420e-01 6.559806e-01 7.225428e-01 7.712921e-01 8.010298e-01 8.110243e-01 
-8.695547e-01 -8.588447e-01 -8.269816e-01 -7.747602e-01 -7.034803e-01 -6.149131e-01 -5.112543e-01 -3.950678e-01 -2.692218e-01 -1.368177e-01 -1.113796e-03 1.345533e-01 2.668501e-01 3.925270e-01 5.084973e-01 6.119122e-01 7.002309e-01 7.712826e-01 8.233203e-01 8.550640e-01 8.657327e-01 
-9.031001e-01 -8.919759e-01 -8.588812e-01 -8.046416e-01 -7.306082e-01 -6.386213e-01 -5.309617e-01 -4.102929e-01 -2.795938e-01 -1.420849e-01 -1.150263e-03 1.397455e-01 2.771408e-01 4.076610e-01 5.281006e-01 6.355013e-01 7.272243e-01 8.010149e-01 8.550587e-01 8.880263e-01 8.991064e-01 
-9.143768e-01 -9.031134e-01 -8.696045e-01 -8.146864e-01 -7.397274e-01 -6.465908e-01 -5.375863e-01 -4.154108e-01 -2.830804e-01 -1.438557e-01 -1.162928e-03 1.414902e-01 2.805991e-01 4.127472e-01 5.346890e-01 6.434294e-01 7.362965e-01 8.110077e-01 8.657258e-01 8.991047e-01 9.103231e-01 
