9.071808e-01 9.043833e-01 8.960081e-01 8.821068e-01 8.627651e-01 8.381022e-01 8.082701e-01 7.734528e-01 7.338647e-01 6.897499e-01 6.413802e-01 5.890536e-01 5.330925e-01 4.738416e-01 4.116660e-01 3.469487e-01 2.800882e-01 2.114965e-01 1.415960e-01 7.081741e-02 -4.033065e-04 -7.162732e-02 -1.424158e-01 -2.123324e-01 -2.809462e-01 -3.478342e-01 -4.125840e-01 -4.747960e-01 -5.340865e-01 -5.900895e-01 -6.424593e-01 -6.908724e-01 -7.350298e-01 -7.746584e-01 -8.095134e-01 -8.393791e-01 -8.640709e-01 -8.834359e-01 -8.973543e-01 -9.057400e-01 -9.085410e-01 
9.043834e-01 9.015945e-01 8.932451e-01 8.793867e-01 8.601046e-01 8.355177e-01 8.057777e-01 7.710677e-01 7.316017e-01 6.876229e-01 6.394023e-01 5.872371e-01 5.314485e-01 4.723803e-01 4.103964e-01 3.458786e-01 2.792242e-01 2.108440e-01 1.411590e-01 7.059863e-02 -4.025008e-04 -7.140692e-02 -1.419771e-01 -2.116782e-01 -2.800804e-01 -3.467622e-01 -4.113123e-01 -4.733325e-01 -5.324401e-01 -5.882704e-01 -6.404787e-01 -6.887425e-01 -7.327636e-01 -7.722700e-01 -8.070175e-01 -8.367911e-01 -8.614067e-01 -8.807119e-01 -8.945874e-01 -9.029472e-01 -9.057396e-01 
8.960083e-01 8.932453e-01 8.849732e-01 8.712431e-01 8.521396e-01 8.277804e-01 7.983157e-01 7.639271e-01 7.248266e-01 6.812550e-01 6.334809e-01 5.817987e-01 5.265267e-01 4.680054e-01 4.065954e-01 3.426749e-01 2.766377e-01 2.088905e-01 1.398507e-01 6.994365e-02 -4.001045e-04 -7.074711e-02 -1.406639e-01 -2.097195e-01 -2.774884e-01 -3.435527e-01 -4.075051e-01 -4.689509e-01 -5.275112e-01 -5.828244e-01 -6.345491e-01 -6.823658e-01 -7.259792e-01 -7.651196e-01 -7.995452e-01 -8.290429e-01 -8.534305e-01 -8.725569e-01 -8.863038e-01 -8.945861e-01 -8.973526e-01 
8.821073e-01 8.793871e-01 8.712434e-01 8.577263e-01 8.389191e-01 8.149378e-01 7.859303e-01 7.520752e-01 7.135812e-01 6.706855e-01 6.236525e-01 5.727719e-01 5.183573e-01 4.607438e-01 4.002863e-01 3.373573e-01 2.723444e-01 2.056481e-01 1.376792e-01 6.885645e-02 -3.961787e-04 -6.965199e-02 -1.384842e-01 -2.064687e-01 -2.731863e-01 -3.382257e-01 -4.011859e-01 -4.616784e-01 -5.193301e-01 -5.737851e-01 -6.247072e-01 -6.717820e-01 -7.147185e-01 -7.532515e-01 -7.871428e-01 -8.161827e-01 -8.401917e-01 -8.590212e-01 -8.725548e-01 -8.807085e-01 -8.834321e-01 
8.627660e-01 8.601055e-01 8.521403e-01 8.389195e-01 8.205247e-01 7.970692e-01 7.686976e-01 7.355848e-01 6.979347e-01 6.559795e-01 6.099776e-01 5.602125e-01 5.069907e-01 4.506402e-01 3.915081e-01 3.299586e-01 2.663709e-01 2.011367e-01 1.346577e-01 6.734367e-02 -3.908236e-04 -6.812841e-02 -1.354517e-01 -2.019457e-01 -2.672006e-01 -3.308141e-01 -3.923939e-01 -4.515601e-01 -5.079476e-01 -5.612086e-01 -6.110140e-01 -6.570564e-01 -6.990513e-01 -7.367392e-01 -7.698871e-01 -7.982901e-01 -8.217724e-01 -8.401889e-01 -8.534256e-01 -8.614005e-01 -8.640643e-01 
8.381037e-01 8.355192e-01 8.277817e-01 8.149389e-01 7.970698e-01 7.742848e-01 7.467241e-01 7.145577e-01 6.779837e-01 6.372276e-01 5.925405e-01 5.441977e-01 4.924970e-01 4.377570e-01 3.803148e-01 3.205243e-01 2.587539e-01 1.953839e-01 1.308049e-01 6.541454e-02 -3.841755e-04 -6.618588e-02 -1.315851e-01 -1.961787e-01 -2.595686e-01 -3.213639e-01 -3.811835e-01 -4.386585e-01 -4.934342e-01 -5.451726e-01 -5.935542e-01 -6.382803e-01 -6.790745e-01 -7.156848e-01 -7.478850e-01 -7.754758e-01 -7.982867e-01 -8.161765e-01 -8.290347e-01 -8.367815e-01 -8.393692e-01 
8.082724e-01 8.057800e-01 7.983178e-01 7.859321e-01 7.686990e-01 7.467249e-01 7.201451e-01 6.891235e-01 6.538512e-01 6.145455e-01 5.714487e-01 5.248263e-01 4.749655e-01 4.221734e-01 3.667753e-01 3.091125e-01 2.495402e-01 1.884253e-01 1.261442e-01 6.308085e-02 -3.764027e-04 -6.383651e-02 -1.269084e-01 -1.892033e-01 -2.503373e-01 -3.099334e-01 -3.676241e-01 -4.230534e-01 -4.758796e-01 -5.257764e-01 -5.724358e-01 -6.155698e-01 -6.549118e-01 -6.902189e-01 -7.212726e-01 -7.478812e-01 -7.698799e-01 -7.871328e-01 -7.995331e-01 -8.070042e-01 -8.094997e-01 
7.734561e-01 7.710710e-01 7.639303e-01 7.520780e-01 7.355872e-01 7.145595e-01 6.891245e-01 6.594389e-01 6.256857e-01 5.880729e-01 5.468321e-01 5.022175e-01 4.545040e-01 4.039855e-01 3.509731e-01 2.957935e-01 2.387866e-01 1.803035e-01 1.207045e-01 6.035684e-02 -3.677014e-04 -6.109495e-02 -1.214507e-01 -1.810628e-01 -2.395640e-01 -2.965934e-01 -3.517995e-01 -4.048415e-01 -4.553923e-01 -5.031400e-01 -5.477896e-01 -5.890655e-01 -6.267128e-01 -6.604988e-01 -6.902148e-01 -7.156770e-01 -7.367280e-01 -7.532375e-01 -7.651036e-01 -7.722527e-01 -7.746407e-01 
7.338694e-01 7.316063e-01 7.248310e-01 7.135853e-01 6.979384e-01 6.779867e-01 6.538534e-01 6.256869e-01 5.936610e-01 5.579728e-01 5.188424e-01 4.765108e-01 4.312388e-01 3.833052e-01 3.330054e-01 2.806492e-01 2.265592e-01 1.710685e-01 1.145190e-01 5.725915e-02 -3.582900e-04 -5.797828e-02 -1.152457e-01 -1.718076e-01 -2.273153e-01 -2.814265e-01 -3.338076e-01 -3.841353e-01 -4.320992e-01 -4.774033e-01 -5.197679e-01 -5.589314e-01 -5.946518e-01 -6.267086e-01 -6.549036e-01 -6.790625e-01 -6.990359e-01 -7.147004e-01 -7.259591e-01 -7.327423e-01 -7.350080e-01 
6.897561e-01 6.876291e-01 6.812610e-01 6.706911e-01 6.559846e-01 6.372321e-01 6.145491e-01 5.880755e-01 5.579742e-01 5.244309e-01 4.876521e-01 4.478644e-01 4.053130e-01 3.602600e-01 3.129829e-01 2.637729e-01 2.129332e-01 1.607771e-01 1.076258e-01 5.380673e-02 -3.484034e-04 -5.450592e-02 -1.083320e-01 -1.614950e-01 -2.136670e-01 -2.645265e-01 -3.137597e-01 -3.610629e-01 -4.061443e-01 -4.487256e-01 -4.885440e-01 -5.253537e-01 -5.589272e-01 -5.890572e-01 -6.155574e-01 -6.382641e-01 -6.570370e-01 -6.717599e-01 -6.823418e-01 -6.887172e-01 -6.908467e-01 
6.413883e-01 6.394103e-01 6.334887e-01 6.236599e-01 6.099845e-01 5.925467e-01 5.714540e-01 5.468364e-01 5.188454e-01 4.876537e-01 4.534533e-01 4.164549e-01 3.768864e-01 3.349917e-01 2.910288e-01 2.452685e-01 1.979927e-01 1.494926e-01 1.000671e-01 5.002068e-02 -3.382869e-04 -5.069946e-02 -1.007525e-01 -1.501888e-01 -1.987036e-01 -2.459978e-01 -2.917797e-01 -3.357668e-01 -3.776879e-01 -4.172840e-01 -4.543110e-01 -4.885400e-01 -5.197597e-01 -5.477772e-01 -5.724195e-01 -5.935342e-01 -6.109908e-01 -6.246814e-01 -6.345213e-01 -6.404497e-01 -6.424299e-01 
5.890638e-01 5.872472e-01 5.818086e-01 5.727814e-01 5.602214e-01 5.442059e-01 5.248335e-01 5.022237e-01 4.765156e-01 4.478678e-01 4.164566e-01 3.824757e-01 3.461342e-01 3.076561e-01 2.672784e-01 2.252498e-01 1.818293e-01 1.372844e-01 9.188944e-02 4.592416e-02 -3.281901e-04 -4.658259e-02 -9.255395e-02 -1.379589e-01 -1.825175e-01 -2.259550e-01 -2.680034e-01 -3.084035e-01 -3.469058e-01 -3.832729e-01 -4.172802e-01 -4.487177e-01 -4.773913e-01 -5.031239e-01 -5.257564e-01 -5.451490e-01 -5.611819e-01 -5.737559e-01 -5.827933e-01 -5.882381e-01 -5.900569e-01 
5.331051e-01 5.314610e-01 5.265389e-01 5.183691e-01 5.070019e-01 4.925074e-01 4.749748e-01 4.545122e-01 4.312456e-01 4.053183e-01 3.768901e-01 3.461360e-01 3.132456e-01 2.784214e-01 2.418779e-01 2.038403e-01 1.645428e-01 1.242276e-01 8.314302e-02 4.154226e-02 -3.183608e-04 -4.218086e-02 -8.378723e-02 -1.248810e-01 -1.652087e-01 -2.045218e-01 -2.425778e-01 -2.791418e-01 -3.139883e-01 -3.469023e-01 -3.776805e-01 -4.061329e-01 -4.320839e-01 -4.553730e-01 -4.758564e-01 -4.934076e-01 -5.079180e-01 -5.192980e-01 -5.274772e-01 -5.324050e-01 -5.340510e-01 
4.738568e-01 4.723954e-01 4.680202e-01 4.607581e-01 4.506538e-01 4.377697e-01 4.221850e-01 4.039958e-01 3.833141e-01 3.602673e-01 3.349973e-01 3.076599e-01 2.784233e-01 2.474677e-01 2.149837e-01 1.811715e-01 1.462394e-01 1.104025e-01 7.388161e-02 3.690182e-02 -3.090387e-04 -3.752162e-02 -7.450656e-02 -1.110359e-01 -1.468843e-01 -1.818308e-01 -2.156598e-01 -2.481626e-01 -2.791386e-01 -3.083968e-01 -3.357564e-01 -3.610486e-01 -3.841170e-01 -4.048194e-01 -4.230276e-01 -4.386293e-01 -4.515280e-01 -4.616440e-01 -4.689147e-01 -4.732952e-01 -4.747584e-01 
4.116841e-01 4.104143e-01 4.066129e-01 4.003033e-01 3.915243e-01 3.803301e-01 3.667894e-01 3.509858e-01 3.330165e-01 3.129923e-01 2.910364e-01 2.672841e-01 2.418817e-01 2.149856e-01 1.867615e-01 1.573833e-01 1.270318e-01 9.589416e-02 6.416214e-02 3.203127e-02 -3.004500e-04 -3.263375e-02 -6.476934e-02 -9.650910e-02 -1.276573e-01 -1.580219e-01 -1.874156e-01 -2.156570e-01 -2.425718e-01 -2.679940e-01 -2.917666e-01 -3.137428e-01 -3.337869e-01 -3.517751e-01 -3.675962e-01 -3.811524e-01 -3.923600e-01 -4.011498e-01 -4.074672e-01 -4.112734e-01 -4.125448e-01 
3.469697e-01 3.458994e-01 3.426954e-01 3.373772e-01 3.299776e-01 3.205422e-01 3.091291e-01 2.958086e-01 2.806626e-01 2.637845e-01 2.452781e-01 2.252575e-01 2.038459e-01 1.811752e-01 1.573850e-01 1.326219e-01 1.070383e-01 8.079189e-02 5.404435e-02 2.696049e-02 -2.928020e-04 -2.754755e-02 -5.463576e-02 -8.139042e-02 -1.076466e-01 -1.332422e-01 -1.580196e-01 -1.818257e-01 -2.045136e-01 -2.259434e-01 -2.459827e-01 -2.645077e-01 -2.814041e-01 -2.965675e-01 -3.099041e-01 -3.213315e-01 -3.307791e-01 -3.381886e-01 -3.435140e-01 -3.467225e-01 -3.477942e-01 
2.801122e-01 2.792481e-01 2.766611e-01 2.723672e-01 2.663927e-01 2.587744e-01 2.495593e-01 2.388040e-01 2.265748e-01 2.129469e-01 1.980042e-01 1.818388e-01 1.645502e-01 1.462447e-01 1.270352e-01 1.070399e-01 8.638195e-02 6.518863e-02 4.359049e-02 2.172060e-02 -2.862787e-04 -2.229451e-02 -4.416842e-02 -6.577316e-02 -8.697549e-02 -1.076446e-01 -1.276531e-01 -1.468773e-01 -1.651988e-01 -1.825043e-01 -1.986870e-01 -2.136469e-01 -2.272917e-01 -2.395370e-01 -2.503071e-01 -2.595355e-01 -2.671651e-01 -2.731488e-01 -2.774494e-01 -2.800405e-01 -2.809060e-01 
2.115235e-01 2.108709e-01 2.089169e-01 2.056737e-01 2.011612e-01 1.954071e-01 1.884468e-01 1.803232e-01 1.710862e-01 1.607927e-01 1.495060e-01 1.372956e-01 1.242365e-01 1.104093e-01 9.589893e-02 8.079482e-02 6.518996e-02 4.918044e-02 3.286488e-02 1.634378e-02 -2.810363e-04 -1.690712e-02 -3.343198e-02 -4.975372e-02 -6.577167e-02 -8.138703e-02 -9.650343e-02 -1.110276e-01 -1.248698e-01 -1.379446e-01 -1.501712e-01 -1.614741e-01 -1.717834e-01 -1.810355e-01 -1.891730e-01 -1.961456e-01 -2.019103e-01 -2.064314e-01 -2.096809e-01 -2.116386e-01 -2.122926e-01 
1.416260e-01 1.411888e-01 1.398800e-01 1.377075e-01 1.346849e-01 1.308305e-01 1.261681e-01 1.207264e-01 1.145387e-01 1.076431e-01 1.000821e-01 9.190204e-02 8.315328e-02 7.388961e-02 6.416802e-02 5.404834e-02 4.359283e-02 3.286587e-02 2.193351e-02 1.086309e-02 -2.772000e-04 -1.141869e-02 -2.249269e-02 -3.343092e-02 -4.416589e-02 -5.463137e-02 -6.476273e-02 -7.449743e-02 -8.377531e-02 -9.253906e-02 -1.007345e-01 -1.083109e-01 -1.152215e-01 -1.214235e-01 -1.268784e-01 -1.315526e-01 -1.354170e-01 -1.384478e-01 -1.406262e-01 -1.419386e-01 -1.423770e-01 
7.085007e-02 7.063110e-02 6.997551e-02 6.888733e-02 6.737321e-02 6.544242e-02 6.310678e-02 6.038059e-02 5.728053e-02 5.382562e-02 5.003701e-02 4.593793e-02 4.155352e-02 3.691069e-02 3.203794e-02 2.696518e-02 2.172360e-02 1.634541e-02 1.086371e-02 5.312219e-03 -2.748610e-04 -5.863105e-03 -1.141806e-02 -1.690544e-02 -2.229139e-02 -2.754262e-02 -3.262668e-02 -3.751213e-02 -4.216872e-02 -4.656763e-02 -5.068159e-02 -5.448510e-02 -5.795456e-02 -6.106845e-02 -6.380743e-02 -6.615448e-02 -6.809502e-02 -6.961699e-02 -7.071092e-02 -7.137001e-02 -7.159016e-02 
-3.682067e-04 -3.676232e-04 -3.658876e-04 -3.630433e-04 -3.591618e-04 -3.543403e-04 -3.486994e-04 -3.423798e-04 -3.355388e-04 -3.283460e-04 -3.209796e-04 -3.136210e-04 -3.064512e-04 -2.996458e-04 -2.933712e-04 -2.877801e-04 -2.830085e-04 -2.791720e-04 -2.763634e-04 -2.746507e-04 -2.740752e-04 -2.746507e-04 -2.763634e-04 -2.791720e-04 -2.830085e-04 -2.877801e-04 -2.933712e-04 -2.996458e-04 -3.064512e-04 -3.136210e-04 -3.209796e-04 -3.283460e-04 -3.355388e-04 -3.423798e-04 -3.486994e-04 -3.543403e-04 -3.591618e-04 -3.630433e-04 -3.658876e-04 -3.676232e-04 -3.682067e-04 
-7.159016e-02 -7.137001e-02 -7.071092e-02 -6.961699e-02 -6.809502e-02 -6.615448e-02 -6.380743e-02 -6.106845e-02 -5.795456e-02 -5.448510e-02 -5.068159e-02 -4.656763e-02 -4.216872e-02 -3.751213e-02 -3.262668e-02 -2.754262e-02 -2.229139e-02 -1.690544e-02 -1.141806e-02 -5.863105e-03 -2.748610e-04 5.312219e-03 1.086371e-02 1.634541e-02 2.172360e-02 2.696518e-02 3.203794e-02 3.691069e-02 4.155352e-02 4.593793e-02 5.003701e-02 5.382562e-02 5.728053e-02 6.038059e-02 6.310678e-02 6.544242e-02 6.737321e-02 6.888733e-02 6.997551e-02 7.063110e-02 7.085007e-02 
-1.423770e-01 -1.419386e-01 -1.406262e-01 -1.384478e-01 -1.354170e-01 -1.315526e-01 -1.268784e-01 -1.214235e-01 -1.152215e-01 -1.083109e-01 -1.007345e-01 -9.253906e-02 -8.377531e-02 -7.449743e-02 -6.476273e-02 -5.463137e-02 -4.416589e-02 -3.343092e-02 -2.249269e-02 -1.141869e-02 -2.772000e-04 1.086309e-02 2.193351e-02 3.286587e-02 4.359283e-02 5.404834e-02 6.416802e-02 7.388961e-02 8.315328e-02 9.190204e-02 1.000821e-01 1.076431e-01 1.145387e-01 1.207264e-01 1.261681e-01 1.308305e-01 1.346849e-01 1.377075e-01 1.398800e-01 1.411888e-01 1.416260e-01 
-2.122926e-01 -2.116386e-01 -2.096809e-01 -2.064314e-01 -2.019103e-01 -1.961456e-01 -1.891730e-01 -1.810355e-01 -1.717834e-01 -1.614741e-01 -1.501712e-01 -1.379446e-01 -1.248698e-01 -1.110276e-01 -9.650343e-02 -8.138703e-02 -6.577167e-02 -4.975372e-02 -3.343198e-02 -1.690712e-02 -2.810363e-04 1.634378e-02 3.286488e-02 4.918044e-02 6.518996e-02 8.079482e-02 9.589893e-02 1.104093e-01 1.242365e-01 1.372956e-01 1.495060e-01 1.607927e-01 1.710862e-01 1.803232e-01 1.884468e-01 1.954071e-01 2.011612e-01 2.056737e-01 2.089169e-01 2.108709e-01 2.115235e-01 
-2.809060e-01 -2.800405e-01 -2.774494e-01 -2.731488e-01 -2.671651e-01 -2.595355e-01 -2.503071e-01 -2.395370e-01 -2.272917e-01 -2.136469e-01 -1.986870e-01 -1.825043e-01 -1.651988e-01 -1.468773e-01 -1.276531e-01 -1.076446e-01 -8.697549e-02 -6.577316e-02 -4.416842e-02 -2.229451e-02 -2.862787e-04 2.172060e-02 4.359049e-02 6.518863e-02 8.638195e-02 1.070399e-01 1.270352e-01 1.462447e-01 1.645502e-01 1.818388e-01 1.980042e-01 2.129469e-01 2.265748e-01 2.388040e-01 2.495593e-01 2.587744e-01 2.663927e-01 2.723672e-01 2.766611e-01 2.792481e-01 2.801122e-01 
-3.477942e-01 -3.467225e-01 -3.435140e-01 -3.381886e-01 -3.307791e-01 -3.213315e-01 -3.099041e-01 -2.965675e-01 -2.814041e-01 -2.645077e-01 -2.459827e-01 -2.259434e-01 -2.045136e-01 -1.818257e-01 -1.580196e-01 -1.332422e-01 -1.076466e-01 -8.139042e-02 -5.463576e-02 -2.754755e-02 -2.928020e-04 2.696049e-02 5.404435e-02 8.079189e-02 1.070383e-01 1.326219e-01 1.573850e-01 1.811752e-01 2.038459e-01 2.252575e-01 2.452781e-01 2.637845e-01 2.806626e-01 2.958086e-01 3.091291e-01 3.205422e-01 3.299776e-01 3.373772e-01 3.426954e-01 3.458994e-01 3.469697e-01 
-4.125448e-01 -4.112734e-01 -4.074672e-01 -4.011498e-01 -3.923600e-01 -3.811524e-01 -3.675962e-01 -3.517751e-01 -3.337869e-01 -3.137428e-01 -2.917666e-01 -2.679940e-01 -2.425718e-01 -2.156570e-01 -1.874156e-01 -1.580219e-01 -1.276573e-01 -9.650910e-02 -6.476934e-02 -3.263375e-02 -3.004500e-04 3.203127e-02 6.416214e-02 9.589416e-02 1.270318e-01 1.573833e-01 1.867615e-01 2.149856e-01 2.418817e-01 2.672841e-01 2.910364e-01 3.129923e-01 3.330165e-01 3.509858e-01 3.667894e-01 3.803301e-01 3.915243e-01 4.003033e-01 4.066129e-01 4.104143e-01 4.116841e-01 
-4.747584e-01 -4.732952e-01 -4.689147e-01 -4.616440e-01 -4.515280e-01 -4.386293e-01 -4.230276e-01 -4.048194e-01 -3.841170e-01 -3.610486e-01 -3.357564e-01 -3.083968e-01 -2.791386e-01 -2.481626e-01 -2.156598e-01 -1.818308e-01 -1.468843e-01 -1.110359e-01 -7.450656e-02 -3.752162e-02 -3.090387e-04 3.690182e-02 7.388161e-02 1.104025e-01 1.462394e-01 1.811715e-01 2.149837e-01 2.474677e-01 2.784233e-01 3.076599e-01 3.349973e-01 3.602673e-01 3.833141e-01 4.039958e-01 4.221850e-01 4.377697e-01 4.506538e-01 4.607581e-01 4.680202e-01 4.723954e-01 4.738568e-01 
-5.340510e-01 -5.324050e-01 -5.274772e-01 -5.192980e-01 -5.079180e-01 -4.934076e-01 -4.758564e-01 -4.553730e-01 -4.320839e-01 -4.061329e-01 -3.776805e-01 -3.469023e-01 -3.139883e-01 -2.791418e-01 -2.425778e-01 -2.045218e-01 -1.652087e-01 -1.248810e-01 -8.378723e-02 -4.218086e-02 -3.183608e-04 4.154226e-02 8.314302e-02 1.242276e-01 1.645428e-01 2.038403e-01 2.418779e-01 2.784214e-01 3.132456e-01 3.461360e-01 3.768901e-01 4.053183e-01 4.312456e-01 4.545122e-01 4.749748e-01 4.925074e-01 5.070019e-01 5.183691e-01 5.265389e-01 5.314610e-01 5.331051e-01 
-5.900569e-01 -5.882381e-01 -5.827933e-01 -5.737559e-01 -5.611819e-01 -5.451490e-01 -5.257564e-01 -5.031239e-01 -4.773913e-01 -4.487177e-01 -4.172802e-01 -3.832729e-01 -3.469058e-01 -3.084035e-01 -2.680034e-01 -2.259550e-01 -1.825175e-01 -1.379589e-01 -9.255395e-02 -4.658259e-02 -3.281901e-04 4.592416e-02 9.188944e-02 1.372844e-01 1.818293e-01 2.252498e-01 2.672784e-01 3.076561e-01 3.461342e-01 3.824757e-01 4.164566e-01 4.478678e-01 4.765156e-01 5.022237e-01 5.248335e-01 5.442059e-01 5.602214e-01 5.727814e-01 5.818086e-01 5.872472e-01 5.890638e-01 
-6.424299e-01 -6.404497e-01 -6.345213e-01 -6.246814e-01 -6.109908e-01 -5.935342e-01 -5.724195e-01 -5.477772e-01 -5.197597e-01 -4.885400e-01 -4.543110e-01 -4.172840e-01 -3.776879e-01 -3.357668e-01 -2.917797e-01 -2.459978e-01 -1.987036e-01 -1.501888e-01 -1.007525e-01 -5.069946e-02 -3.382869e-04 5.002068e-02 1.000671e-01 1.494926e-01 1.979927e-01 2.452685e-01 2.910288e-01 3.349917e-01 3.768864e-01 4.164549e-01 4.534533e-01 4.876537e-01 5.188454e-01 5.468364e-01 5.714540e-01 5.925467e-01 6.099845e-01 6.236599e-01 6.334887e-01 6.394103e-01 6.413883e-01 
-6.908467e-01 -6.887172e-01 -6.823418e-01 -6.717599e-01 -6.570370e-01 -6.382641e-01 -6.155574e-01 -5.890572e-01 -5.589272e-01 -5.253537e-01 -4.885440e-01 -4.487256e-01 -4.061443e-01 -3.610629e-01 -3.137597e-01 -2.645265e-01 -2.136670e-01 -1.614950e-01 -1.083320e-01 -5.450592e-02 -3.484034e-04 5.380673e-02 1.076258e-01 1.607771e-01 2.129332e-01 2.637729e-01 3.129829e-01 3.602600e-01 4.053130e-01 4.478644e-01 4.876521e-01 5.244309e-01 5.579742e-01 5.880755e-01 6.145491e-01 6.372321e-01 6.559846e-01 6.706911e-01 6.812610e-01 6.876291e-01 6.897561e-01 
-7.350080e-01 -7.327423e-01 -7.259591e-01 -7.147004e-01 -6.990359e-01 -6.790625e-01 -6.549036e-01 -6.267086e-01 -5.946518e-01 -5.589314e-01 -5.197679e-01 -4.774033e-01 -4.320992e-01 -3.841353e-01 -3.338076e-01 -2.814265e-01 -2.273153e-01 -1.718076e-01 -1.152457e-01 -5.797828e-02 -3.582900e-04 5.725915e-02 1.145190e-01 1.710685e-01 2.265592e-01 2.806492e-01 3.330054e-01 3.833052e-01 4.312388e-01 4.765108e-01 5.188424e-01 5.579728e-01 5.936610e-01 6.256869e-01 6.538534e-01 6.779867e-01 6.979384e-01 7.135853e-01 7.248310e-01 7.316063e-01 7.338694e-01 
-7.746407e-01 -7.722527e-01 -7.651036e-01 -7.532375e-01 -7.367280e-01 -7.156770e-01 -6.902148e-01 -6.604988e-01 -6.267128e-01 -5.890655e-01 -5.477896e-01 -5.031400e-01 -4.553923e-01 -4.048415e-01 -3.517995e-01 -2.965934e-01 -2.395640e-01 -1.810628e-01 -1.214507e-01 -6.109495e-02 -3.677014e-04 6.035684e-02 1.207045e-01 1.803035e-01 2.387866e-01 2.957935e-01 3.509731e-01 4.039855e-01 4.545040e-01 5.022175e-01 5.468321e-01 5.880729e-01 6.256857e-01 6.594389e-01 6.891245e-01 7.145595e-01 7.355872e-01 7.520780e-01 7.639303e-01 7.710710e-01 7.734561e-01 
-8.094997e-01 -8.070042e-01 -7.995331e-01 -7.871328e-01 -7.698799e-01 -7.478812e-01 -7.212726e-01 -6.902189e-01 -6.549118e-01 -6.155698e-01 -5.724358e-01 -5.257764e-01 -4.758796e-01 -4.230534e-01 -3.676241e-01 -3.099334e-01 -2.503373e-01 -1.892033e-01 -1.269084e-01 -6.383651e-02 -3.764027e-04 6.308085e-02 1.261442e-01 1.884253e-01 2.495402e-01 3.091125e-01 3.667753e-01 4.221734e-01 4.749655e-01 5.248263e-01 5.714487e-01 6.145455e-01 6.538512e-01 6.891235e-01 7.201451e-01 7.467249e-01 7.686990e-01 7.859321e-01 7.983178e-01 8.057800e-01 8.082724e-01 
-8.393692e-01 -8.367815e-01 -8.290347e-01 -8.161765e-01 -7.982867e-01 -7.754758e-01 -7.478850e-01 -7.156848e-01 -6.790745e-01 -6.382803e-01 -5.935542e-01 -5.451726e-01 -4.934342e-01 -4.386585e-01 -3.811835e-01 -3.213639e-01 -2.595686e-01 -1.961787e-01 -1.315851e-01 -6.618588e-02 -3.841755e-04 6.541454e-02 1.308049e-01 1.953839e-01 2.587539e-01 3.205243e-01 3.803148e-01 4.377570e-01 4.924970e-01 5.441977e-01 5.925405e-01 6.372276e-01 6.779837e-01 7.145577e-01 7.467241e-01 7.742848e-01 7.970698e-01 8.149389e-01 8.277817e-01 8.355192e-01 8.381037e-01 
-8.640643e-01 -8.614005e-01 -8.534256e-01 -8.401889e-01 -8.217724e-01 -7.982901e-01 -7.698871e-01 -7.367392e-01 -6.990513e-01 -6.570564e-01 -6.110140e-01 -5.612086e-01 -5.079476e-01 -4.515601e-01 -3.923939e-01 -3.308141e-01 -2.672006e-01 -2.019457e-01 -1.354517e-01 -6.812841e-02 -3.908236e-04 6.734367e-02 1.346577e-01 2.011367e-01 2.663709e-01 3.299586e-01 3.915081e-01 4.506402e-01 5.069907e-01 5.602125e-01 6.099776e-01 6.559795e-01 6.979347e-01 7.355848e-01 7.686976e-01 7.970692e-01 8.205247e-01 8.389195e-01 8.521403e-01 8.601055e-01 8.627660e-01 
-8.834321e-01 -8.807085e-01 -8.725548e-01 -8.590212e-01 -8.401917e-01 -8.161827e-01 -7.871428e-01 -7.532515e-01 -7.147185e-01 -6.717820e-01 -6.247072e-01 -5.737851e-01 -5.193301e-01 -4.616784e-01 -4.011859e-01 -3.382257e-01 -2.731863e-01 -2.064687e-01 -1.384842e-01 -6.965199e-02 -3.961787e-04 6.885645e-02 1.376792e-01 2.056481e-01 2.723444e-01 3.373573e-01 4.002863e-01 4.607438e-01 5.183573e-01 5.727719e-01 6.236525e-01 6.706855e-01 7.135812e-01 7.520752e-01 7.859303e-01 8.149378e-01 8.389191e-01 8.577263e-01 8.712434e-01 8.793871e-01 8.821073e-01 
-8.973526e-01 -8.945861e-01 -8.863038e-01 -8.725569e-01 -8.534305e-01 -8.290429e-01 -7.995452e-01 -7.651196e-01 -7.259792e-01 -6.823658e-01 -6.345491e-01 -5.828244e-01 -5.275112e-01 -4.689509e-01 -4.075051e-01 -3.435527e-01 -2.774884e-01 -2.097195e-01 -1.406639e-01 -7.074711e-02 -4.001045e-04 6.994365e-02 1.398507e-01 2.088905e-01 2.766377e-01 3.426749e-01 4.065954e-01 4.680054e-01 5.265267e-01 5.817987e-01 6.334809e-01 6.812550e-01 7.248266e-01 7.639271e-01 7.983157e-01 8.277804e-01 8.521396e-01 8.712431e-01 8.849732e-01 8.932453e-01 8.960083e-01 
-9.057396e-01 -9.029472e-01 -8.945874e-01 -8.807119e-01 -8.614067e-01 -8.367911e-01 -8.070175e-01 -7.722700e-01 -7.327636e-01 -6.887425e-01 -6.404787e-01 -5.882704e-01 -5.324401e-01 -4.733325e-01 -4.113123e-01 -3.467622e-01 -2.800804e-01 -2.116782e-01 -1.419771e-01 -7.140692e-02 -4.025008e-04 7.059863e-02 1.411590e-01 2.108440e-01 2.792242e-01 3.458786e-01 4.103964e-01 4.723803e-01 5.314485e-01 5.872371e-01 6.394023e-01 6.876229e-01 7.316017e-01 7.710677e-01 8.057777e-01 8.355177e-01 8.601046e-01 8.793867e-01 8.932451e-01 9.015945e-01 9.043834e-01 
-9.085410e-01 -9.057400e-01 -8.973543e-01 -8.834359e-01 -8.640709e-01 -8.393791e-01 -8.095134e-01 -7.746584e-01 -7.350298e-01 -6.908724e-01 -6.424593e-01 -5.900895e-01 -5.340865e-01 -4.747960e-01 -4.125840e-01 -3.478342e-01 -2.809462e-01 -2.123324e-01 -1.424158e-01 -7.162732e-02 -4.033065e-04 7.081741e-02 1.415960e-01 2.114965e-01 2.800882e-01 3.469487e-01 4.116660e-01 4.738416e-01 5.330925e-01 5.890536e-01 6.413802e-01 6.897499e-01 7.338647e-01 7.734528e-01 8.082701e-01 8.381022e-01 8.627651e-01 8.821068e-01 8.960081e-01 9.043833e-01 9.071808e-01 
