3.260436e-03 3.218203e-03 3.092169e-03 2.884337e-03 2.598117e-03 2.238400e-03 1.811654e-03 1.325982e-03 7.911243e-04 2.183700e-04 3.796148e-04 9.890239e-04 1.595173e-03 2.182759e-03 2.736120e-03 3.239540e-03 3.677673e-03 4.036142e-03 4.302339e-03 4.466334e-03 4.521742e-03 
3.218764e-03 3.177038e-03 3.052518e-03 2.847188e-03 2.564420e-03 2.209056e-03 1.787494e-03 1.307747e-03 7.794436e-04 2.137420e-04 3.768388e-04 9.786520e-04 1.577182e-03 2.157305e-03 2.703545e-03 3.200391e-03 3.632710e-03 3.986348e-03 4.248909e-03 4.410641e-03 4.465280e-03 
3.094356e-03 3.054145e-03 2.934146e-03 2.736283e-03 2.463821e-03 2.121445e-03 1.715340e-03 1.253249e-03 7.444649e-04 1.997546e-04 3.688044e-04 9.480434e-04 1.523953e-03 2.081938e-03 2.607089e-03 3.084489e-03 3.499639e-03 3.839031e-03 4.090883e-03 4.245957e-03 4.298336e-03 
2.889060e-03 2.851349e-03 2.738817e-03 2.553277e-03 2.297812e-03 1.976839e-03 1.596182e-03 1.163126e-03 6.864029e-04 1.761272e-04 3.563557e-04 8.986695e-04 1.437642e-03 1.959558e-03 2.450428e-03 2.896308e-03 3.283709e-03 3.600141e-03 3.834773e-03 3.979161e-03 4.027915e-03 
2.606033e-03 2.571774e-03 2.469544e-03 2.300999e-03 2.068950e-03 1.777427e-03 1.431736e-03 1.038508e-03 6.056904e-04 1.424840e-04 3.407814e-04 8.328270e-04 1.321641e-03 1.794717e-03 2.239324e-03 2.642825e-03 2.993063e-03 3.278860e-03 3.490592e-03 3.620803e-03 3.664754e-03 
2.249859e-03 2.219951e-03 2.130702e-03 1.983552e-03 1.780949e-03 1.526398e-03 1.224525e-03 8.811068e-04 5.030770e-04 9.847403e-05 3.236611e-04 7.534370e-04 1.180302e-03 1.593267e-03 1.981161e-03 2.332932e-03 2.638009e-03 2.886738e-03 3.070863e-03 3.184027e-03 3.222213e-03 
1.826678e-03 1.801949e-03 1.728147e-03 1.606432e-03 1.438781e-03 1.228038e-03 9.779715e-04 6.933063e-04 3.797399e-04 4.390814e-05 3.066904e-04 6.638161e-04 1.018648e-03 1.361980e-03 1.684451e-03 1.976818e-03 2.230274e-03 2.436814e-03 2.589636e-03 2.683526e-03 2.715201e-03 
1.344295e-03 1.325485e-03 1.269319e-03 1.176612e-03 1.048761e-03 8.878047e-04 6.964756e-04 4.782533e-04 2.373876e-04 2.110882e-05 2.915075e-04 5.674506e-04 8.420748e-04 1.108172e-03 1.358380e-03 1.585421e-03 1.782356e-03 1.942895e-03 2.061701e-03 2.134699e-03 2.159327e-03 
8.122238e-04 7.999546e-04 7.632740e-04 7.025786e-04 6.185782e-04 5.123585e-04 3.854531e-04 2.399096e-04 7.833798e-05 9.606794e-05 2.795426e-04 4.677963e-04 6.560971e-04 8.393870e-04 1.012430e-03 1.169994e-03 1.307056e-03 1.419039e-03 1.502050e-03 1.553110e-03 1.570345e-03 
2.416023e-04 2.363642e-04 2.206146e-04 1.942672e-04 1.572390e-04 1.095309e-04 5.132192e-05 1.693682e-05 9.444191e-05 1.799800e-04 2.718993e-04 3.681129e-04 4.661336e-04 5.631413e-04 6.560797e-04 7.417837e-04 8.171322e-04 8.792204e-04 9.255406e-04 9.541539e-04 9.638331e-04 
3.549955e-04 3.528641e-04 3.466881e-04 3.370973e-04 3.250615e-04 3.117838e-04 2.985731e-04 2.867127e-04 2.773385e-04 2.713372e-04 2.692717e-04 2.713345e-04 2.773331e-04 2.867048e-04 2.985629e-04 3.117715e-04 3.250474e-04 3.370817e-04 3.466714e-04 3.528467e-04 3.549780e-04 
9.638400e-04 9.541624e-04 9.255499e-04 8.792298e-04 8.171411e-04 7.417917e-04 6.560861e-04 5.631458e-04 4.661360e-04 3.681127e-04 2.718964e-04 1.799743e-04 9.443325e-05 1.692522e-05 5.133641e-05 1.095482e-04 1.572590e-04 1.942897e-04 2.206395e-04 2.363913e-04 2.416313e-04 
1.570343e-03 1.553110e-03 1.502053e-03 1.419043e-03 1.307061e-03 1.169998e-03 1.012434e-03 8.393887e-04 6.560967e-04 4.677934e-04 2.795369e-04 9.605912e-05 7.835012e-05 2.399252e-04 3.854723e-04 5.123813e-04 6.186046e-04 7.026087e-04 7.633077e-04 7.999920e-04 8.122649e-04 
2.159316e-03 2.134693e-03 2.061699e-03 1.942895e-03 1.782357e-03 1.585422e-03 1.358381e-03 1.108171e-03 8.420722e-04 5.674453e-04 2.914991e-04 2.109692e-05 2.374033e-04 4.782731e-04 6.964997e-04 8.878333e-04 1.048795e-03 1.176650e-03 1.269362e-03 1.325533e-03 1.344349e-03 
2.715184e-03 2.683515e-03 2.589630e-03 2.436812e-03 2.230273e-03 1.976818e-03 1.684450e-03 1.361978e-03 1.018644e-03 6.638087e-04 3.066795e-04 4.392306e-05 3.797592e-04 6.933306e-04 9.780009e-04 1.228073e-03 1.438821e-03 1.606478e-03 1.728199e-03 1.802008e-03 1.826744e-03 
3.222192e-03 3.184014e-03 3.070855e-03 2.886734e-03 2.638007e-03 2.332931e-03 1.981160e-03 1.593264e-03 1.180297e-03 7.534280e-04 3.236480e-04 9.849186e-05 5.031000e-04 8.811355e-04 1.224560e-03 1.526440e-03 1.780997e-03 1.983607e-03 2.130764e-03 2.220021e-03 2.249938e-03 
3.664731e-03 3.620788e-03 3.490584e-03 3.278856e-03 2.993061e-03 2.642824e-03 2.239323e-03 1.794713e-03 1.321634e-03 8.328168e-04 3.407663e-04 1.425046e-04 6.057171e-04 1.038542e-03 1.431777e-03 1.777474e-03 2.069006e-03 2.301062e-03 2.469616e-03 2.571855e-03 2.606124e-03 
4.027892e-03 3.979147e-03 3.834766e-03 3.600138e-03 3.283709e-03 2.896309e-03 2.450428e-03 1.959556e-03 1.437636e-03 8.986586e-04 3.563391e-04 1.761504e-04 6.864333e-04 1.163164e-03 1.596228e-03 1.976893e-03 2.297876e-03 2.553350e-03 2.738899e-03 2.851441e-03 2.889162e-03 
4.298316e-03 4.245947e-03 4.090880e-03 3.839033e-03 3.499643e-03 3.084493e-03 2.607092e-03 2.081938e-03 1.523948e-03 9.480325e-04 3.687866e-04 1.997801e-04 7.444989e-04 1.253292e-03 1.715392e-03 2.121507e-03 2.463893e-03 2.736365e-03 2.934239e-03 3.054248e-03 3.094470e-03 
4.465266e-03 4.410637e-03 4.248913e-03 3.986356e-03 3.632720e-03 3.200400e-03 2.703552e-03 2.157307e-03 1.577179e-03 9.786417e-04 3.768203e-04 2.137696e-04 7.794810e-04 1.307795e-03 1.787553e-03 2.209126e-03 2.564500e-03 2.847279e-03 3.052621e-03 3.177153e-03 3.218890e-03 
4.521736e-03 4.466339e-03 4.302351e-03 4.036158e-03 3.677690e-03 3.239556e-03 2.736132e-03 2.182765e-03 1.595172e-03 9.890149e-04 3.795961e-04 2.183995e-04 7.911652e-04 1.326035e-03 1.811718e-03 2.238477e-03 2.598206e-03 2.884438e-03 3.092282e-03 3.218328e-03 3.260573e-03 
