3.536584e-03 3.488195e-03 3.344146e-03 3.107712e-03 2.784096e-03 2.380124e-03 1.903920e-03 1.364643e-03 7.723269e-04 1.378301e-04 5.270816e-04 1.209549e-03 1.895362e-03 2.568697e-03 3.211976e-03 3.805996e-03 4.330480e-03 4.765158e-03 5.091341e-03 5.293774e-03 5.362427e-03 
3.488468e-03 3.440723e-03 3.298587e-03 3.065274e-03 2.745897e-03 2.347169e-03 1.877093e-03 1.344706e-03 7.599220e-04 1.334856e-04 5.229486e-04 1.196637e-03 1.873497e-03 2.537866e-03 3.172372e-03 3.758072e-03 4.275010e-03 4.703276e-03 5.024546e-03 5.223883e-03 5.291478e-03 
3.345297e-03 3.299463e-03 3.162999e-03 2.938943e-03 2.632144e-03 2.248985e-03 1.797110e-03 1.285191e-03 7.227824e-04 1.202836e-04 5.109900e-04 1.158647e-03 1.809001e-03 2.446874e-03 3.055504e-03 3.616722e-03 4.111503e-03 4.520981e-03 4.827879e-03 5.018174e-03 5.082680e-03 
3.110499e-03 3.067778e-03 2.940555e-03 2.731593e-03 2.445314e-03 2.087578e-03 1.665445e-03 1.186982e-03 6.611467e-04 9.775227e-05 4.924694e-04 1.097736e-03 1.705047e-03 2.300036e-03 2.866955e-03 3.388878e-03 3.848250e-03 4.227821e-03 4.511917e-03 4.687898e-03 4.747521e-03 
2.789459e-03 2.750954e-03 2.636255e-03 2.447765e-03 2.189348e-03 1.866162e-03 1.484479e-03 1.051538e-03 5.754578e-04 6.521335e-05 4.693119e-04 1.017228e-03 1.566525e-03 2.103995e-03 2.615276e-03 3.085097e-03 3.497799e-03 3.838165e-03 4.092506e-03 4.249870e-03 4.303152e-03 
2.389129e-03 2.355827e-03 2.256588e-03 2.093386e-03 1.869421e-03 1.588999e-03 1.257421e-03 8.808836e-04 4.664253e-04 2.192285e-05 4.438713e-04 9.212630e-04 1.399555e-03 1.867032e-03 2.311060e-03 2.718349e-03 3.075434e-03 3.369384e-03 3.588687e-03 3.724213e-03 3.770072e-03 
1.917645e-03 1.890403e-03 1.809182e-03 1.675475e-03 1.491722e-03 1.261254e-03 9.882311e-04 6.776057e-04 3.351030e-04 3.276496e-05 4.186672e-04 8.144142e-04 1.210939e-03 1.598332e-03 1.965969e-03 2.302774e-03 2.597647e-03 2.840037e-03 3.020646e-03 3.132154e-03 3.169867e-03 
1.384018e-03 1.363569e-03 1.302545e-03 1.201914e-03 1.063277e-03 8.888713e-04 6.815651e-04 4.448725e-04 1.829776e-04 9.923187e-05 3.961290e-04 7.013240e-04 1.007670e-03 1.307324e-03 1.591883e-03 1.852627e-03 2.080871e-03 2.268421e-03 2.408108e-03 2.494318e-03 2.523469e-03 
7.979615e-04 7.849151e-04 7.459034e-04 6.813195e-04 5.918506e-04 4.785241e-04 3.427665e-04 1.864695e-04 1.205864e-05 1.774446e-04 3.783745e-04 5.863969e-04 7.965216e-04 1.003165e-03 1.200275e-03 1.381533e-03 1.540636e-03 1.671638e-03 1.769345e-03 1.829700e-03 1.850117e-03 
1.698533e-04 1.647045e-04 1.491725e-04 1.230234e-04 8.594012e-05 3.762035e-05 2.210464e-05 9.314498e-05 1.750341e-04 2.668288e-04 3.670357e-04 4.735715e-04 5.837637e-04 6.943978e-04 8.018154e-04 9.020705e-04 9.911379e-04 1.065168e-03 1.120766e-03 1.155267e-03 1.166963e-03 
4.891664e-04 4.860317e-04 4.769488e-04 4.628449e-04 4.451475e-04 4.256262e-04 4.062056e-04 3.887718e-04 3.749936e-04 3.661737e-04 3.631385e-04 3.661710e-04 3.749882e-04 3.887639e-04 4.061954e-04 4.256139e-04 4.451334e-04 4.628293e-04 4.769320e-04 4.860143e-04 4.891489e-04 
1.166970e-03 1.155275e-03 1.120776e-03 1.065178e-03 9.911469e-04 9.020784e-04 8.018219e-04 6.944023e-04 5.837661e-04 4.735713e-04 3.670328e-04 2.668231e-04 1.750255e-04 9.313335e-05 2.209011e-05 3.763769e-05 8.596015e-05 1.230460e-04 1.491974e-04 1.647316e-04 1.698824e-04 
1.850115e-03 1.829701e-03 1.769348e-03 1.671642e-03 1.540641e-03 1.381538e-03 1.200278e-03 1.003166e-03 7.965212e-04 5.863940e-04 3.783688e-04 1.774358e-04 1.207081e-05 1.864852e-04 3.427857e-04 4.785470e-04 5.918771e-04 6.813496e-04 7.459372e-04 7.849525e-04 7.980026e-04 
2.523459e-03 2.494312e-03 2.408106e-03 2.268422e-03 2.080872e-03 1.852628e-03 1.591884e-03 1.307323e-03 1.007667e-03 7.013187e-04 3.961206e-04 9.921993e-05 1.829934e-04 4.448924e-04 6.815893e-04 8.889000e-04 1.063310e-03 1.201952e-03 1.302588e-03 1.363617e-03 1.384071e-03 
3.169850e-03 3.132143e-03 3.020640e-03 2.840034e-03 2.597646e-03 2.302774e-03 1.965968e-03 1.598330e-03 1.210935e-03 8.144068e-04 4.186562e-04 3.274999e-05 3.351225e-04 6.776300e-04 9.882606e-04 1.261289e-03 1.491763e-03 1.675521e-03 1.809235e-03 1.890463e-03 1.917711e-03 
3.770051e-03 3.724199e-03 3.588679e-03 3.369379e-03 3.075432e-03 2.718348e-03 2.311059e-03 1.867029e-03 1.399549e-03 9.212540e-04 4.438581e-04 2.194073e-05 4.664484e-04 8.809124e-04 1.257456e-03 1.589041e-03 1.869469e-03 2.093441e-03 2.256650e-03 2.355897e-03 2.389208e-03 
4.303129e-03 4.249855e-03 4.092498e-03 3.838161e-03 3.497797e-03 3.085096e-03 2.615275e-03 2.103992e-03 1.566519e-03 1.017218e-03 4.692968e-04 6.523399e-05 5.754846e-04 1.051572e-03 1.484519e-03 1.866210e-03 2.189404e-03 2.447829e-03 2.636328e-03 2.751036e-03 2.789550e-03 
4.747498e-03 4.687884e-03 4.511910e-03 4.227819e-03 3.848251e-03 3.388879e-03 2.866955e-03 2.300034e-03 1.705041e-03 1.097725e-03 4.924527e-04 9.777549e-05 6.611771e-04 1.187020e-03 1.665491e-03 2.087633e-03 2.445378e-03 2.731665e-03 2.940637e-03 3.067870e-03 3.110602e-03 
5.082660e-03 5.018164e-03 4.827876e-03 4.520983e-03 4.111507e-03 3.616726e-03 3.055506e-03 2.446873e-03 1.808996e-03 1.158636e-03 5.109721e-04 1.203092e-04 7.228164e-04 1.285234e-03 1.797163e-03 2.249047e-03 2.632216e-03 2.939026e-03 3.163091e-03 3.299567e-03 3.345412e-03 
5.291464e-03 5.223879e-03 5.024549e-03 4.703284e-03 4.275019e-03 3.758081e-03 3.172379e-03 2.537869e-03 1.873494e-03 1.196626e-03 5.229300e-04 1.335134e-04 7.599596e-04 1.344754e-03 1.877151e-03 2.347238e-03 2.745977e-03 3.065365e-03 3.298690e-03 3.440838e-03 3.488594e-03 
5.362421e-03 5.293778e-03 5.091353e-03 4.765174e-03 4.330496e-03 3.806011e-03 3.211988e-03 2.568703e-03 1.895362e-03 1.209540e-03 5.270627e-04 1.378597e-04 7.723679e-04 1.364696e-03 1.903985e-03 2.380201e-03 2.784186e-03 3.107813e-03 3.344259e-03 3.488320e-03 3.536722e-03 
