1.126193e-03 1.122600e-03 1.111831e-03 1.093920e-03 1.068925e-03 1.036928e-03 9.980376e-04 9.523923e-04 9.001608e-04 8.415461e-04 7.767870e-04 7.061610e-04 6.299859e-04 5.486210e-04 4.624679e-04 3.719700e-04 2.776120e-04 1.799176e-04 7.944696e-05 2.320675e-05 1.274215e-04 2.325509e-04 3.379291e-04 4.428758e-04 5.467015e-04 6.487126e-04 7.482161e-04 8.445252e-04 9.369638e-04 1.024872e-03 1.107610e-03 1.184565e-03 1.255157e-03 1.318843e-03 1.375125e-03 1.423554e-03 1.463737e-03 1.495346e-03 1.518117e-03 1.531859e-03 1.536457e-03 
1.122630e-03 1.119047e-03 1.108309e-03 1.090450e-03 1.065528e-03 1.033624e-03 9.948470e-04 9.493353e-04 8.972572e-04 8.388153e-04 7.742478e-04 7.038318e-04 6.278840e-04 5.467629e-04 4.608690e-04 3.706444e-04 2.765725e-04 1.791752e-04 7.901121e-05 2.332833e-05 1.272233e-04 2.320292e-04 3.370823e-04 4.417046e-04 5.452084e-04 6.469025e-04 7.460959e-04 8.421040e-04 9.342529e-04 1.021884e-03 1.104361e-03 1.181073e-03 1.251441e-03 1.314924e-03 1.371025e-03 1.419298e-03 1.459353e-03 1.490859e-03 1.513556e-03 1.527254e-03 1.531837e-03 
1.111951e-03 1.108399e-03 1.097755e-03 1.080052e-03 1.055347e-03 1.023722e-03 9.852851e-04 9.401737e-04 8.885554e-04 8.306314e-04 7.666384e-04 6.968513e-04 6.215847e-04 5.411942e-04 4.560768e-04 3.666710e-04 2.734558e-04 1.769485e-04 7.770260e-05 2.369621e-05 1.266336e-04 2.304711e-04 3.345512e-04 4.382020e-04 5.407426e-04 6.414878e-04 7.397534e-04 8.348609e-04 9.261427e-04 1.012947e-03 1.094643e-03 1.170626e-03 1.240322e-03 1.303198e-03 1.358761e-03 1.406569e-03 1.446236e-03 1.477438e-03 1.499915e-03 1.513480e-03 1.518019e-03 
1.094188e-03 1.090688e-03 1.080199e-03 1.062755e-03 1.038412e-03 1.007251e-03 9.693808e-04 9.249359e-04 8.740826e-04 8.170202e-04 7.539827e-04 6.852416e-04 6.111077e-04 5.319315e-04 4.481047e-04 3.600594e-04 2.682675e-04 1.732385e-04 7.551717e-05 2.431967e-05 1.256673e-04 2.278974e-04 3.303627e-04 4.324017e-04 5.333441e-04 6.325153e-04 7.292419e-04 8.228560e-04 9.127003e-04 9.981336e-04 1.078535e-03 1.153310e-03 1.221895e-03 1.283764e-03 1.338435e-03 1.385474e-03 1.424501e-03 1.455198e-03 1.477311e-03 1.490655e-03 1.495120e-03 
1.069392e-03 1.065965e-03 1.055693e-03 1.038611e-03 1.014774e-03 9.842632e-04 9.471837e-04 9.036697e-04 8.538849e-04 7.980254e-04 7.363215e-04 6.690401e-04 5.964860e-04 5.190032e-04 4.369755e-04 3.508262e-04 2.610172e-04 1.680470e-04 7.244870e-05 2.521377e-05 1.243490e-04 2.243425e-04 3.245613e-04 4.243587e-04 5.230789e-04 6.200622e-04 7.146499e-04 8.061889e-04 8.940366e-04 9.775659e-04 1.056170e-03 1.129269e-03 1.196312e-03 1.256785e-03 1.310220e-03 1.356191e-03 1.394330e-03 1.424328e-03 1.445936e-03 1.458976e-03 1.463338e-03 
1.037640e-03 1.034306e-03 1.024313e-03 1.007696e-03 9.845084e-04 9.548299e-04 9.187646e-04 8.764438e-04 8.280282e-04 7.737096e-04 7.137133e-04 6.483000e-04 5.777671e-04 5.024499e-04 4.227221e-04 3.389955e-04 2.517193e-04 1.613779e-04 6.848934e-05 2.639871e-05 1.227119e-04 2.198534e-04 3.172085e-04 4.141490e-04 5.100381e-04 6.042348e-04 6.960993e-04 7.849971e-04 8.703043e-04 9.514119e-04 1.027731e-03 1.098699e-03 1.163783e-03 1.222484e-03 1.274348e-03 1.318965e-03 1.355978e-03 1.385088e-03 1.406056e-03 1.418709e-03 1.422943e-03 
9.990324e-04 9.958116e-04 9.861596e-04 9.701084e-04 9.477122e-04 9.190480e-04 8.842178e-04 8.433496e-04 7.965999e-04 7.441555e-04 6.862353e-04 6.230920e-04 5.550138e-04 4.823255e-04 4.053881e-04 3.245996e-04 2.403935e-04 1.532373e-04 6.363040e-05 2.789898e-05 1.207971e-04 2.144887e-04 3.083810e-04 4.018683e-04 4.943364e-04 5.851672e-04 6.737436e-04 7.594538e-04 8.416960e-04 9.198834e-04 9.934488e-04 1.061850e-03 1.124573e-03 1.181141e-03 1.231115e-03 1.274103e-03 1.309763e-03 1.337806e-03 1.358005e-03 1.370193e-03 1.374271e-03 
9.536983e-04 9.506111e-04 9.413598e-04 9.259754e-04 9.045104e-04 8.770399e-04 8.436624e-04 8.045023e-04 7.597106e-04 7.094678e-04 6.539848e-04 5.935050e-04 5.283056e-04 4.586981e-04 3.850292e-04 3.076802e-04 2.270661e-04 1.436345e-04 5.786328e-05 2.974238e-05 1.186528e-04 2.083177e-04 2.981700e-04 3.876302e-04 4.761106e-04 5.630196e-04 6.477665e-04 7.297657e-04 8.084416e-04 8.832328e-04 9.535969e-04 1.019015e-03 1.078998e-03 1.133090e-03 1.180872e-03 1.221971e-03 1.256061e-03 1.282868e-03 1.302175e-03 1.313826e-03 1.317723e-03 
9.017966e-04 8.988629e-04 8.900717e-04 8.754529e-04 8.550570e-04 8.289563e-04 7.972455e-04 7.600436e-04 7.174958e-04 6.697744e-04 6.170811e-04 5.596481e-04 4.977394e-04 4.316516e-04 3.617141e-04 2.882892e-04 2.117708e-04 1.325836e-04 5.118065e-05 3.195879e-05 1.163325e-04 2.014187e-04 2.866794e-04 3.715649e-04 4.555174e-04 5.379755e-04 6.183785e-04 6.961706e-04 7.708054e-04 8.417501e-04 9.084905e-04 9.705351e-04 1.027420e-03 1.078713e-03 1.124019e-03 1.162986e-03 1.195304e-03 1.220717e-03 1.239019e-03 1.250062e-03 1.253756e-03 
8.435196e-04 8.407588e-04 8.324860e-04 8.187296e-04 7.995377e-04 7.749789e-04 7.451433e-04 7.101440e-04 6.701181e-04 6.252290e-04 5.756672e-04 5.216519e-04 4.634319e-04 4.012865e-04 3.355258e-04 2.664902e-04 1.945499e-04 1.201039e-04 4.357762e-05 3.457893e-05 1.138941e-04 1.938776e-04 2.740242e-04 3.538170e-04 4.327316e-04 5.102402e-04 5.858153e-04 6.589340e-04 7.290823e-04 7.957593e-04 8.584814e-04 9.167868e-04 9.702398e-04 1.018435e-03 1.061002e-03 1.097610e-03 1.127971e-03 1.151842e-03 1.169034e-03 1.179407e-03 1.182877e-03 
7.790958e-04 7.765269e-04 7.688291e-04 7.560293e-04 7.381724e-04 7.153228e-04 6.875648e-04 6.550042e-04 6.177692e-04 5.760123e-04 5.299111e-04 4.796698e-04 4.255201e-04 3.677216e-04 3.065626e-04 2.423593e-04 1.754556e-04 1.062218e-04 3.505297e-05 3.763296e-05 1.113979e-04 1.857863e-04 2.603283e-04 3.345434e-04 4.079436e-04 4.800375e-04 5.503340e-04 6.183460e-04 6.835950e-04 7.456142e-04 8.039536e-04 8.581831e-04 9.078974e-04 9.527197e-04 9.923061e-04 1.026349e-03 1.054581e-03 1.076778e-03 1.092763e-03 1.102408e-03 1.105634e-03 
7.087924e-04 7.064337e-04 6.993659e-04 6.876134e-04 6.712180e-04 6.502386e-04 6.247529e-04 5.948579e-04 5.606716e-04 5.223338e-04 4.800074e-04 4.338797e-04 3.841629e-04 3.310949e-04 2.749396e-04 2.159867e-04 1.545509e-04 9.097150e-05 2.561049e-05 4.114913e-05 1.089055e-04 1.772407e-04 2.457233e-04 3.139116e-04 3.813571e-04 4.476075e-04 5.122108e-04 5.747186e-04 6.346899e-04 6.916950e-04 7.453191e-04 7.951662e-04 8.408632e-04 8.820634e-04 9.184503e-04 9.497411e-04 9.756903e-04 9.960924e-04 1.010785e-03 1.019649e-03 1.022615e-03 
6.329180e-04 6.307870e-04 6.244014e-04 6.137833e-04 5.989700e-04 5.800145e-04 5.569865e-04 5.299731e-04 4.990802e-04 4.644334e-04 4.261790e-04 3.844851e-04 3.395425e-04 2.915649e-04 2.407895e-04 1.874770e-04 1.319108e-04 7.439641e-05 1.526013e-05 4.515240e-05 1.064783e-04 1.683396e-04 2.303459e-04 2.920971e-04 3.531865e-04 4.132036e-04 4.717378e-04 5.283816e-04 5.827340e-04 6.344039e-04 6.830141e-04 7.282042e-04 7.696347e-04 8.069902e-04 8.399829e-04 8.683557e-04 8.918856e-04 9.103857e-04 9.237084e-04 9.317467e-04 9.344357e-04 
5.518237e-04 5.499370e-04 5.442832e-04 5.348816e-04 5.217644e-04 5.049777e-04 4.845821e-04 4.606533e-04 4.332836e-04 4.025824e-04 3.686776e-04 3.317160e-04 2.918646e-04 2.493110e-04 2.042634e-04 1.569510e-04 1.076234e-04 5.655001e-05 4.019229e-06 4.966313e-05 1.041754e-04 1.591822e-04 2.143362e-04 2.692813e-04 3.236547e-04 3.770899e-04 4.292199e-04 4.796799e-04 5.281107e-04 5.741617e-04 6.174947e-04 6.577861e-04 6.947314e-04 7.280474e-04 7.574758e-04 7.827858e-04 8.037773e-04 8.202826e-04 8.321693e-04 8.393413e-04 8.417406e-04 
4.659045e-04 4.642775e-04 4.594018e-04 4.512932e-04 4.399783e-04 4.254952e-04 4.078942e-04 3.872383e-04 3.636043e-04 3.370839e-04 3.077842e-04 2.758291e-04 2.413596e-04 2.045347e-04 1.655315e-04 1.245454e-04 8.179012e-05 3.749675e-05 8.086547e-06 5.469590e-05 1.020530e-04 1.498670e-04 1.978359e-04 2.456493e-04 2.929904e-04 3.395384e-04 3.849716e-04 4.289696e-04 4.712165e-04 5.114036e-04 5.492324e-04 5.844178e-04 6.166907e-04 6.458008e-04 6.715200e-04 6.936441e-04 7.119961e-04 7.264279e-04 7.368223e-04 7.430942e-04 7.451925e-04 
3.755991e-04 3.742460e-04 3.701907e-04 3.634452e-04 3.540298e-04 3.419737e-04 3.273154e-04 3.101039e-04 2.903990e-04 2.682725e-04 2.438094e-04 2.171082e-04 1.882820e-04 1.574590e-04 1.247831e-04 9.041388e-05 5.452680e-05 1.731279e-05 2.102227e-05 6.025838e-05 1.001625e-04 1.404901e-04 1.809862e-04 2.213878e-04 2.614257e-04 3.008264e-04 3.393145e-04 3.766155e-04 4.124577e-04 4.465754e-04 4.787109e-04 5.086178e-04 5.360631e-04 5.608301e-04 5.827207e-04 6.015579e-04 6.171879e-04 6.294819e-04 6.383379e-04 6.436823e-04 6.454704e-04 
2.813889e-04 2.803224e-04 2.771256e-04 2.718062e-04 2.643774e-04 2.548586e-04 2.432755e-04 2.296614e-04 2.140575e-04 1.965145e-04 1.770928e-04 1.558638e-04 1.329106e-04 1.083288e-04 8.222684e-05 5.472668e-05 2.596362e-05 3.913579e-06 3.474307e-05 6.635045e-05 9.854959e-05 1.311436e-04 1.639263e-04 1.966833e-04 2.291941e-04 2.612335e-04 2.925738e-04 3.229870e-04 3.522465e-04 3.801299e-04 4.064212e-04 4.309128e-04 4.534082e-04 4.737242e-04 4.916931e-04 5.071648e-04 5.200085e-04 5.301150e-04 5.373974e-04 5.417930e-04 5.432637e-04 
1.837963e-04 1.830276e-04 1.807225e-04 1.768841e-04 1.715180e-04 1.646327e-04 1.562399e-04 1.463559e-04 1.350021e-04 1.222058e-04 1.080015e-04 9.243161e-05 7.554736e-05 5.740976e-05 3.809016e-05 1.767082e-05 3.754769e-06 2.608168e-05 4.919367e-05 7.296340e-05 9.725298e-05 1.219147e-04 1.467918e-04 1.717198e-04 1.965277e-04 2.210396e-04 2.450759e-04 2.684555e-04 2.909976e-04 3.125234e-04 3.328583e-04 3.518340e-04 3.692902e-04 3.850773e-04 3.990577e-04 4.111077e-04 4.211199e-04 4.290037e-04 4.346876e-04 4.381195e-04 4.392680e-04 
8.338164e-05 8.292010e-05 8.153479e-05 7.922383e-05 7.598440e-05 7.181322e-05 6.670724e-05 6.066440e-05 5.368457e-05 4.577053e-05 3.692902e-05 2.717176e-05 1.651649e-05 4.987899e-06 7.381507e-06 2.055070e-05 3.446956e-05 4.907845e-05 6.430807e-05 8.007938e-05 9.630381e-05 1.128837e-04 1.297127e-04 1.466769e-04 1.636554e-04 1.805218e-04 1.971450e-04 2.133912e-04 2.291251e-04 2.442115e-04 2.585172e-04 2.719127e-04 2.842740e-04 2.954842e-04 3.054355e-04 3.140307e-04 3.211846e-04 3.268256e-04 3.308967e-04 3.333565e-04 3.341799e-04 
1.926044e-05 1.940730e-05 1.985031e-05 2.059677e-05 2.165842e-05 2.305103e-05 2.479360e-05 2.690758e-05 2.941584e-05 3.234163e-05 3.570737e-05 3.953354e-05 4.383748e-05 4.863230e-05 5.392581e-05 5.971961e-05 6.600827e-05 7.277868e-05 8.000954e-05 8.767105e-05 9.572481e-05 1.041238e-04 1.128129e-04 1.217287e-04 1.308009e-04 1.399525e-04 1.491012e-04 1.581600e-04 1.670389e-04 1.756460e-04 1.838890e-04 1.916766e-04 1.989203e-04 2.055357e-04 2.114440e-04 2.165737e-04 2.208615e-04 2.242541e-04 2.267088e-04 2.281944e-04 2.286921e-04 
1.235055e-04 1.233320e-04 1.228161e-04 1.219707e-04 1.208170e-04 1.193839e-04 1.177073e-04 1.158290e-04 1.137958e-04 1.116582e-04 1.094690e-04 1.072822e-04 1.051516e-04 1.031294e-04 1.012649e-04 9.960356e-05 9.818565e-05 9.704552e-05 9.621073e-05 9.570140e-05 9.552980e-05 9.570006e-05 9.620806e-05 9.704155e-05 9.818038e-05 9.959703e-05 1.012572e-04 1.031205e-04 1.051416e-04 1.072711e-04 1.094569e-04 1.116452e-04 1.137820e-04 1.158144e-04 1.176920e-04 1.193680e-04 1.208006e-04 1.219540e-04 1.227991e-04 1.233149e-04 1.234882e-04 
2.287039e-04 2.282067e-04 2.267213e-04 2.242668e-04 2.208741e-04 2.165861e-04 2.114562e-04 2.055475e-04 1.989316e-04 1.916872e-04 1.838989e-04 1.756551e-04 1.670470e-04 1.581671e-04 1.491073e-04 1.399575e-04 1.308046e-04 1.217312e-04 1.128141e-04 1.041238e-04 9.572343e-05 8.766832e-05 8.000544e-05 7.277322e-05 6.600146e-05 5.971145e-05 5.391632e-05 4.862152e-05 4.382544e-05 3.952027e-05 3.569292e-05 3.232606e-05 2.939920e-05 2.688992e-05 2.477499e-05 2.303154e-05 2.163813e-05 2.057573e-05 1.982861e-05 1.938500e-05 1.923763e-05 
3.341866e-04 3.333641e-04 3.309050e-04 3.268344e-04 3.211937e-04 3.140400e-04 3.054448e-04 2.954933e-04 2.842828e-04 2.719212e-04 2.585251e-04 2.442187e-04 2.291315e-04 2.133968e-04 1.971496e-04 1.805253e-04 1.636578e-04 1.466781e-04 1.297126e-04 1.128823e-04 9.630107e-05 8.007525e-05 6.430253e-05 4.907147e-05 3.446113e-05 2.054083e-05 7.370192e-06 5.000650e-06 1.653066e-05 2.718733e-05 3.694596e-05 4.578882e-05 5.370416e-05 6.068526e-05 6.672933e-05 7.183650e-05 7.600883e-05 7.924937e-05 8.156139e-05 8.294772e-05 8.341025e-05 
4.392699e-04 4.381228e-04 4.346920e-04 4.290089e-04 4.211258e-04 4.111141e-04 3.990643e-04 3.850841e-04 3.692969e-04 3.518404e-04 3.328643e-04 3.125289e-04 2.910024e-04 2.684596e-04 2.450790e-04 2.210417e-04 1.965288e-04 1.717196e-04 1.467904e-04 1.219119e-04 9.724888e-05 7.295786e-05 4.918665e-05 2.607315e-05 3.744690e-06 1.768246e-05 3.810339e-05 5.742457e-05 7.556376e-05 9.244959e-05 1.080211e-04 1.222270e-04 1.350248e-04 1.463801e-04 1.562656e-04 1.646599e-04 1.715468e-04 1.769143e-04 1.807541e-04 1.830607e-04 1.838308e-04 
5.432611e-04 5.417922e-04 5.373981e-04 5.301169e-04 5.200115e-04 5.071685e-04 4.916973e-04 4.737287e-04 4.534128e-04 4.309174e-04 4.064255e-04 3.801339e-04 3.522499e-04 3.229897e-04 2.925757e-04 2.612344e-04 2.291939e-04 1.966820e-04 1.639237e-04 1.311396e-04 9.854416e-05 6.634352e-05 3.473457e-05 3.903462e-06 2.597540e-05 5.474016e-05 8.224204e-05 1.083457e-04 1.329293e-04 1.558843e-04 1.771151e-04 1.965386e-04 2.140835e-04 2.296891e-04 2.433050e-04 2.548899e-04 2.644106e-04 2.718412e-04 2.771624e-04 2.803611e-04 2.814295e-04 
6.454637e-04 6.436779e-04 6.383354e-04 6.294809e-04 6.171882e-04 6.015592e-04 5.827228e-04 5.608327e-04 5.360660e-04 5.086208e-04 4.787138e-04 4.465780e-04 4.124599e-04 3.766170e-04 3.393152e-04 3.008262e-04 2.614244e-04 2.213853e-04 1.809824e-04 1.404848e-04 1.001558e-04 6.025007e-05 2.101228e-05 1.732451e-05 5.454031e-05 9.042923e-05 1.248003e-04 1.574782e-04 1.883031e-04 2.171313e-04 2.438346e-04 2.682997e-04 2.904282e-04 3.101352e-04 3.273489e-04 3.420092e-04 3.540675e-04 3.634851e-04 3.702328e-04 3.742904e-04 3.756458e-04 
7.451821e-04 7.430864e-04 7.368167e-04 7.264243e-04 7.119941e-04 6.936434e-04 6.715202e-04 6.458018e-04 6.166922e-04 5.844196e-04 5.492341e-04 5.114051e-04 4.712176e-04 4.289701e-04 3.849714e-04 3.395372e-04 2.929880e-04 2.456457e-04 1.978310e-04 1.498606e-04 1.020451e-04 5.468622e-05 8.075086e-06 3.751008e-05 8.180539e-05 1.245627e-04 1.655508e-04 2.045562e-04 2.413832e-04 2.758549e-04 3.078123e-04 3.371142e-04 3.636370e-04 3.872734e-04 4.079317e-04 4.255351e-04 4.400207e-04 4.513381e-04 4.594493e-04 4.643277e-04 4.659575e-04 
8.417269e-04 8.393306e-04 8.321612e-04 8.202768e-04 8.037733e-04 7.827834e-04 7.574746e-04 7.280471e-04 6.947317e-04 6.577868e-04 6.174954e-04 5.741623e-04 5.281109e-04 4.796795e-04 4.292188e-04 3.770878e-04 3.236515e-04 2.692768e-04 2.143303e-04 1.591747e-04 1.041662e-04 4.965212e-05 4.032156e-06 5.656495e-05 1.076404e-04 1.569702e-04 2.042849e-04 2.493348e-04 2.918908e-04 3.317446e-04 3.687087e-04 4.026161e-04 4.333199e-04 4.606922e-04 4.846237e-04 5.050221e-04 5.218116e-04 5.349316e-04 5.443362e-04 5.499931e-04 5.518829e-04 
9.344192e-04 9.317335e-04 9.236982e-04 9.103780e-04 8.918800e-04 8.683519e-04 8.399805e-04 8.069888e-04 7.696341e-04 7.282040e-04 6.830141e-04 6.344039e-04 5.827336e-04 5.283807e-04 4.717361e-04 4.132008e-04 3.531825e-04 2.920918e-04 2.303391e-04 1.683311e-04 1.064679e-04 4.514009e-05 1.527451e-05 7.441297e-05 1.319297e-04 1.874983e-04 2.408132e-04 2.915911e-04 3.395713e-04 3.845166e-04 4.262132e-04 4.644704e-04 4.991201e-04 5.300159e-04 5.570322e-04 5.800633e-04 5.990220e-04 6.138385e-04 6.244599e-04 6.308490e-04 6.329835e-04 
1.022596e-03 1.019634e-03 1.010773e-03 9.960833e-04 9.756836e-04 9.497363e-04 9.184471e-04 8.820614e-04 8.408620e-04 7.951655e-04 7.453186e-04 6.916945e-04 6.346891e-04 5.747172e-04 5.122086e-04 4.476042e-04 3.813525e-04 3.139056e-04 2.457157e-04 1.772313e-04 1.088941e-04 4.113558e-05 2.562628e-05 9.098966e-05 1.545715e-04 2.160099e-04 2.749655e-04 3.311236e-04 3.841944e-04 4.339141e-04 4.800448e-04 5.223742e-04 5.607151e-04 5.949046e-04 6.248029e-04 6.502920e-04 6.712748e-04 6.876738e-04 6.994299e-04 7.065016e-04 7.088642e-04 
1.105613e-03 1.102391e-03 1.092750e-03 1.076768e-03 1.054573e-03 1.026343e-03 9.923024e-04 9.527174e-04 9.078960e-04 8.581822e-04 8.039530e-04 7.456136e-04 6.835940e-04 6.183444e-04 5.503314e-04 4.800339e-04 4.079386e-04 3.345368e-04 2.603199e-04 1.857759e-04 1.113854e-04 3.761820e-05 3.507016e-05 1.062415e-04 1.754780e-04 2.423845e-04 3.065907e-04 3.677528e-04 4.255543e-04 4.797072e-04 5.299517e-04 5.760562e-04 6.178165e-04 6.550550e-04 6.876192e-04 7.153808e-04 7.382342e-04 7.560949e-04 7.688988e-04 7.766007e-04 7.791738e-04 
1.182855e-03 1.179389e-03 1.169020e-03 1.151832e-03 1.127963e-03 1.097605e-03 1.060999e-03 1.018433e-03 9.702385e-04 9.167862e-04 8.584810e-04 7.957588e-04 7.290814e-04 6.589324e-04 5.858127e-04 5.102364e-04 4.327263e-04 3.538099e-04 2.740152e-04 1.938665e-04 1.138807e-04 3.456302e-05 4.359617e-05 1.201252e-04 1.945742e-04 2.665174e-04 3.355562e-04 4.013202e-04 4.634689e-04 5.216923e-04 5.757111e-04 6.252765e-04 6.701693e-04 7.101989e-04 7.452021e-04 7.750416e-04 7.996044e-04 8.188005e-04 8.325612e-04 8.408385e-04 8.436039e-04 
1.253734e-03 1.250044e-03 1.239005e-03 1.220706e-03 1.195297e-03 1.162980e-03 1.124016e-03 1.078711e-03 1.027419e-03 9.705349e-04 9.084906e-04 8.417501e-04 7.708048e-04 6.961693e-04 6.183761e-04 5.379717e-04 4.555119e-04 3.715576e-04 2.866700e-04 2.014069e-04 1.163182e-04 3.194179e-05 5.120053e-05 1.326065e-04 2.117969e-04 2.883185e-04 3.617469e-04 4.316879e-04 4.977793e-04 5.596917e-04 6.171284e-04 6.698256e-04 7.175509e-04 7.601027e-04 7.973087e-04 8.290237e-04 8.551288e-04 8.755291e-04 8.901525e-04 8.989484e-04 9.018871e-04 
1.317700e-03 1.313808e-03 1.302162e-03 1.282858e-03 1.256054e-03 1.221967e-03 1.180870e-03 1.133089e-03 1.078999e-03 1.019016e-03 9.535977e-04 8.832334e-04 8.084417e-04 7.297649e-04 6.477644e-04 5.630160e-04 4.761052e-04 3.876228e-04 2.981602e-04 2.083054e-04 1.186377e-04 2.972435e-05 5.788444e-05 1.436590e-04 2.270939e-04 3.077116e-04 3.850643e-04 4.587370e-04 5.283483e-04 5.935517e-04 6.540355e-04 7.095226e-04 7.597697e-04 8.045656e-04 8.437302e-04 8.771121e-04 9.045872e-04 9.260569e-04 9.414461e-04 9.507025e-04 9.537949e-04 
1.374249e-03 1.370176e-03 1.357992e-03 1.337797e-03 1.309757e-03 1.274100e-03 1.231114e-03 1.181141e-03 1.124575e-03 1.061852e-03 9.934509e-04 9.198851e-04 8.416970e-04 7.594538e-04 6.737422e-04 5.851641e-04 4.943313e-04 4.018609e-04 3.083710e-04 2.144759e-04 1.207813e-04 2.787998e-05 6.365279e-05 1.532632e-04 2.404231e-04 3.246331e-04 4.054255e-04 4.823670e-04 5.550595e-04 6.231419e-04 6.862895e-04 7.442142e-04 7.966631e-04 8.434173e-04 8.842901e-04 9.191251e-04 9.477941e-04 9.701953e-04 9.862515e-04 9.959087e-04 9.991350e-04 
1.422922e-03 1.418694e-03 1.406045e-03 1.385081e-03 1.355975e-03 1.318964e-03 1.274349e-03 1.222486e-03 1.163786e-03 1.098703e-03 1.027735e-03 9.514151e-04 8.703066e-04 7.849982e-04 6.960988e-04 6.042324e-04 5.100334e-04 4.141418e-04 3.171985e-04 2.198403e-04 1.226955e-04 2.637882e-05 6.851292e-05 1.614054e-04 2.517507e-04 3.390311e-04 4.227619e-04 5.024941e-04 5.778158e-04 6.483532e-04 7.137711e-04 7.737721e-04 8.280955e-04 8.765159e-04 9.188416e-04 9.549119e-04 9.845955e-04 1.007788e-03 1.024411e-03 1.034408e-03 1.037748e-03 
1.463320e-03 1.458962e-03 1.445927e-03 1.424323e-03 1.394329e-03 1.356192e-03 1.310223e-03 1.256790e-03 1.196317e-03 1.129275e-03 1.056176e-03 9.775709e-04 8.940406e-04 8.061915e-04 7.146507e-04 6.200608e-04 5.230749e-04 4.243519e-04 3.245514e-04 2.243293e-04 1.243321e-04 2.519307e-05 7.247342e-05 1.680759e-04 2.610504e-04 3.508639e-04 4.370178e-04 5.190501e-04 5.965377e-04 6.690967e-04 7.363830e-04 7.980918e-04 8.539564e-04 9.037462e-04 9.472654e-04 9.843501e-04 1.014867e-03 1.038709e-03 1.055796e-03 1.066073e-03 1.069507e-03 
1.495104e-03 1.490645e-03 1.477305e-03 1.455196e-03 1.424503e-03 1.385478e-03 1.338441e-03 1.283772e-03 1.221903e-03 1.153318e-03 1.078543e-03 9.981408e-04 9.127063e-04 8.228603e-04 7.292441e-04 6.325151e-04 5.333410e-04 4.323955e-04 3.303530e-04 2.278841e-04 1.256500e-04 2.429822e-05 7.554298e-05 1.732688e-04 2.683025e-04 3.600993e-04 4.481495e-04 5.319813e-04 6.111626e-04 6.853017e-04 7.540479e-04 8.170907e-04 8.741585e-04 9.250170e-04 9.694674e-04 1.007343e-03 1.038509e-03 1.062858e-03 1.080308e-03 1.090802e-03 1.094308e-03 
1.518006e-03 1.513474e-03 1.499913e-03 1.477440e-03 1.446242e-03 1.406577e-03 1.358770e-03 1.303209e-03 1.240334e-03 1.170637e-03 1.094654e-03 1.012957e-03 9.261511e-04 8.348673e-04 7.397574e-04 6.414890e-04 5.407407e-04 4.381966e-04 3.345420e-04 2.304578e-04 1.266160e-04 2.367409e-05 7.772947e-05 1.769803e-04 2.734926e-04 3.667131e-04 4.561241e-04 5.412469e-04 6.216429e-04 6.969149e-04 7.667075e-04 8.307060e-04 8.886357e-04 9.402596e-04 9.853766e-04 1.023819e-03 1.055449e-03 1.080160e-03 1.097869e-03 1.108520e-03 1.112078e-03 
1.531830e-03 1.527252e-03 1.513559e-03 1.490866e-03 1.459362e-03 1.419311e-03 1.371039e-03 1.314939e-03 1.251456e-03 1.181088e-03 1.104375e-03 1.021897e-03 9.342640e-04 8.421129e-04 7.461021e-04 6.469055e-04 5.452080e-04 4.417002e-04 3.370738e-04 2.320162e-04 1.272055e-04 2.330563e-05 7.903907e-05 1.792084e-04 2.766111e-04 3.706887e-04 4.609189e-04 5.468186e-04 6.279455e-04 7.038991e-04 7.743210e-04 8.388943e-04 8.973421e-04 9.494260e-04 9.949436e-04 1.033726e-03 1.065636e-03 1.090565e-03 1.108429e-03 1.119173e-03 1.122762e-03 
1.536454e-03 1.531862e-03 1.518125e-03 1.495357e-03 1.463752e-03 1.423571e-03 1.375144e-03 1.318863e-03 1.255177e-03 1.184584e-03 1.107628e-03 1.024888e-03 9.369781e-04 8.445369e-04 7.482247e-04 6.487177e-04 5.467027e-04 4.428727e-04 3.379214e-04 2.325383e-04 1.274037e-04 2.318354e-05 7.947578e-05 1.799522e-04 2.776525e-04 3.720165e-04 4.625205e-04 5.486798e-04 6.300509e-04 7.062321e-04 7.768643e-04 8.416295e-04 9.002504e-04 9.524880e-04 9.981394e-04 1.037036e-03 1.069039e-03 1.094040e-03 1.111957e-03 1.122732e-03 1.126331e-03 
