1.271939e-03 1.267599e-03 1.254604e-03 1.233032e-03 1.203009e-03 1.164711e-03 1.118357e-03 1.064207e-03 1.002557e-03 9.337393e-04 8.581126e-04 7.760629e-04 6.879992e-04 5.943515e-04 4.955692e-04 3.921210e-04 2.844942e-04 1.731965e-04 5.875647e-05 5.827362e-05 1.773160e-04 2.977647e-04 4.189834e-04 5.403030e-04 6.610209e-04 7.804000e-04 8.976699e-04 1.012029e-03 1.122650e-03 1.228684e-03 1.329272e-03 1.423552e-03 1.510676e-03 1.589821e-03 1.660208e-03 1.721114e-03 1.771896e-03 1.812000e-03 1.840978e-03 1.858501e-03 1.864369e-03 
1.267608e-03 1.263282e-03 1.250330e-03 1.228829e-03 1.198905e-03 1.160733e-03 1.114531e-03 1.060557e-03 9.991081e-04 9.305127e-04 8.551295e-04 7.733427e-04 6.855599e-04 5.922097e-04 4.937403e-04 3.906187e-04 2.833312e-04 1.723839e-04 5.830416e-05 5.835711e-05 1.770235e-04 2.970905e-04 4.179234e-04 5.388547e-04 6.591836e-04 7.781752e-04 8.950611e-04 1.009043e-03 1.119294e-03 1.224971e-03 1.325217e-03 1.419173e-03 1.505994e-03 1.584862e-03 1.655000e-03 1.715690e-03 1.766290e-03 1.806250e-03 1.835123e-03 1.852583e-03 1.858429e-03 
1.254640e-03 1.250357e-03 1.237534e-03 1.216246e-03 1.186619e-03 1.148823e-03 1.103075e-03 1.049630e-03 9.887803e-04 9.208508e-04 8.461960e-04 7.651959e-04 6.782539e-04 5.857944e-04 4.882612e-04 3.861174e-04 2.798452e-04 1.699467e-04 5.694530e-05 5.861216e-05 1.761534e-04 2.950784e-04 4.147568e-04 5.345265e-04 6.536920e-04 7.715245e-04 8.872625e-04 1.000114e-03 1.109263e-03 1.213873e-03 1.313095e-03 1.406084e-03 1.492002e-03 1.570043e-03 1.639439e-03 1.699482e-03 1.749539e-03 1.789067e-03 1.817628e-03 1.834898e-03 1.840681e-03 
1.233115e-03 1.228904e-03 1.216294e-03 1.195360e-03 1.166223e-03 1.129052e-03 1.084057e-03 1.031488e-03 9.716318e-04 9.048065e-04 8.313597e-04 7.516645e-04 6.661171e-04 5.751349e-04 4.791550e-04 3.786334e-04 2.740455e-04 1.658869e-04 5.467430e-05 5.905233e-05 1.747277e-04 2.917590e-04 4.095237e-04 5.273683e-04 6.446063e-04 7.605192e-04 8.743566e-04 9.853393e-04 1.092664e-03 1.195508e-03 1.293040e-03 1.384429e-03 1.468857e-03 1.545531e-03 1.613702e-03 1.672678e-03 1.721839e-03 1.760657e-03 1.788701e-03 1.805659e-03 1.811337e-03 
1.203165e-03 1.199052e-03 1.186738e-03 1.166295e-03 1.137839e-03 1.101535e-03 1.057586e-03 1.006234e-03 9.477583e-04 8.824672e-04 8.106990e-04 7.328174e-04 6.492086e-04 5.602803e-04 4.664598e-04 3.681937e-04 2.659478e-04 1.602082e-04 5.148219e-05 5.969973e-05 1.727822e-04 2.871827e-04 4.022900e-04 5.174620e-04 6.320256e-04 7.452761e-04 8.564790e-04 9.648721e-04 1.069670e-03 1.170072e-03 1.265267e-03 1.354446e-03 1.436813e-03 1.511601e-03 1.578082e-03 1.635586e-03 1.683513e-03 1.721350e-03 1.748684e-03 1.765211e-03 1.770745e-03 
1.164968e-03 1.160981e-03 1.149043e-03 1.129223e-03 1.101635e-03 1.066433e-03 1.023814e-03 9.740110e-04 9.172913e-04 8.539530e-04 7.843222e-04 7.087500e-04 6.276103e-04 5.412984e-04 4.502289e-04 3.548362e-04 2.555739e-04 1.529158e-04 4.735715e-05 6.058427e-05 1.703659e-04 2.814186e-04 3.931454e-04 5.049198e-04 6.160852e-04 7.259552e-04 8.338152e-04 9.389249e-04 1.040523e-03 1.137832e-03 1.230070e-03 1.316455e-03 1.396221e-03 1.468628e-03 1.532977e-03 1.588625e-03 1.634996e-03 1.671600e-03 1.698039e-03 1.714024e-03 1.719376e-03 
1.118748e-03 1.114912e-03 1.103428e-03 1.084361e-03 1.057817e-03 1.023945e-03 9.829308e-04 9.349964e-04 8.803965e-04 8.194157e-04 7.523656e-04 6.795827e-04 6.014259e-04 5.182751e-04 4.305298e-04 3.386094e-04 2.429525e-04 1.440178e-04 4.228523e-05 6.174268e-05 1.675393e-04 2.745523e-04 3.822023e-04 4.898816e-04 5.969543e-04 7.027562e-04 8.065968e-04 9.077620e-04 1.005519e-03 1.099121e-03 1.187816e-03 1.270858e-03 1.347513e-03 1.417076e-03 1.478880e-03 1.532314e-03 1.576830e-03 1.611963e-03 1.637337e-03 1.652676e-03 1.657812e-03 
1.064770e-03 1.061111e-03 1.050155e-03 1.031962e-03 1.006634e-03 9.743085e-04 9.351618e-04 8.894026e-04 8.372709e-04 7.790358e-04 7.149925e-04 6.454600e-04 5.707799e-04 4.913141e-04 4.074446e-04 3.195727e-04 2.281191e-04 1.335247e-04 3.625127e-05 6.321721e-05 1.643732e-04 2.666844e-04 3.695925e-04 4.725123e-04 5.748322e-04 6.759141e-04 7.750959e-04 8.716940e-04 9.650082e-04 1.054327e-03 1.138935e-03 1.218122e-03 1.291195e-03 1.357485e-03 1.416364e-03 1.467255e-03 1.509643e-03 1.543090e-03 1.567242e-03 1.581841e-03 1.586728e-03 
1.003337e-03 9.998780e-04 9.895191e-04 9.723172e-04 9.483659e-04 9.177942e-04 8.807648e-04 8.374722e-04 7.881405e-04 7.330211e-04 6.723905e-04 6.065485e-04 5.358164e-04 4.605362e-04 3.810690e-04 2.977958e-04 2.111164e-04 1.214510e-04 2.923997e-05 6.505427e-05 1.609466e-04 2.579280e-04 3.554648e-04 4.529981e-04 5.499440e-04 6.456948e-04 7.396203e-04 8.310718e-04 9.193856e-04 1.003889e-03 1.083908e-03 1.158773e-03 1.227833e-03 1.290462e-03 1.346072e-03 1.394123e-03 1.434135e-03 1.465701e-03 1.488492e-03 1.502266e-03 1.506877e-03 
9.347817e-04 9.315441e-04 9.218489e-04 9.057478e-04 8.833263e-04 8.547026e-04 8.200262e-04 7.794758e-04 7.332577e-04 6.816040e-04 6.247706e-04 5.630357e-04 4.966985e-04 4.260780e-04 3.515125e-04 2.733593e-04 1.919949e-04 1.078154e-04 2.123705e-05 6.730275e-05 1.573446e-04 2.484062e-04 3.399820e-04 4.315430e-04 5.225369e-04 6.123896e-04 7.005073e-04 7.862793e-04 8.690823e-04 9.482861e-04 1.023260e-03 1.093381e-03 1.158043e-03 1.216663e-03 1.268696e-03 1.313644e-03 1.351064e-03 1.380578e-03 1.401884e-03 1.414759e-03 1.419069e-03 
8.594652e-04 8.564701e-04 8.475003e-04 8.326025e-04 8.118538e-04 7.853608e-04 7.532584e-04 7.157086e-04 6.728985e-04 6.250394e-04 5.723646e-04 5.151288e-04 4.536067e-04 3.880921e-04 3.188977e-04 2.463547e-04 1.708132e-04 9.264217e-05 1.223058e-05 7.001235e-05 1.536563e-04 2.382493e-04 3.233174e-04 4.083650e-04 4.928749e-04 5.763105e-04 6.581173e-04 7.377262e-04 8.145579e-04 8.880275e-04 9.575513e-04 1.022554e-03 1.082475e-03 1.136781e-03 1.184971e-03 1.226587e-03 1.261224e-03 1.288539e-03 1.308253e-03 1.320166e-03 1.324153e-03 
7.777734e-04 7.750399e-04 7.668530e-04 7.532541e-04 7.343113e-04 7.101189e-04 6.807967e-04 6.464884e-04 6.073610e-04 5.636032e-04 5.154243e-04 4.630534e-04 4.067385e-04 3.467462e-04 2.833607e-04 2.168846e-04 1.476386e-04 7.596178e-05 2.212385e-06 7.323177e-05 1.499728e-04 2.275924e-04 3.056519e-04 3.836921e-04 4.612348e-04 5.377840e-04 6.128277e-04 6.858416e-04 7.562927e-04 8.236443e-04 8.873617e-04 9.469186e-04 1.001805e-03 1.051534e-03 1.095650e-03 1.133740e-03 1.165435e-03 1.190425e-03 1.208459e-03 1.219356e-03 1.223003e-03 
6.901129e-04 6.876587e-04 6.803081e-04 6.680964e-04 6.510826e-04 6.293482e-04 6.029968e-04 5.721532e-04 5.369629e-04 4.975905e-04 4.542198e-04 4.070525e-04 3.563080e-04 3.022229e-04 2.450510e-04 1.850633e-04 1.225483e-04 5.781216e-05 8.820597e-06 7.700688e-05 1.463846e-04 2.165724e-04 2.871700e-04 3.577586e-04 4.279016e-04 4.971465e-04 5.650271e-04 6.310663e-04 6.947798e-04 7.556809e-04 8.132856e-04 8.671185e-04 9.167193e-04 9.616501e-04 1.001502e-03 1.035903e-03 1.064525e-03 1.087088e-03 1.103369e-03 1.113205e-03 1.116497e-03 
5.969090e-04 5.947505e-04 5.882850e-04 5.775419e-04 5.625705e-04 5.434387e-04 5.202335e-04 4.930599e-04 4.620403e-04 4.273146e-04 3.890391e-04 3.473863e-04 3.025449e-04 2.547198e-04 2.041314e-04 1.510169e-04 9.562955e-05 3.823977e-05 2.086481e-05 8.137893e-05 1.429794e-04 2.053253e-04 2.680578e-04 3.308012e-04 3.931638e-04 4.547394e-04 5.151098e-04 5.738472e-04 6.305181e-04 6.846871e-04 7.359220e-04 7.837989e-04 8.279081e-04 8.678603e-04 9.032927e-04 9.338755e-04 9.593176e-04 9.793724e-04 9.938428e-04 1.002585e-03 1.005511e-03 
4.986043e-04 4.967565e-04 4.912208e-04 4.820207e-04 4.691951e-04 4.527983e-04 4.328995e-04 4.095830e-04 3.829476e-04 3.531065e-04 3.201871e-04 2.843314e-04 2.456953e-04 2.044494e-04 1.607789e-04 1.148842e-04 6.698090e-05 1.730065e-05 3.390870e-05 8.638277e-05 1.398404e-04 1.939838e-04 2.484989e-04 3.030558e-04 3.573100e-04 4.109043e-04 4.634703e-04 5.146314e-04 5.640060e-04 6.112111e-04 6.558669e-04 6.976012e-04 7.360546e-04 7.708861e-04 8.017782e-04 8.284426e-04 8.506250e-04 8.681104e-04 8.807268e-04 8.883486e-04 8.908996e-04 
3.956582e-04 3.941346e-04 3.895694e-04 3.819798e-04 3.713941e-04 3.578521e-04 3.414049e-04 3.221150e-04 3.000563e-04 2.753143e-04 2.479863e-04 2.181813e-04 1.860210e-04 1.516397e-04 1.151847e-04 7.681732e-05 3.671292e-05 4.938391e-06 4.793135e-05 9.204526e-05 1.370438e-04 1.826752e-04 2.286724e-04 2.747540e-04 3.206252e-04 3.659791e-04 4.104992e-04 4.538610e-04 4.957359e-04 5.357938e-04 5.737072e-04 6.091554e-04 6.418288e-04 6.714337e-04 6.976970e-04 7.203708e-04 7.392364e-04 7.541092e-04 7.648414e-04 7.713254e-04 7.734956e-04 
2.885470e-04 2.873599e-04 2.838019e-04 2.778835e-04 2.696222e-04 2.590427e-04 2.461773e-04 2.310657e-04 2.137559e-04 1.943042e-04 1.727762e-04 1.492466e-04 1.238007e-04 9.653431e-05 6.755496e-05 3.698236e-05 4.949075e-06 2.839881e-05 6.290121e-05 9.838371e-05 1.346574e-04 1.715187e-04 2.087503e-04 2.461210e-04 2.833873e-04 3.202947e-04 3.565790e-04 3.919693e-04 4.261900e-04 4.589638e-04 4.900155e-04 5.190750e-04 5.458817e-04 5.701881e-04 5.917641e-04 6.104006e-04 6.259135e-04 6.381472e-04 6.469772e-04 6.523127e-04 6.540987e-04 
1.777653e-04 1.769255e-04 1.744073e-04 1.702144e-04 1.643528e-04 1.568316e-04 1.476633e-04 1.368640e-04 1.244544e-04 1.104607e-04 9.491478e-05 7.785562e-05 5.933001e-05 3.939357e-05 1.811162e-05 4.439857e-06 2.817339e-05 5.298929e-05 7.877497e-05 1.054046e-04 1.327387e-04 1.606244e-04 1.888953e-04 2.173725e-04 2.458651e-04 2.741715e-04 3.020814e-04 3.293771e-04 3.558361e-04 3.812338e-04 4.053462e-04 4.279532e-04 4.488417e-04 4.678091e-04 4.846666e-04 4.992429e-04 5.113866e-04 5.209698e-04 5.278903e-04 5.320734e-04 5.334739e-04 
6.382733e-05 6.334457e-05 6.189505e-05 5.947517e-05 5.607926e-05 5.170003e-05 4.632921e-05 3.995836e-05 3.257980e-05 2.418766e-05 1.477903e-05 4.355139e-06 7.077354e-06 1.950516e-05 3.290712e-05 4.725307e-05 6.250276e-05 7.860495e-05 9.549661e-05 1.131024e-04 1.313341e-04 1.500910e-04 1.692593e-04 1.887132e-04 2.083153e-04 2.279180e-04 2.473643e-04 2.664899e-04 2.851253e-04 3.030974e-04 3.202328e-04 3.363598e-04 3.513114e-04 3.649285e-04 3.770620e-04 3.875765e-04 3.963522e-04 4.032874e-04 4.083010e-04 4.113335e-04 4.123491e-04 
5.273002e-05 5.284745e-05 5.320351e-05 5.380929e-05 5.468288e-05 5.584869e-05 5.733660e-05 5.918091e-05 6.141906e-05 6.409026e-05 6.723400e-05 7.088850e-05 7.508907e-05 7.986662e-05 8.524608e-05 9.124498e-05 9.787217e-05 1.051266e-04 1.129966e-04 1.214586e-04 1.304774e-04 1.400050e-04 1.499816e-04 1.603351e-04 1.709819e-04 1.818281e-04 1.927702e-04 2.036968e-04 2.144901e-04 2.250281e-04 2.351862e-04 2.448399e-04 2.538668e-04 2.621493e-04 2.695768e-04 2.760479e-04 2.814727e-04 2.857748e-04 2.888929e-04 2.907822e-04 2.914153e-04 
1.713449e-04 1.710900e-04 1.703318e-04 1.690893e-04 1.673935e-04 1.652869e-04 1.628220e-04 1.600603e-04 1.570704e-04 1.539263e-04 1.507059e-04 1.474886e-04 1.443533e-04 1.413771e-04 1.386326e-04 1.361868e-04 1.340992e-04 1.324205e-04 1.311913e-04 1.304414e-04 1.301890e-04 1.304401e-04 1.311886e-04 1.324165e-04 1.340939e-04 1.361803e-04 1.386249e-04 1.413682e-04 1.443433e-04 1.474775e-04 1.506938e-04 1.539133e-04 1.570565e-04 1.600457e-04 1.628067e-04 1.652710e-04 1.673771e-04 1.690725e-04 1.703148e-04 1.710728e-04 1.713276e-04 
2.914272e-04 2.907945e-04 2.889055e-04 2.857875e-04 2.814853e-04 2.760604e-04 2.695890e-04 2.621611e-04 2.538781e-04 2.448505e-04 2.351961e-04 2.250372e-04 2.144983e-04 2.037040e-04 1.927763e-04 1.818331e-04 1.709857e-04 1.603376e-04 1.499829e-04 1.400050e-04 1.304760e-04 1.214559e-04 1.129925e-04 1.051212e-04 9.786535e-05 9.123681e-05 8.523659e-05 7.985583e-05 7.507701e-05 7.087521e-05 6.721954e-05 6.407467e-05 6.140239e-05 5.916323e-05 5.731798e-05 5.582918e-05 5.466256e-05 5.378823e-05 5.318178e-05 5.282513e-05 5.270718e-05 
4.123559e-04 4.113412e-04 4.083093e-04 4.032962e-04 3.963613e-04 3.875858e-04 3.770713e-04 3.649376e-04 3.513203e-04 3.363682e-04 3.202407e-04 3.031046e-04 2.851317e-04 2.664955e-04 2.473689e-04 2.279215e-04 2.083177e-04 1.887143e-04 1.692592e-04 1.500896e-04 1.313314e-04 1.130982e-04 9.549105e-05 7.859796e-05 6.249433e-05 4.724319e-05 3.289579e-05 1.949239e-05 7.063166e-06 4.370727e-06 1.479599e-05 2.420597e-05 3.259942e-05 3.997925e-05 4.635133e-05 5.172334e-05 5.610372e-05 5.950073e-05 6.192167e-05 6.337222e-05 6.385596e-05 
5.334758e-04 5.320767e-04 5.278947e-04 5.209751e-04 5.113925e-04 4.992492e-04 4.846733e-04 4.678158e-04 4.488483e-04 4.279596e-04 4.053522e-04 3.812392e-04 3.558409e-04 3.293811e-04 3.020846e-04 2.741737e-04 2.458661e-04 2.173724e-04 1.888939e-04 1.606217e-04 1.327346e-04 1.053990e-04 7.876795e-05 5.298074e-05 2.816330e-05 4.428198e-06 1.812486e-05 3.940840e-05 5.934643e-05 7.787362e-05 9.493437e-05 1.104819e-04 1.244772e-04 1.368882e-04 1.476890e-04 1.568589e-04 1.643815e-04 1.702446e-04 1.744390e-04 1.769586e-04 1.777998e-04 
6.540961e-04 6.523119e-04 6.469779e-04 6.381492e-04 6.259165e-04 6.104043e-04 5.917683e-04 5.701927e-04 5.458864e-04 5.190796e-04 4.900199e-04 4.589678e-04 4.261934e-04 3.919720e-04 3.565809e-04 3.202956e-04 2.833872e-04 2.461197e-04 2.087477e-04 1.715148e-04 1.346519e-04 9.837677e-05 6.289270e-05 2.838868e-05 4.960867e-06 3.699585e-05 6.757019e-05 9.655128e-05 1.238194e-04 1.492672e-04 1.727985e-04 1.943284e-04 2.137818e-04 2.310934e-04 2.462068e-04 2.590741e-04 2.696554e-04 2.779185e-04 2.838388e-04 2.873986e-04 2.885877e-04 
7.734889e-04 7.713209e-04 7.648388e-04 7.541082e-04 7.392367e-04 7.203721e-04 6.976991e-04 6.714363e-04 6.418317e-04 6.091584e-04 5.737101e-04 5.357965e-04 4.957381e-04 4.538625e-04 4.104999e-04 3.659789e-04 3.206239e-04 2.747515e-04 2.286686e-04 1.826700e-04 1.370371e-04 9.203693e-05 4.792136e-05 4.926660e-06 3.672644e-05 7.683269e-05 1.152020e-04 1.516589e-04 1.860422e-04 2.182045e-04 2.480114e-04 2.753415e-04 3.000856e-04 3.221463e-04 3.414383e-04 3.578877e-04 3.714318e-04 3.820197e-04 3.896116e-04 3.941791e-04 3.957050e-04 
8.908892e-04 8.883408e-04 8.807212e-04 8.681068e-04 8.506230e-04 8.284418e-04 8.017785e-04 7.708871e-04 7.360561e-04 6.976029e-04 6.558686e-04 6.112126e-04 5.640071e-04 5.146319e-04 4.634700e-04 4.109031e-04 3.573077e-04 3.030522e-04 2.484940e-04 1.939774e-04 1.398324e-04 8.637308e-05 3.389723e-05 1.731400e-05 6.699619e-05 1.149015e-04 1.607983e-04 2.044709e-04 2.457189e-04 2.843572e-04 3.202152e-04 3.531369e-04 3.829803e-04 4.096181e-04 4.329370e-04 4.528382e-04 4.692376e-04 4.820657e-04 4.912684e-04 4.968068e-04 4.986574e-04 
1.005497e-03 1.002574e-03 9.938347e-04 9.793666e-04 9.593136e-04 9.338730e-04 9.032915e-04 8.678600e-04 8.279084e-04 7.837995e-04 7.359227e-04 6.846877e-04 6.305183e-04 5.738469e-04 5.151087e-04 4.547373e-04 3.931606e-04 3.307967e-04 2.680519e-04 2.053178e-04 1.429702e-04 8.136790e-05 2.085187e-05 3.825473e-05 9.564661e-05 1.510361e-04 2.041530e-04 2.547436e-04 3.025712e-04 3.474149e-04 3.890702e-04 4.273483e-04 4.620766e-04 4.930988e-04 5.202752e-04 5.434831e-04 5.626177e-04 5.775920e-04 5.883380e-04 5.948066e-04 5.969683e-04 
1.116481e-03 1.113192e-03 1.103359e-03 1.087080e-03 1.064519e-03 1.035899e-03 1.001500e-03 9.616487e-04 9.167187e-04 8.671183e-04 8.132856e-04 7.556809e-04 6.947794e-04 6.310653e-04 5.650253e-04 4.971437e-04 4.278976e-04 3.577533e-04 2.871632e-04 2.165639e-04 1.463742e-04 7.699456e-05 8.806203e-06 5.782874e-05 1.225671e-04 1.850845e-04 2.450747e-04 3.022491e-04 3.563368e-04 4.070840e-04 4.542540e-04 4.976275e-04 5.370028e-04 5.721961e-04 6.030426e-04 6.293971e-04 6.511347e-04 6.681517e-04 6.803666e-04 6.877207e-04 6.901785e-04 
1.222984e-03 1.219341e-03 1.208447e-03 1.190416e-03 1.165428e-03 1.133735e-03 1.095647e-03 1.051532e-03 1.001804e-03 9.469180e-04 8.873613e-04 8.236438e-04 7.562919e-04 6.858401e-04 6.128254e-04 5.377807e-04 4.612303e-04 3.836861e-04 3.056442e-04 2.275829e-04 1.499613e-04 7.321820e-05 2.228204e-06 7.597996e-05 1.476593e-04 2.169079e-04 2.833866e-04 3.467748e-04 4.067701e-04 4.630878e-04 5.154617e-04 5.636437e-04 6.074046e-04 6.465352e-04 6.808468e-04 7.101724e-04 7.343682e-04 7.533146e-04 7.669172e-04 7.751078e-04 7.778453e-04 
1.324133e-03 1.320149e-03 1.308240e-03 1.288529e-03 1.261217e-03 1.226581e-03 1.184967e-03 1.136779e-03 1.082474e-03 1.022553e-03 9.575508e-04 8.880269e-04 8.145569e-04 7.377246e-04 6.581147e-04 5.763068e-04 4.928699e-04 4.083583e-04 3.233091e-04 2.382390e-04 1.536438e-04 6.999757e-05 1.224780e-05 9.266195e-05 1.708356e-04 2.463800e-04 3.189258e-04 3.881232e-04 4.536409e-04 5.151662e-04 5.724052e-04 6.250833e-04 6.729459e-04 7.157595e-04 7.533129e-04 7.854189e-04 8.119156e-04 8.326682e-04 8.475700e-04 8.565439e-04 8.595433e-04 
1.419047e-03 1.414741e-03 1.401870e-03 1.380568e-03 1.351056e-03 1.313639e-03 1.268693e-03 1.216661e-03 1.158041e-03 1.093381e-03 1.023260e-03 9.482856e-04 8.690814e-04 7.862776e-04 7.005047e-04 6.123858e-04 5.225315e-04 4.315359e-04 3.399730e-04 2.483950e-04 1.573311e-04 6.728681e-05 2.125562e-05 1.078368e-04 1.920192e-04 2.733866e-04 3.515429e-04 4.261117e-04 4.967355e-04 5.630762e-04 6.248145e-04 6.816515e-04 7.333089e-04 7.795308e-04 8.200850e-04 8.547654e-04 8.833931e-04 9.058187e-04 9.219242e-04 9.316239e-04 9.348660e-04 
1.506855e-03 1.502248e-03 1.488478e-03 1.465691e-03 1.434128e-03 1.394118e-03 1.346069e-03 1.290460e-03 1.227832e-03 1.158773e-03 1.083908e-03 1.003889e-03 9.193850e-04 8.310705e-04 7.396179e-04 6.456909e-04 5.499386e-04 4.529907e-04 3.554553e-04 2.579162e-04 1.609323e-04 6.503724e-05 2.925987e-05 1.214739e-04 2.111425e-04 2.978252e-04 3.811018e-04 4.605724e-04 5.358563e-04 6.065921e-04 6.724379e-04 7.330723e-04 7.881957e-04 8.375314e-04 8.808281e-04 9.178617e-04 9.484378e-04 9.723935e-04 9.895999e-04 9.999636e-04 1.003428e-03 
1.586706e-03 1.581823e-03 1.567228e-03 1.543080e-03 1.509636e-03 1.467251e-03 1.416362e-03 1.357484e-03 1.291195e-03 1.218123e-03 1.138936e-03 1.054327e-03 9.650082e-04 8.716932e-04 7.750938e-04 6.759105e-04 5.748268e-04 4.725048e-04 3.695827e-04 2.666721e-04 1.643581e-04 6.319915e-05 3.627245e-05 1.335492e-04 2.281470e-04 3.196041e-04 4.074797e-04 4.913530e-04 5.708227e-04 6.455068e-04 7.150433e-04 7.790907e-04 8.373300e-04 8.894660e-04 9.352296e-04 9.743807e-04 1.006710e-03 1.032044e-03 1.050241e-03 1.061203e-03 1.064867e-03 
1.657790e-03 1.652659e-03 1.637325e-03 1.611955e-03 1.576825e-03 1.532310e-03 1.478879e-03 1.417076e-03 1.347515e-03 1.270860e-03 1.187819e-03 1.099123e-03 1.005520e-03 9.077620e-04 8.065954e-04 7.027531e-04 5.969492e-04 4.898742e-04 3.821923e-04 2.745395e-04 1.675235e-04 6.172365e-05 4.230765e-05 1.440438e-04 2.429822e-04 3.386430e-04 4.305673e-04 5.183166e-04 6.014717e-04 6.796327e-04 7.524199e-04 8.194744e-04 8.804597e-04 9.350642e-04 9.830031e-04 1.024022e-03 1.057899e-03 1.084448e-03 1.103520e-03 1.115010e-03 1.118850e-03 
1.719355e-03 1.714009e-03 1.698029e-03 1.671593e-03 1.634992e-03 1.588624e-03 1.532978e-03 1.468631e-03 1.396225e-03 1.316459e-03 1.230074e-03 1.137836e-03 1.040525e-03 9.389260e-04 8.338147e-04 7.259528e-04 6.160805e-04 5.049126e-04 3.931354e-04 2.814055e-04 1.703495e-04 6.056436e-05 4.738076e-05 1.529433e-04 2.556054e-04 3.548718e-04 4.502688e-04 5.413426e-04 6.276591e-04 7.088032e-04 7.843801e-04 8.540156e-04 9.173587e-04 9.740832e-04 1.023891e-03 1.066515e-03 1.101722e-03 1.129316e-03 1.149141e-03 1.161084e-03 1.165076e-03 
1.770726e-03 1.765198e-03 1.748676e-03 1.721345e-03 1.683511e-03 1.635587e-03 1.578085e-03 1.511606e-03 1.436819e-03 1.354451e-03 1.265272e-03 1.170077e-03 1.069674e-03 9.648746e-04 8.564797e-04 7.452746e-04 6.320216e-04 5.174552e-04 4.022800e-04 2.871694e-04 1.727653e-04 5.967899e-05 5.150695e-05 1.602371e-04 2.659811e-04 3.682314e-04 4.665022e-04 5.603274e-04 6.492604e-04 7.328740e-04 8.107606e-04 8.825337e-04 9.478298e-04 1.006311e-03 1.057668e-03 1.101622e-03 1.137932e-03 1.166392e-03 1.186841e-03 1.199161e-03 1.203280e-03 
1.811321e-03 1.805649e-03 1.788696e-03 1.760655e-03 1.721841e-03 1.672682e-03 1.613708e-03 1.545538e-03 1.468865e-03 1.384438e-03 1.293048e-03 1.195515e-03 1.092670e-03 9.853436e-04 8.743587e-04 7.605189e-04 6.446033e-04 5.273620e-04 4.095141e-04 2.917456e-04 1.747104e-04 5.903085e-05 5.470015e-05 1.659173e-04 2.740806e-04 3.786733e-04 4.791998e-04 5.751848e-04 6.661721e-04 7.517246e-04 8.314250e-04 9.048771e-04 9.717077e-04 1.031569e-03 1.084143e-03 1.129144e-03 1.166321e-03 1.195463e-03 1.216403e-03 1.229018e-03 1.233236e-03 
1.840668e-03 1.834891e-03 1.817626e-03 1.789069e-03 1.749544e-03 1.699490e-03 1.639448e-03 1.570054e-03 1.492014e-03 1.406095e-03 1.313106e-03 1.213883e-03 1.109272e-03 1.000121e-03 8.872665e-04 7.715257e-04 6.536901e-04 5.345211e-04 4.147476e-04 2.950651e-04 1.761358e-04 5.859001e-05 5.697220e-05 1.699785e-04 2.798821e-04 3.861595e-04 4.883086e-04 5.858471e-04 6.783121e-04 7.652596e-04 8.462652e-04 9.209256e-04 9.888606e-04 1.049716e-03 1.103167e-03 1.148921e-03 1.186722e-03 1.216355e-03 1.237648e-03 1.250478e-03 1.254767e-03 
1.858421e-03 1.852580e-03 1.835125e-03 1.806256e-03 1.766300e-03 1.715703e-03 1.655014e-03 1.584877e-03 1.506010e-03 1.419188e-03 1.325231e-03 1.224984e-03 1.119306e-03 1.009052e-03 8.950673e-04 7.781782e-04 6.591831e-04 5.388503e-04 4.179148e-04 2.970775e-04 1.770057e-04 5.833438e-05 5.833206e-05 1.724171e-04 2.833699e-04 3.906630e-04 4.937903e-04 5.922655e-04 6.856214e-04 7.734100e-04 8.552027e-04 9.305918e-04 9.991930e-04 1.060648e-03 1.114628e-03 1.160836e-03 1.199014e-03 1.228943e-03 1.250450e-03 1.263408e-03 1.267740e-03 
1.864366e-03 1.858504e-03 1.840986e-03 1.812012e-03 1.771911e-03 1.721131e-03 1.660226e-03 1.589840e-03 1.510695e-03 1.423571e-03 1.329290e-03 1.228701e-03 1.122664e-03 1.012041e-03 8.976785e-04 7.804051e-04 6.610221e-04 5.402999e-04 4.189756e-04 2.977521e-04 1.772982e-04 5.825038e-05 5.878533e-05 1.732311e-04 2.845348e-04 3.921675e-04 4.956219e-04 5.944103e-04 6.880642e-04 7.761341e-04 8.581900e-04 9.338228e-04 1.002647e-03 1.064302e-03 1.118459e-03 1.164819e-03 1.203123e-03 1.233152e-03 1.254730e-03 1.267731e-03 1.272078e-03 
